H2_line: 7-2 S(7)
Ehi: 0.0
Vhi: 7.0
Jhi: 9.0
Elo: 0.0
Vlo: 2.0
Jlo: 7.0
wl_mic: 0.6029572
wl_lab: 6029.57A
log_L_or_I: 32.839
I_Inorm: 2.379e-05
Excit_hi_K: 39618.089
g_u_h_nu_Aul: 2.24e-17
wl_obs: 6029.57
I_obs: 0.03
Notes: null
Obs_Cloudy: 12.61034048
d_wav: -0.002
H2_index: 173
