H2_line: 4-0 S(12)
Ehi: 0.0
Vhi: 4.0
Jhi: 14.0
Elo: 0.0
Vlo: 0.0
Jlo: 12.0
wl_mic: 0.6434035
wl_lab: 6434.04A
log_L_or_I: 32.401
I_Inorm: 8.668e-06
Excit_hi_K: 34295.626
g_u_h_nu_Aul: 3.488e-18
wl_obs: 6434.16
I_obs: 0.047
Notes: blend 4-0 S(0)
Obs_Cloudy: 54.22242732
d_wav: 0.125
H2_index: 238
