H2_line: 8-3 S(3)
Ehi: 0.0
Vhi: 8.0
Jhi: 5.0
Elo: 0.0
Vlo: 3.0
Jlo: 3.0
wl_mic: 0.6450834
wl_lab: 6450.83A
log_L_or_I: 33.139
I_Inorm: 4.742e-05
Excit_hi_K: 40115.502
g_u_h_nu_Aul: 1.139e-17
wl_obs: 6451.2
I_obs: 0.02
Notes: null
Obs_Cloudy: 4.217629692
d_wav: 0.366
H2_index: 243
