H2_line: 8-3 S(5)
Ehi: 0.0
Vhi: 8.0
Jhi: 7.0
Elo: 0.0
Vlo: 3.0
Jlo: 5.0
wl_mic: 0.6459071
wl_lab: 6459.07A
log_L_or_I: 33.047
I_Inorm: 3.841e-05
Excit_hi_K: 41354.898
g_u_h_nu_Aul: 2.435e-17
wl_obs: 6459.25
I_obs: 0.05
Notes: null
Obs_Cloudy: 13.01744337
d_wav: 0.179
H2_index: 244
