H2_line: 8-3 S(6)
Ehi: 0.0
Vhi: 8.0
Jhi: 8.0
Elo: 0.0
Vlo: 3.0
Jlo: 6.0
wl_mic: 0.6486298
wl_lab: 6486.30A
log_L_or_I: 32.646
I_Inorm: 1.527e-05
Excit_hi_K: 42087.056
g_u_h_nu_Aul: 1.067e-17
wl_obs: 6486.27
I_obs: 0.025
Notes: null
Obs_Cloudy: 16.37197119
d_wav: -0.028
H2_index: 248
