H2_line: 8-3 S(7)
Ehi: 0.0
Vhi: 8.0
Jhi: 9.0
Elo: 0.0
Vlo: 3.0
Jlo: 7.0
wl_mic: 0.652962
wl_lab: 6529.62A
log_L_or_I: 32.937
I_Inorm: 2.979e-05
Excit_hi_K: 42884.241
g_u_h_nu_Aul: 3.981e-17
wl_obs: 6529.28
I_obs: 0.062
Notes: null
Obs_Cloudy: 20.81235314
d_wav: -0.34
H2_index: 254
