H2_line: 4-0 Q(3)
Ehi: 0.0
Vhi: 4.0
Jhi: 3.0
Elo: 0.0
Vlo: 0.0
Jlo: 3.0
wl_mic: 0.6615094
wl_lab: 6615.09A
log_L_or_I: 32.333
I_Inorm: 7.425e-06
Excit_hi_K: 22758.987
g_u_h_nu_Aul: 1.507e-19
wl_obs: 6615.0
I_obs: 0.01
Notes: null
Obs_Cloudy: 13.46801347
d_wav: -0.094
H2_index: 265
