H2_line: 5-1 S(4)
Ehi: 0.0
Vhi: 5.0
Jhi: 6.0
Elo: 0.0
Vlo: 1.0
Jlo: 4.0
wl_mic: 0.6645578
wl_lab: 6645.58A
log_L_or_I: 33.068
I_Inorm: 4.027e-05
Excit_hi_K: 29228.502
g_u_h_nu_Aul: 3.032e-18
wl_obs: 6645.64
I_obs: 0.044
Notes: null
Obs_Cloudy: 10.92624783
d_wav: 0.062
H2_index: 270
