H2_line: 8-3 Q(1)
Ehi: 0.0
Vhi: 8.0
Jhi: 1.0
Elo: 0.0
Vlo: 3.0
Jlo: 1.0
wl_mic: 0.6656116
wl_lab: 6656.12A
log_L_or_I: 32.613
I_Inorm: 1.414e-05
Excit_hi_K: 38707.583
g_u_h_nu_Aul: 6.853e-19
wl_obs: 6655.89
I_obs: 0.037
Notes: null
Obs_Cloudy: 26.1669024
d_wav: -0.226
H2_index: 272
