H2_line: 5-1 Q(2)
Ehi: 0.0
Vhi: 5.0
Jhi: 2.0
Elo: 0.0
Vlo: 1.0
Jlo: 2.0
wl_mic: 0.7009458
wl_lab: 7009.46A
log_L_or_I: 32.758
I_Inorm: 1.974e-05
Excit_hi_K: 26991.949
g_u_h_nu_Aul: 1.641e-19
wl_obs: 7010.02
I_obs: 0.067
Notes: blend 9-4 S(3)
Obs_Cloudy: 33.94123607
d_wav: 0.562
H2_index: 330
