H2_line: 9-4 S(4)
Ehi: 0.0
Vhi: 9.0
Jhi: 6.0
Elo: 0.0
Vlo: 4.0
Jlo: 4.0
wl_mic: 0.701536
wl_lab: 7015.36A
log_L_or_I: 32.927
I_Inorm: 2.909e-05
Excit_hi_K: 43798.108
g_u_h_nu_Aul: 9.057e-18
wl_obs: 7015.77
I_obs: 0.025
Notes: null
Obs_Cloudy: 8.594018563
d_wav: 0.41
H2_index: 333
