H2_line: 9-4 S(2)
Ehi: 0.0
Vhi: 9.0
Jhi: 4.0
Elo: 0.0
Vlo: 4.0
Jlo: 2.0
wl_mic: 0.7025136
wl_lab: 7025.14A
log_L_or_I: 33.033
I_Inorm: 3.718e-05
Excit_hi_K: 42827.236
g_u_h_nu_Aul: 3.704e-18
wl_obs: 7025.54
I_obs: 0.038
Notes: null
Obs_Cloudy: 10.22054868
d_wav: 0.404
H2_index: 336
