H2_line: 9-4 S(5)
Ehi: 0.0
Vhi: 9.0
Jhi: 7.0
Elo: 0.0
Vlo: 4.0
Jlo: 5.0
wl_mic: 0.7038033
wl_lab: 7038.03A
log_L_or_I: 33.093
I_Inorm: 4.273e-05
Excit_hi_K: 44392.118
g_u_h_nu_Aul: 3.724e-17
wl_obs: 7037.83
I_obs: 0.048
Notes: null
Obs_Cloudy: 11.23332553
d_wav: -0.203
H2_index: 339
