H2_line: 5-1 Q(3)
Ehi: 0.0
Vhi: 5.0
Jhi: 3.0
Elo: 0.0
Vlo: 1.0
Jlo: 3.0
wl_mic: 0.7042984
wl_lab: 7042.98A
log_L_or_I: 32.778
I_Inorm: 2.067e-05
Excit_hi_K: 27374.175
g_u_h_nu_Aul: 6.493e-19
wl_obs: 7043.51
I_obs: 0.046
Notes: null
Obs_Cloudy: 22.25447508
d_wav: 0.526
H2_index: 340
