H2_line: 9-4 S(1)
Ehi: 0.0
Vhi: 9.0
Jhi: 3.0
Elo: 0.0
Vlo: 4.0
Jlo: 1.0
wl_mic: 0.7056685
wl_lab: 7056.69A
log_L_or_I: 33.09
I_Inorm: 4.238e-05
Excit_hi_K: 42462.426
g_u_h_nu_Aul: 5.784e-18
wl_obs: 7056.53
I_obs: 0.101
Notes: null
Obs_Cloudy: 23.83199622
d_wav: -0.155
H2_index: 343
