H2_line: 5-1 Q(5)
Ehi: 0.0
Vhi: 5.0
Jhi: 5.0
Elo: 0.0
Vlo: 1.0
Jlo: 5.0
wl_mic: 0.7144423
wl_lab: 7144.42A
log_L_or_I: 32.569
I_Inorm: 1.277e-05
Excit_hi_K: 28497.847
g_u_h_nu_Aul: 1.005e-18
wl_obs: 7143.92
I_obs: 0.079
Notes: blend 6-2 S(8) and 5-1 O(2)
Obs_Cloudy: 61.86374315
d_wav: -0.503
H2_index: 361
