H2_line: 13-6 S(2)
Ehi: 0.0
Vhi: 13.0
Jhi: 4.0
Elo: 0.0
Vlo: 6.0
Jlo: 2.0
wl_mic: 0.7199272
wl_lab: 7199.27A
log_L_or_I: 32.508
I_Inorm: 1.11e-05
Excit_hi_K: 51283.003
g_u_h_nu_Aul: 1.97e-18
wl_obs: 7198.89
I_obs: 0.028
Notes: High T(excit)
Obs_Cloudy: 25.22522523
d_wav: -0.382
H2_index: 371
