H2_line: 5-1 Q(7)
Ehi: 0.0
Vhi: 5.0
Jhi: 7.0
Elo: 0.0
Vlo: 1.0
Jlo: 7.0
wl_mic: 0.7293338
wl_lab: 7293.34A
log_L_or_I: 32.284
I_Inorm: 6.633e-06
Excit_hi_K: 30063.086
g_u_h_nu_Aul: 1.392e-18
wl_obs: 7290.53
I_obs: 0.119
Notes: ewav > 7 sig
Obs_Cloudy: 179.4060003
d_wav: -2.808
H2_index: 388
