H2_line: 13-6 Q(2)
Ehi: 0.0
Vhi: 13.0
Jhi: 2.0
Elo: 0.0
Vlo: 6.0
Jlo: 2.0
wl_mic: 0.7304734
wl_lab: 7304.73A
log_L_or_I: 32.16
I_Inorm: 4.984e-06
Excit_hi_K: 50994.552
g_u_h_nu_Aul: 2.978e-19
wl_obs: 7305.6
I_obs: 0.096
Notes: null
Obs_Cloudy: 192.6163724
d_wav: 0.866
H2_index: 392
