H2_line: 3-0 Q(5)
Ehi: 0.0
Vhi: 3.0
Jhi: 5.0
Elo: 0.0
Vlo: 0.0
Jlo: 5.0
wl_mic: 0.8674348
wl_lab: 8674.35A
log_L_or_I: 33.084
I_Inorm: 4.185e-05
Excit_hi_K: 19085.761
g_u_h_nu_Aul: 1.296e-18
wl_obs: 8674.44
I_obs: 0.067
Notes: null
Obs_Cloudy: 16.00955795
d_wav: 0.092
