H2_line: 3-0 Q(2)
Ehi: 0.0
Vhi: 3.0
Jhi: 2.0
Elo: 0.0
Vlo: 0.0
Jlo: 2.0
wl_mic: 0.8522571
wl_lab: 8522.57A
log_L_or_I: 33.277
I_Inorm: 6.514e-05
Excit_hi_K: 17387.183
g_u_h_nu_Aul: 2.177e-19
wl_obs: 8522.54
I_obs: 0.149
Notes: null
Obs_Cloudy: 22.87381025
d_wav: -0.031
