H2_line: 3-0 S(7)
Ehi: 0.0
Vhi: 3.0
Jhi: 9.0
Elo: 0.0
Vlo: 0.0
Jlo: 7.0
wl_mic: 0.7782218
wl_lab: 7782.22A
log_L_or_I: 33.567
I_Inorm: 0.0001271
Excit_hi_K: 23068.977
g_u_h_nu_Aul: 1.591e-17
wl_obs: 7781.96
I_obs: 0.124
Notes: null
Obs_Cloudy: 9.756097561
d_wav: -0.258
