H2_line: 3-0 Q(7)
Ehi: 0.0
Vhi: 3.0
Jhi: 7.0
Elo: 0.0
Vlo: 0.0
Jlo: 7.0
wl_mic: 0.8840891
wl_lab: 8840.89A
log_L_or_I: 32.819
I_Inorm: 2.271e-05
Excit_hi_K: 20855.708
g_u_h_nu_Aul: 1.748e-18
wl_obs: 8840.38
I_obs: 0.014
Notes: null
Obs_Cloudy: 6.164685161
d_wav: -0.511
