H2_line: 3-0 S(5)
Ehi: 0.0
Vhi: 3.0
Jhi: 7.0
Elo: 0.0
Vlo: 0.0
Jlo: 5.0
wl_mic: 0.783775
wl_lab: 7837.75A
log_L_or_I: 33.593
I_Inorm: 0.0001349
Excit_hi_K: 20855.708
g_u_h_nu_Aul: 1.039e-17
wl_obs: 7837.59
I_obs: 0.261
Notes: null
Obs_Cloudy: 19.34766494
d_wav: -0.16
