H2_line: 3-0 Q(1)
Ehi: 0.0
Vhi: 3.0
Jhi: 1.0
Elo: 0.0
Vlo: 0.0
Jlo: 1.0
wl_mic: 0.8497452
wl_lab: 8497.45A
log_L_or_I: 33.418
I_Inorm: 9.022e-05
Excit_hi_K: 17097.687
g_u_h_nu_Aul: 5.478e-19
wl_obs: 8497.68
I_obs: 0.132
Notes: null
Obs_Cloudy: 14.63090224
d_wav: 0.228
