H2_line: 3-0 S(4)
Ehi: 0.0
Vhi: 3.0
Jhi: 6.0
Elo: 0.0
Vlo: 0.0
Jlo: 4.0
wl_mic: 0.7890293
wl_lab: 7890.29A
log_L_or_I: 33.417
I_Inorm: 8.991e-05
Excit_hi_K: 19911.396
g_u_h_nu_Aul: 2.577e-18
wl_obs: 7890.36
I_obs: 0.134
Notes: null
Obs_Cloudy: 14.90379268
d_wav: 0.067
