H2_line: 6-2 Q(1)
Ehi: 0.0
Vhi: 6.0
Jhi: 1.0
Elo: 0.0
Vlo: 2.0
Jlo: 1.0
wl_mic: 0.7462843
wl_lab: 7462.84A
log_L_or_I: 33.096
I_Inorm: 4.3e-05
Excit_hi_K: 31062.939
g_u_h_nu_Aul: 1.058e-18
wl_obs: 7462.75
I_obs: 0.109
Notes: null
Obs_Cloudy: 25.34883721
d_wav: -0.093
H2_index: 410
