H2_line: 6-2 Q(3)
Ehi: 0.0
Vhi: 6.0
Jhi: 3.0
Elo: 0.0
Vlo: 2.0
Jlo: 3.0
wl_mic: 0.7526433
wl_lab: 7526.43A
log_L_or_I: 32.999
I_Inorm: 3.441e-05
Excit_hi_K: 31661.077
g_u_h_nu_Aul: 1.666e-18
wl_obs: 7526.26
I_obs: 0.087
Notes: null
Obs_Cloudy: 25.28334786
d_wav: -0.173
H2_index: 421
