H2_line: 7-3 S(4)
Ehi: 0.0
Vhi: 7.0
Jhi: 6.0
Elo: 0.0
Vlo: 3.0
Jlo: 4.0
wl_mic: 0.7636912
wl_lab: 7636.91A
log_L_or_I: 33.31
I_Inorm: 7.03e-05
Excit_hi_K: 37220.452
g_u_h_nu_Aul: 1.123e-17
wl_obs: 7637.6
I_obs: 0.27
Notes: blend 7-3 S(6)
Obs_Cloudy: 38.40682788
d_wav: 0.688
H2_index: 433
