H2_line: 7-3 S(3)
Ehi: 0.0
Vhi: 7.0
Jhi: 5.0
Elo: 0.0
Vlo: 3.0
Jlo: 3.0
wl_mic: 0.7663088
wl_lab: 7663.09A
log_L_or_I: 33.602
I_Inorm: 0.0001377
Excit_hi_K: 36588.182
g_u_h_nu_Aul: 2.322e-17
wl_obs: 7663.09
I_obs: 0.187
Notes: blend 9-4 Q(7)
Obs_Cloudy: 13.58024691
d_wav: 0.002
H2_index: 437
