H2_line: 12-6 S(2)
Ehi: 0.0
Vhi: 12.0
Jhi: 4.0
Elo: 0.0
Vlo: 6.0
Jlo: 2.0
wl_mic: 0.7721506
wl_lab: 7721.51A
log_L_or_I: 32.725
I_Inorm: 1.828e-05
Excit_hi_K: 49931.723
g_u_h_nu_Aul: 3.845e-18
wl_obs: 7720.99
I_obs: 0.03
Notes: blend 6-2 Q(6)
Obs_Cloudy: 16.41137856
d_wav: -0.516
H2_index: 450
