H2_line: 10-5 S(4)
Ehi: 0.0
Vhi: 10.0
Jhi: 6.0
Elo: 0.0
Vlo: 5.0
Jlo: 4.0
wl_mic: 0.7724226
wl_lab: 7724.23A
log_L_or_I: 32.89
I_Inorm: 2.674e-05
Excit_hi_K: 46499.466
g_u_h_nu_Aul: 1.224e-17
wl_obs: 7724.53
I_obs: 0.02
Notes: null
Obs_Cloudy: 7.479431563
d_wav: 0.304
H2_index: 451
