H2_line: 7-3 S(1)
Ehi: 0.0
Vhi: 7.0
Jhi: 3.0
Elo: 0.0
Vlo: 3.0
Jlo: 1.0
wl_mic: 0.7768489
wl_lab: 7768.49A
log_L_or_I: 33.512
I_Inorm: 0.000112
Excit_hi_K: 35613.272
g_u_h_nu_Aul: 7.842e-18
wl_obs: 7768.63
I_obs: 0.15
Notes: null
Obs_Cloudy: 13.39285714
d_wav: 0.141
H2_index: 458
