H2_line: 10-5 S(0)
Ehi: 0.0
Vhi: 10.0
Jhi: 2.0
Elo: 0.0
Vlo: 5.0
Jlo: 0.0
wl_mic: 0.7790254
wl_lab: 7790.25A
log_L_or_I: 32.767
I_Inorm: 2.013e-05
Excit_hi_K: 45069.614
g_u_h_nu_Aul: 1.157e-18
wl_obs: 7790.21
I_obs: 0.131
Notes: blend 3-0 S(9)
Obs_Cloudy: 65.0769995
d_wav: -0.044
H2_index: 463
