H2_line: 3-0 S(9)
Ehi: 0.0
Vhi: 3.0
Jhi: 11.0
Elo: 0.0
Vlo: 0.0
Jlo: 9.0
wl_mic: 0.7790994
wl_lab: 7790.99A
log_L_or_I: 33.553
I_Inorm: 0.0001232
Excit_hi_K: 25658.808
g_u_h_nu_Aul: 2.044e-17
wl_obs: null
I_obs: null
Notes: blend with prev
Obs_Cloudy: null
d_wav: null
H2_index: 464
blend_index: 463
