H2_line: 4-0 O(9)
Ehi: 0.0
Vhi: 4.0
Jhi: 7.0
Elo: 0.0
Vlo: 0.0
Jlo: 9.0
wl_mic: 0.7806235
wl_lab: 7806.24A
log_L_or_I: 31.626
I_Inorm: 1.457e-06
Excit_hi_K: 25622.762
g_u_h_nu_Aul: 1.876e-19
wl_obs: 7804.49
I_obs: 0.224
Notes: too strong
Obs_Cloudy: 1537.405628
d_wav: -1.745
H2_index: 467
