H2_line: 7-3 S(0)
Ehi: 0.0
Vhi: 7.0
Jhi: 2.0
Elo: 0.0
Vlo: 3.0
Jlo: 0.0
wl_mic: 0.7847681
wl_lab: 7847.68A
log_L_or_I: 33.222
I_Inorm: 5.749e-05
Excit_hi_K: 35280.972
g_u_h_nu_Aul: 1.061e-18
wl_obs: 7847.6
I_obs: 0.208
Notes: null
Obs_Cloudy: 36.18020525
d_wav: -0.081
H2_index: 476
