H2_line: 3-0 S(11)
Ehi: 0.0
Vhi: 3.0
Jhi: 13.0
Elo: 0.0
Vlo: 0.0
Jlo: 11.0
wl_mic: 0.786267
wl_lab: 7862.67A
log_L_or_I: 33.478
I_Inorm: 0.0001036
Excit_hi_K: 28555.247
g_u_h_nu_Aul: 2.266e-17
wl_obs: 7862.45
I_obs: 0.068
Notes: null
Obs_Cloudy: 6.563706564
d_wav: -0.22
H2_index: 477
