H2_line: 3-0 S(3)
Ehi: 0.0
Vhi: 3.0
Jhi: 5.0
Elo: 0.0
Vlo: 0.0
Jlo: 3.0
wl_mic: 0.7959753
wl_lab: 7959.75A
log_L_or_I: 33.701
I_Inorm: 0.0001731
Excit_hi_K: 19085.761
g_u_h_nu_Aul: 5.361e-18
wl_obs: 7959.35
I_obs: 0.257
Notes: null
Obs_Cloudy: 14.8469093
d_wav: -0.403
H2_index: 495
