H2_line: 4-0 S(3)
Ehi: 0.0
Vhi: 4.0
Jhi: 5.0
Elo: 0.0
Vlo: 0.0
Jlo: 3.0
wl_mic: 0.6270237
wl_lab: 6270.24A
log_L_or_I: 32.949
I_Inorm: 3.064e-05
Excit_hi_K: 23954.871
g_u_h_nu_Aul: 1.609e-18
wl_obs: 6270.67
I_obs: 0.094
Notes: blend 12-5 S(2)
Obs_Cloudy: 30.67885117
d_wav: 0.433
