H2_line: 4-1 Q(2)
Ehi: 0.0
Vhi: 4.0
Jhi: 2.0
Elo: 0.0
Vlo: 1.0
Jlo: 2.0
wl_mic: 0.9057204
wl_lab: 9057.20A
log_L_or_I: 33.55
I_Inorm: 0.0001223
Excit_hi_K: 22352.468
g_u_h_nu_Aul: 7.367e-19
wl_obs: 9057.18
I_obs: 0.279
Notes: stronger deep
Obs_Cloudy: 22.81275552
d_wav: -0.024
