H2_line: 4-1 S(4)
Ehi: 0.0
Vhi: 4.0
Jhi: 6.0
Elo: 0.0
Vlo: 1.0
Jlo: 4.0
wl_mic: 0.8387652
wl_lab: 8387.65A
log_L_or_I: 33.654
I_Inorm: 0.0001552
Excit_hi_K: 24733.137
g_u_h_nu_Aul: 7.706e-18
wl_obs: 8387.14
I_obs: 0.106
Notes: null
Obs_Cloudy: 6.829896907
d_wav: -0.512
