H2_line: 4-1 S(2)
Ehi: 0.0
Vhi: 4.0
Jhi: 4.0
Elo: 0.0
Vlo: 1.0
Jlo: 2.0
wl_mic: 0.8549876
wl_lab: 8549.88A
log_L_or_I: 33.837
I_Inorm: 0.0002369
Excit_hi_K: 23294.809
g_u_h_nu_Aul: 3.504e-18
wl_obs: 8550.06
I_obs: 0.288
Notes: null
Obs_Cloudy: 12.15702828
d_wav: 0.184
