H2_line: 4-1 Q(3)
Ehi: 0.0
Vhi: 4.0
Jhi: 3.0
Elo: 0.0
Vlo: 1.0
Jlo: 3.0
wl_mic: 0.9099254
wl_lab: 9099.25A
log_L_or_I: 33.616
I_Inorm: 0.0001424
Excit_hi_K: 22758.987
g_u_h_nu_Aul: 2.89e-18
wl_obs: 9098.84
I_obs: 0.289
Notes: null
Obs_Cloudy: 20.29494382
d_wav: -0.414
