H2_line: 4-1 S(1)
Ehi: 0.0
Vhi: 4.0
Jhi: 3.0
Elo: 0.0
Vlo: 1.0
Jlo: 1.0
wl_mic: 0.865972
wl_lab: 8659.72A
log_L_or_I: 33.927
I_Inorm: 0.000291
Excit_hi_K: 22758.987
g_u_h_nu_Aul: 5.904e-18
wl_obs: 8659.51
I_obs: 0.522
Notes: null
Obs_Cloudy: 17.93814433
d_wav: -0.21
