H2_line: 4-1 S(3)
Ehi: 0.0
Vhi: 4.0
Jhi: 5.0
Elo: 0.0
Vlo: 1.0
Jlo: 3.0
wl_mic: 0.8459289
wl_lab: 8459.29A
log_L_or_I: 33.955
I_Inorm: 0.0003106
Excit_hi_K: 23954.871
g_u_h_nu_Aul: 1.632e-17
wl_obs: 8459.25
I_obs: 0.638
Notes: null
Obs_Cloudy: 20.5408886
d_wav: -0.039
