H2_line: 4-0 S(5)
Ehi: 0.0
Vhi: 4.0
Jhi: 7.0
Elo: 0.0
Vlo: 0.0
Jlo: 5.0
wl_mic: 0.6221627
wl_lab: 6221.63A
log_L_or_I: 32.9
I_Inorm: 2.736e-05
Excit_hi_K: 25622.762
g_u_h_nu_Aul: 3.523e-18
wl_obs: 6221.82
I_obs: 0.044
Notes: null
Obs_Cloudy: 16.08187135
d_wav: 0.193
