H2_line: 4-0 O(7)
Ehi: 0.0
Vhi: 4.0
Jhi: 5.0
Elo: 0.0
Vlo: 0.0
Jlo: 7.0
wl_mic: 0.7426272
wl_lab: 7426.27A
log_L_or_I: 31.595
I_Inorm: 1.357e-06
Excit_hi_K: 23954.871
g_u_h_nu_Aul: 7.127e-20
wl_obs: 7425.08
I_obs: 0.022
Notes: null
Obs_Cloudy: 162.1223287
d_wav: -1.192
