H2_line: 4-1 O(2)
Ehi: 0.0
Vhi: 4.0
Jhi: 0.0
Elo: 0.0
Vlo: 1.0
Jlo: 2.0
wl_mic: 0.9297588
wl_lab: 9297.59A
log_L_or_I: 33.406
I_Inorm: 8.774e-05
Excit_hi_K: 21941.874
g_u_h_nu_Aul: 2.755e-19
wl_obs: 9297.37
I_obs: 0.25
Notes: blend 8-4 Q(8)
Obs_Cloudy: 28.49327559
d_wav: -0.218
