H2_line: 4-1 S(5)
Ehi: 0.0
Vhi: 4.0
Jhi: 7.0
Elo: 0.0
Vlo: 1.0
Jlo: 5.0
wl_mic: 0.8334662
wl_lab: 8334.66A
log_L_or_I: 33.838
I_Inorm: 0.0002372
Excit_hi_K: 25622.762
g_u_h_nu_Aul: 3.054e-17
wl_obs: 8333.96
I_obs: 0.7
Notes: null
Obs_Cloudy: 29.51096121
d_wav: -0.702
