H2_line: 4-1 S(9)
Ehi: 0.0
Vhi: 4.0
Jhi: 11.0
Elo: 0.0
Vlo: 1.0
Jlo: 9.0
wl_mic: 0.8304069
wl_lab: 8304.07A
log_L_or_I: 33.668
I_Inorm: 0.0001604
Excit_hi_K: 30138.666
g_u_h_nu_Aul: 5.613e-17
wl_obs: 8305.14
I_obs: 0.228
Notes: null
Obs_Cloudy: 14.21446384
d_wav: 1.071
