H2_line: 4-1 S(13)
Ehi: 0.0
Vhi: 4.0
Jhi: 15.0
Elo: 0.0
Vlo: 1.0
Jlo: 13.0
wl_mic: 0.8560021
wl_lab: 8560.02A
log_L_or_I: 33.42
I_Inorm: 9.074e-05
Excit_hi_K: 35782.611
g_u_h_nu_Aul: 5.523e-17
wl_obs: 8560.31
I_obs: 0.166
Notes: blend 3-0 Q(3)
Obs_Cloudy: 18.29402689
d_wav: 0.289
