H2_line: 7-3 Q(1)
Ehi: 0.0
Vhi: 7.0
Jhi: 1.0
Elo: 0.0
Vlo: 3.0
Jlo: 1.0
wl_mic: 0.8008958
wl_lab: 8008.96A
log_L_or_I: 33.224
I_Inorm: 5.778e-05
Excit_hi_K: 35057.343
g_u_h_nu_Aul: 2.103e-18
wl_obs: 8008.66
I_obs: 0.164
Notes: null
Obs_Cloudy: 28.38352371
d_wav: -0.298
H2_index: 502
