H2_line: 10-5 O(2)
Ehi: 0.0
Vhi: 10.0
Jhi: 0.0
Elo: 0.0
Vlo: 5.0
Jlo: 2.0
wl_mic: 0.8068775
wl_lab: 8068.77A
log_L_or_I: 32.381
I_Inorm: 8.279e-06
Excit_hi_K: 44818.462
g_u_h_nu_Aul: 2.631e-19
wl_obs: 8068.85
I_obs: 0.028
Notes: blend 12-6 S(6)
Obs_Cloudy: 33.82050972
d_wav: 0.075
H2_index: 510
