H2_line: 7-3 Q(3)
Ehi: 0.0
Vhi: 7.0
Jhi: 3.0
Elo: 0.0
Vlo: 3.0
Jlo: 3.0
wl_mic: 0.8082909
wl_lab: 8082.91A
log_L_or_I: 33.136
I_Inorm: 4.715e-05
Excit_hi_K: 35613.272
g_u_h_nu_Aul: 3.301e-18
wl_obs: 8082.92
I_obs: 0.08
Notes: null
Obs_Cloudy: 16.96712619
d_wav: 0.011
H2_index: 514
