H2_line: 3-0 S(1)
Ehi: 0.0
Vhi: 3.0
Jhi: 3.0
Elo: 0.0
Vlo: 0.0
Jlo: 1.0
wl_mic: 0.8150646
wl_lab: 8150.65A
log_L_or_I: 33.657
I_Inorm: 0.0001566
Excit_hi_K: 17817.931
g_u_h_nu_Aul: 1.864e-18
wl_obs: 8150.68
I_obs: 0.29
Notes: null
Obs_Cloudy: 18.51851852
d_wav: 0.034
H2_index: 523
