H2_line: 10-5 S(9)
Ehi: 0.0
Vhi: 10.0
Jhi: 11.0
Elo: 0.0
Vlo: 5.0
Jlo: 9.0
wl_mic: 0.8206896
wl_lab: 8206.90A
log_L_or_I: 32.51
I_Inorm: 1.114e-05
Excit_hi_K: 49540.879
g_u_h_nu_Aul: 8.262e-17
wl_obs: 8206.76
I_obs: 0.038
Notes: null
Obs_Cloudy: 34.11131059
d_wav: -0.136
H2_index: 530
