H2_line: 3-0 S(0)
Ehi: 0.0
Vhi: 3.0
Jhi: 2.0
Elo: 0.0
Vlo: 0.0
Jlo: 0.0
wl_mic: 0.8272653
wl_lab: 8272.65A
log_L_or_I: 33.352
I_Inorm: 7.753e-05
Excit_hi_K: 17387.183
g_u_h_nu_Aul: 2.591e-19
wl_obs: 8272.5
I_obs: 0.224
Notes: null
Obs_Cloudy: 28.89204179
d_wav: -0.153
H2_index: 539
