H2_line: 4-1 S(7)
Ehi: 0.0
Vhi: 4.0
Jhi: 9.0
Elo: 0.0
Vlo: 1.0
Jlo: 7.0
wl_mic: 0.8283513
wl_lab: 8283.51A
log_L_or_I: 33.716
I_Inorm: 0.0001791
Excit_hi_K: 27705.636
g_u_h_nu_Aul: 4.525e-17
wl_obs: 8283.33
I_obs: 0.173
Notes: null
Obs_Cloudy: 9.659408152
d_wav: -0.183
H2_index: 540
