H2_line: 4-1 S(6)
Ehi: 0.0
Vhi: 4.0
Jhi: 8.0
Elo: 0.0
Vlo: 1.0
Jlo: 6.0
wl_mic: 0.8300034
wl_lab: 8300.03A
log_L_or_I: 33.516
I_Inorm: 0.0001131
Excit_hi_K: 26616.252
g_u_h_nu_Aul: 1.27e-17
wl_obs: 8299.17
I_obs: 0.295
Notes: null
Obs_Cloudy: 26.08311229
d_wav: -0.864
H2_index: 545
