H2_line: 5-1 S(0)
Ehi: 0.0
Vhi: 5.0
Jhi: 2.0
Elo: 0.0
Vlo: 1.0
Jlo: 0.0
wl_mic: 0.6847811
wl_lab: 6847.81A
log_L_or_I: 32.914
I_Inorm: 2.828e-05
Excit_hi_K: 26991.949
g_u_h_nu_Aul: 2.352e-19
wl_obs: 6847.53
I_obs: 0.048
Notes: null
Obs_Cloudy: 16.97312588
d_wav: -0.281
