H2_line: 5-2 S(4)
Ehi: 0.0
Vhi: 5.0
Jhi: 6.0
Elo: 0.0
Vlo: 2.0
Jlo: 4.0
wl_mic: 0.8946146
wl_lab: 8946.15A
log_L_or_I: 33.741
I_Inorm: 0.0001896
Excit_hi_K: 29228.502
g_u_h_nu_Aul: 1.427e-17
wl_obs: 8945.95
I_obs: 0.212
Notes: null
Obs_Cloudy: 11.1814346
d_wav: -0.196
