H2_line: 5-1 S(5)
Ehi: 0.0
Vhi: 5.0
Jhi: 7.0
Elo: 0.0
Vlo: 1.0
Jlo: 5.0
wl_mic: 0.6629043
wl_lab: 6629.04A
log_L_or_I: 33.245
I_Inorm: 6.059e-05
Excit_hi_K: 30063.086
g_u_h_nu_Aul: 1.272e-17
wl_obs: 6628.78
I_obs: 0.077
Notes: null
Obs_Cloudy: 12.70836772
d_wav: -0.263
