H2_line: 5-2 S(5)
Ehi: 0.0
Vhi: 5.0
Jhi: 7.0
Elo: 0.0
Vlo: 2.0
Jlo: 5.0
wl_mic: 0.8893806
wl_lab: 8893.81A
log_L_or_I: 33.885
I_Inorm: 0.0002646
Excit_hi_K: 30063.086
g_u_h_nu_Aul: 5.554e-17
wl_obs: 8893.68
I_obs: 0.281
Notes: null
Obs_Cloudy: 10.61980348
d_wav: -0.126
