H2_line: 5-1 S(7)
Ehi: 0.0
Vhi: 5.0
Jhi: 9.0
Elo: 0.0
Vlo: 1.0
Jlo: 7.0
wl_mic: 0.6636694
wl_lab: 6636.69A
log_L_or_I: 33.146
I_Inorm: 4.82e-05
Excit_hi_K: 32014.382
g_u_h_nu_Aul: 2.08e-17
wl_obs: 6636.76
I_obs: 0.073
Notes: null
Obs_Cloudy: 15.14522822
d_wav: 0.066
