H2_line: 5-1 S(1)
Ehi: 0.0
Vhi: 5.0
Jhi: 3.0
Elo: 0.0
Vlo: 1.0
Jlo: 1.0
wl_mic: 0.677675
wl_lab: 6776.75A
log_L_or_I: 33.232
I_Inorm: 5.883e-05
Excit_hi_K: 27374.175
g_u_h_nu_Aul: 1.848e-18
wl_obs: 6776.75
I_obs: 0.069
Notes: null
Obs_Cloudy: 11.72870984
d_wav: 0
