H2_line: 5-1 Q(1)
Ehi: 0.0
Vhi: 5.0
Jhi: 1.0
Elo: 0.0
Vlo: 1.0
Jlo: 1.0
wl_mic: 0.6987185
wl_lab: 6987.18A
log_L_or_I: 32.89
I_Inorm: 2.676e-05
Excit_hi_K: 26734.935
g_u_h_nu_Aul: 4.109e-19
wl_obs: 6987.24
I_obs: 0.071
Notes: null
Obs_Cloudy: 26.53213752
d_wav: 0.055
