H2_line: 5-1 S(9)
Ehi: 0.0
Vhi: 5.0
Jhi: 11.0
Elo: 0.0
Vlo: 1.0
Jlo: 9.0
wl_mic: 0.6699112
wl_lab: 6699.11A
log_L_or_I: 33.168
I_Inorm: 5.069e-05
Excit_hi_K: 34288.459
g_u_h_nu_Aul: 2.823e-17
wl_obs: 6699.27
I_obs: 0.034
Notes: null
Obs_Cloudy: 6.707437364
d_wav: 0.158
