H2_line: 14-7 Q(2)
Ehi: 0.0
Vhi: 14.0
Jhi: 2.0
Elo: 0.0
Vlo: 7.0
Jlo: 2.0
wl_mic: 0.8692039
wl_lab: 8692.04A
log_L_or_I: 32.3
I_Inorm: 6.876e-06
Excit_hi_K: 51829.238
g_u_h_nu_Aul: 2.882e-19
wl_obs: 8692.43
I_obs: 0.066
Notes: blend 7-3 Q(9)
Obs_Cloudy: 95.98603839
d_wav: 0.391
H2_index: 611
