H2_line: 8-4 Q(3)
Ehi: 0.0
Vhi: 8.0
Jhi: 3.0
Elo: 0.0
Vlo: 4.0
Jlo: 3.0
wl_mic: 0.8738383
wl_lab: 8738.38A
log_L_or_I: 33.216
I_Inorm: 5.665e-05
Excit_hi_K: 39219.492
g_u_h_nu_Aul: 5.561e-18
wl_obs: 8738.45
I_obs: 0.089
Notes: null
Obs_Cloudy: 15.71050309
d_wav: 0.067
H2_index: 617
