H2_line: 4-1 S(0)
Ehi: 0.0
Vhi: 4.0
Jhi: 2.0
Elo: 0.0
Vlo: 1.0
Jlo: 0.0
wl_mic: 0.8789121
wl_lab: 8789.12A
log_L_or_I: 33.607
I_Inorm: 0.0001395
Excit_hi_K: 22352.468
g_u_h_nu_Aul: 8.401e-19
wl_obs: 8789.19
I_obs: 0.267
Notes: null
Obs_Cloudy: 19.13978495
d_wav: 0.069
H2_index: 622
