H2_line: 8-4 Q(4)
Ehi: 0.0
Vhi: 8.0
Jhi: 4.0
Elo: 0.0
Vlo: 4.0
Jlo: 4.0
wl_mic: 0.8809903
wl_lab: 8809.90A
log_L_or_I: 32.989
I_Inorm: 3.358e-05
Excit_hi_K: 39621.684
g_u_h_nu_Aul: 2.331e-18
wl_obs: 8809.89
I_obs: 0.11
Notes: blend 11-6 Q(1)
Obs_Cloudy: 32.75759381
d_wav: -0.013
H2_index: 625
