H2_line: 5-2 S(7)
Ehi: 0.0
Vhi: 5.0
Jhi: 9.0
Elo: 0.0
Vlo: 2.0
Jlo: 7.0
wl_mic: 0.8850658
wl_lab: 8850.66A
log_L_or_I: 33.727
I_Inorm: 0.0001837
Excit_hi_K: 32014.382
g_u_h_nu_Aul: 7.926e-17
wl_obs: 8850.66
I_obs: 0.317
Notes: null
Obs_Cloudy: 17.2563963
d_wav: 0.002
H2_index: 631
