H2_line: 5-2 S(9)
Ehi: 0.0
Vhi: 5.0
Jhi: 11.0
Elo: 0.0
Vlo: 2.0
Jlo: 9.0
wl_mic: 0.8888854
wl_lab: 8888.85A
log_L_or_I: 33.692
I_Inorm: 0.0001695
Excit_hi_K: 34288.459
g_u_h_nu_Aul: 9.436e-17
wl_obs: 8888.49
I_obs: 0.123
Notes: null
Obs_Cloudy: 7.256637168
d_wav: -0.364
H2_index: 639
