H2_line: 5-2 S(3)
Ehi: 0.0
Vhi: 5.0
Jhi: 5.0
Elo: 0.0
Vlo: 2.0
Jlo: 3.0
wl_mic: 0.9019299
wl_lab: 9019.30A
log_L_or_I: 34.055
I_Inorm: 0.0003913
Excit_hi_K: 28497.847
g_u_h_nu_Aul: 3.08e-17
wl_obs: 9019.36
I_obs: 0.322
Notes: null
Obs_Cloudy: 8.228980322
d_wav: 0.061
H2_index: 665
