H2_line: 4-1 Q(1)
Ehi: 0.0
Vhi: 4.0
Jhi: 1.0
Elo: 0.0
Vlo: 1.0
Jlo: 1.0
wl_mic: 0.9029257
wl_lab: 9029.26A
log_L_or_I: 33.721
I_Inorm: 0.0001811
Excit_hi_K: 22079.196
g_u_h_nu_Aul: 1.856e-18
wl_obs: 9029.23
I_obs: 0.399
Notes: stronger shallow
Obs_Cloudy: 22.0320265
d_wav: -0.027
H2_index: 666
