H2_line: 5-2 S(2)
Ehi: 0.0
Vhi: 5.0
Jhi: 4.0
Elo: 0.0
Vlo: 2.0
Jlo: 2.0
wl_mic: 0.9113545
wl_lab: 9113.54A
log_L_or_I: 33.943
I_Inorm: 0.0003025
Excit_hi_K: 27877.782
g_u_h_nu_Aul: 6.746e-18
wl_obs: 9113.6
I_obs: 0.096
Notes: null
Obs_Cloudy: 3.173553719
d_wav: 0.055
H2_index: 680
