H2_line: 9-5 S(1)
Ehi: 0.0
Vhi: 9.0
Jhi: 3.0
Elo: 0.0
Vlo: 5.0
Jlo: 1.0
wl_mic: 0.9145656
wl_lab: 9145.66A
log_L_or_I: 33.543
I_Inorm: 0.0001203
Excit_hi_K: 42462.426
g_u_h_nu_Aul: 1.642e-17
wl_obs: 9145.25
I_obs: 0.174
Notes: null
Obs_Cloudy: 14.4638404
d_wav: -0.406
H2_index: 686
