H2_line: 4-1 Q(4)
Ehi: 0.0
Vhi: 4.0
Jhi: 4.0
Elo: 0.0
Vlo: 1.0
Jlo: 4.0
wl_mic: 0.9155564
wl_lab: 9155.56A
log_L_or_I: 33.374
I_Inorm: 8.157e-05
Excit_hi_K: 23294.809
g_u_h_nu_Aul: 1.206e-18
wl_obs: 9155.28
I_obs: 0.092
Notes: null
Obs_Cloudy: 11.27865637
d_wav: -0.284
H2_index: 688
