H2_line: 9-5 S(7)
Ehi: 0.0
Vhi: 9.0
Jhi: 9.0
Elo: 0.0
Vlo: 5.0
Jlo: 7.0
wl_mic: 0.9162585
wl_lab: 9162.58A
log_L_or_I: 33.15
I_Inorm: 4.873e-05
Excit_hi_K: 45761.517
g_u_h_nu_Aul: 1.038e-16
wl_obs: 9162.9
I_obs: 0.033
Notes: null
Obs_Cloudy: 6.772009029
d_wav: 0.315
H2_index: 691
