H2_line: 6-2 Q(2)
Ehi: 0.0
Vhi: 6.0
Jhi: 2.0
Elo: 0.0
Vlo: 2.0
Jlo: 2.0
wl_mic: 0.7488212
wl_lab: 7488.21A
log_L_or_I: 32.981
I_Inorm: 3.296e-05
Excit_hi_K: 31303.478
g_u_h_nu_Aul: 4.22e-19
wl_obs: 7488.33
I_obs: 0.078
Notes: null
Obs_Cloudy: 23.66504854
d_wav: 0.118
