H2_line: 6-2 S(2)
Ehi: 0.0
Vhi: 6.0
Jhi: 4.0
Elo: 0.0
Vlo: 2.0
Jlo: 2.0
wl_mic: 0.7178579
wl_lab: 7178.58A
log_L_or_I: 33.339
I_Inorm: 7.529e-05
Excit_hi_K: 32131.997
g_u_h_nu_Aul: 2.74e-18
wl_obs: 7178.49
I_obs: 0.09
Notes: null
Obs_Cloudy: 11.95377872
d_wav: -0.089
