H2_line: 6-2 S(1)
Ehi: 0.0
Vhi: 6.0
Jhi: 3.0
Elo: 0.0
Vlo: 2.0
Jlo: 1.0
wl_mic: 0.7238214
wl_lab: 7238.21A
log_L_or_I: 33.414
I_Inorm: 8.941e-05
Excit_hi_K: 31661.077
g_u_h_nu_Aul: 4.329e-18
wl_obs: 7237.82
I_obs: 0.085
Notes: null
Obs_Cloudy: 9.506766581
d_wav: -0.394
