H2_line: 6-2 S(4)
Ehi: 0.0
Vhi: 6.0
Jhi: 6.0
Elo: 0.0
Vlo: 2.0
Jlo: 4.0
wl_mic: 0.7105432
wl_lab: 7105.43A
log_L_or_I: 33.231
I_Inorm: 5.86e-05
Excit_hi_K: 33393.663
g_u_h_nu_Aul: 6.645e-18
wl_obs: 7105.37
I_obs: 0.099
Notes: blend 9-4 S(0)
Obs_Cloudy: 16.89419795
d_wav: -0.062
