H2_line: 6-2 S(5)
Ehi: 0.0
Vhi: 6.0
Jhi: 7.0
Elo: 0.0
Vlo: 2.0
Jlo: 5.0
wl_mic: 0.709193
wl_lab: 7091.93A
log_L_or_I: 33.39
I_Inorm: 8.465e-05
Excit_hi_K: 34172.166
g_u_h_nu_Aul: 2.737e-17
wl_obs: 7092.29
I_obs: 0.119
Notes: null
Obs_Cloudy: 14.05788541
d_wav: 0.36
