H2_line: 6-2 S(7)
Ehi: 0.0
Vhi: 6.0
Jhi: 9.0
Elo: 0.0
Vlo: 2.0
Jlo: 7.0
wl_mic: 0.711145
wl_lab: 7111.45A
log_L_or_I: 33.277
I_Inorm: 6.517e-05
Excit_hi_K: 35988.948
g_u_h_nu_Aul: 4.326e-17
wl_obs: 7111.54
I_obs: 0.072
Notes: null
Obs_Cloudy: 11.04802823
d_wav: 0.09
