H2_line: 6-2 S(9)
Ehi: 0.0
Vhi: 6.0
Jhi: 11.0
Elo: 0.0
Vlo: 2.0
Jlo: 9.0
wl_mic: 0.7194431
wl_lab: 7194.43A
log_L_or_I: 33.321
I_Inorm: 7.209e-05
Excit_hi_K: 38099.569
g_u_h_nu_Aul: 5.67e-17
wl_obs: 7194.08
I_obs: 0.033
Notes: null
Obs_Cloudy: 4.577611319
d_wav: -0.351
