H2_line: 9-5 S(8)
Ehi: 0.0
Vhi: 9.0
Jhi: 10.0
Elo: 0.0
Vlo: 5.0
Jlo: 8.0
wl_mic: 0.9264105
wl_lab: 9264.11A
log_L_or_I: 32.589
I_Inorm: 1.338e-05
Excit_hi_K: 46520.706
g_u_h_nu_Aul: 3.715e-17
wl_obs: 9264.38
I_obs: 0.04
Notes: null
Obs_Cloudy: 29.89536622
d_wav: 0.275
H2_index: 708
