H2_line: 7-3 Q(2)
Ehi: 0.0
Vhi: 7.0
Jhi: 2.0
Elo: 0.0
Vlo: 3.0
Jlo: 2.0
wl_mic: 0.8038439
wl_lab: 8038.44A
log_L_or_I: 33.12
I_Inorm: 4.539e-05
Excit_hi_K: 35280.972
g_u_h_nu_Aul: 8.377e-19
wl_obs: 8038.21
I_obs: 0.087
Notes: null
Obs_Cloudy: 19.16721745
d_wav: -0.229
