H2_line: 7-3 S(5)
Ehi: 0.0
Vhi: 7.0
Jhi: 7.0
Elo: 0.0
Vlo: 3.0
Jlo: 5.0
wl_mic: 0.7628557
wl_lab: 7628.56A
log_L_or_I: 33.468
I_Inorm: 0.0001012
Excit_hi_K: 37940.978
g_u_h_nu_Aul: 4.532e-17
wl_obs: 7628.73
I_obs: 0.305
Notes: null
Obs_Cloudy: 30.13833992
d_wav: 0.173
