H2_line: 7-3 O(2)
Ehi: 0.0
Vhi: 7.0
Jhi: 0.0
Elo: 0.0
Vlo: 3.0
Jlo: 2.0
wl_mic: 0.8192308
wl_lab: 8192.31A
log_L_or_I: 32.827
I_Inorm: 2.313e-05
Excit_hi_K: 34944.891
g_u_h_nu_Aul: 2.593e-19
wl_obs: 8191.59
I_obs: 0.091
Notes: null
Obs_Cloudy: 39.34284479
d_wav: -0.718
