H2_line: 7-3 S(2)
Ehi: 0.0
Vhi: 7.0
Jhi: 4.0
Elo: 0.0
Vlo: 3.0
Jlo: 2.0
wl_mic: 0.7706963
wl_lab: 7706.96A
log_L_or_I: 33.442
I_Inorm: 9.524e-05
Excit_hi_K: 36050.579
g_u_h_nu_Aul: 4.837e-18
wl_obs: 7706.79
I_obs: 0.211
Notes: blend 10-5 S(3)
Obs_Cloudy: 22.15455691
d_wav: -0.173
