H2_line: 7-2 S(0)
Ehi: 0.0
Vhi: 7.0
Jhi: 2.0
Elo: 0.0
Vlo: 2.0
Jlo: 0.0
wl_mic: 0.6083077
wl_lab: 6083.08A
log_L_or_I: 32.492
I_Inorm: 1.069e-05
Excit_hi_K: 35280.972
g_u_h_nu_Aul: 1.974e-19
wl_obs: 6083.2
I_obs: 0.01
Notes: null
Obs_Cloudy: 9.35453695
d_wav: 0.123
