H2_line: 7-2 S(1)
Ehi: 0.0
Vhi: 7.0
Jhi: 3.0
Elo: 0.0
Vlo: 2.0
Jlo: 1.0
wl_mic: 0.603746
wl_lab: 6037.46A
log_L_or_I: 32.837
I_Inorm: 2.367e-05
Excit_hi_K: 35613.272
g_u_h_nu_Aul: 1.657e-18
wl_obs: 6037.4
I_obs: 0.042
Notes: null
Obs_Cloudy: 17.74397972
d_wav: -0.06
