H2_line: 8-4 S(2)
Ehi: 0.0
Vhi: 8.0
Jhi: 4.0
Elo: 0.0
Vlo: 4.0
Jlo: 2.0
wl_mic: 0.8329165
wl_lab: 8329.17A
log_L_or_I: 33.481
I_Inorm: 0.0001043
Excit_hi_K: 39621.684
g_u_h_nu_Aul: 7.239e-18
wl_obs: 8328.99
I_obs: 0.094
Notes: null
Obs_Cloudy: 9.012464046
d_wav: -0.175
