H2_line: 8-4 S(5)
Ehi: 0.0
Vhi: 8.0
Jhi: 7.0
Elo: 0.0
Vlo: 4.0
Jlo: 5.0
wl_mic: 0.8266548
wl_lab: 8266.55A
log_L_or_I: 33.461
I_Inorm: 9.954e-05
Excit_hi_K: 41354.898
g_u_h_nu_Aul: 6.311e-17
wl_obs: 8266.47
I_obs: 0.233
Notes: blend 8-4 S(4)
Obs_Cloudy: 23.40767531
d_wav: -0.078
