H2_line: 8-3 S(1)
Ehi: 0.0
Vhi: 8.0
Jhi: 3.0
Elo: 0.0
Vlo: 3.0
Jlo: 1.0
wl_mic: 0.6502089
wl_lab: 6502.09A
log_L_or_I: 33.001
I_Inorm: 3.453e-05
Excit_hi_K: 39219.492
g_u_h_nu_Aul: 3.389e-18
wl_obs: 6501.74
I_obs: 0.055
Notes: null
Obs_Cloudy: 15.9281784
d_wav: -0.349
