H2_line: 8-4 S(3)
Ehi: 0.0
Vhi: 8.0
Jhi: 5.0
Elo: 0.0
Vlo: 4.0
Jlo: 3.0
wl_mic: 0.8287271
wl_lab: 8287.27A
log_L_or_I: 33.612
I_Inorm: 0.0001411
Excit_hi_K: 40115.502
g_u_h_nu_Aul: 3.388e-17
wl_obs: 8286.99
I_obs: 0.164
Notes: null
Obs_Cloudy: 11.62296244
d_wav: -0.281
