H2_line: 8-4 S(0)
Ehi: 0.0
Vhi: 8.0
Jhi: 2.0
Elo: 0.0
Vlo: 4.0
Jlo: 0.0
wl_mic: 0.847517
wl_lab: 8475.17A
log_L_or_I: 33.252
I_Inorm: 6.154e-05
Excit_hi_K: 38913.587
g_u_h_nu_Aul: 1.685e-18
wl_obs: 8475.22
I_obs: 0.157
Notes: null
Obs_Cloudy: 25.5118622
d_wav: 0.05
