H2_line: 8-4 Q(2)
Ehi: 0.0
Vhi: 8.0
Jhi: 2.0
Elo: 0.0
Vlo: 4.0
Jlo: 2.0
wl_mic: 0.8685294
wl_lab: 8685.29A
log_L_or_I: 33.176
I_Inorm: 5.162e-05
Excit_hi_K: 38913.587
g_u_h_nu_Aul: 1.414e-18
wl_obs: 8685.17
I_obs: 0.133
Notes: null
Obs_Cloudy: 25.76520728
d_wav: -0.124
