H2_line: 8-4 Q(1)
Ehi: 0.0
Vhi: 8.0
Jhi: 1.0
Elo: 0.0
Vlo: 4.0
Jlo: 1.0
wl_mic: 0.8650158
wl_lab: 8650.16A
log_L_or_I: 33.328
I_Inorm: 7.332e-05
Excit_hi_K: 38707.583
g_u_h_nu_Aul: 3.553e-18
wl_obs: 8649.96
I_obs: 0.25
Notes: null
Obs_Cloudy: 34.09710857
d_wav: -0.198
