H2_line: 8-3 S(2)
Ehi: 0.0
Vhi: 8.0
Jhi: 4.0
Elo: 0.0
Vlo: 3.0
Jlo: 2.0
wl_mic: 0.6469133
wl_lab: 6469.13A
log_L_or_I: 32.972
I_Inorm: 3.228e-05
Excit_hi_K: 39621.684
g_u_h_nu_Aul: 2.241e-18
wl_obs: 6468.07
I_obs: 0.064
Notes: elam = 2 sig
Obs_Cloudy: 19.82651797
d_wav: -1.063
