H2_line: 8-4 S(8)
Ehi: 0.0
Vhi: 8.0
Jhi: 10.0
Elo: 0.0
Vlo: 4.0
Jlo: 8.0
wl_mic: 0.8400709
wl_lab: 8400.71A
log_L_or_I: 32.816
I_Inorm: 2.253e-05
Excit_hi_K: 43738.398
g_u_h_nu_Aul: 3.396e-17
wl_obs: 8400.56
I_obs: 0.022
Notes: null
Obs_Cloudy: 9.7647581
d_wav: -0.149
