H2_line: 9-4 S(6)
Ehi: 0.0
Vhi: 9.0
Jhi: 8.0
Elo: 0.0
Vlo: 4.0
Jlo: 6.0
wl_mic: 0.7080018
wl_lab: 7080.02A
log_L_or_I: 32.675
I_Inorm: 1.632e-05
Excit_hi_K: 45049.191
g_u_h_nu_Aul: 1.593e-17
wl_obs: 7079.44
I_obs: 0.025
Notes: null
Obs_Cloudy: 15.31862745
d_wav: -0.578
