H2_line: 9-5 S(4)
Ehi: 0.0
Vhi: 9.0
Jhi: 6.0
Elo: 0.0
Vlo: 5.0
Jlo: 4.0
wl_mic: 0.9034878
wl_lab: 9034.88A
log_L_or_I: 33.269
I_Inorm: 6.407e-05
Excit_hi_K: 43798.108
g_u_h_nu_Aul: 1.994e-17
wl_obs: 9034.71
I_obs: 0.045
Notes: null
Obs_Cloudy: 7.023567973
d_wav: -0.168
