H2_line: 9-4 Q(1)
Ehi: 0.0
Vhi: 9.0
Jhi: 1.0
Elo: 0.0
Vlo: 4.0
Jlo: 1.0
wl_mic: 0.7221484
wl_lab: 7221.48A
log_L_or_I: 32.699
I_Inorm: 1.725e-05
Excit_hi_K: 41997.27
g_u_h_nu_Aul: 1.326e-18
wl_obs: 7222.09
I_obs: 0.04
Notes: null
Obs_Cloudy: 23.1884058
d_wav: 0.606
