H2_line: 9-5 S(2)
Ehi: 0.0
Vhi: 9.0
Jhi: 4.0
Elo: 0.0
Vlo: 5.0
Jlo: 2.0
wl_mic: 0.9083397
wl_lab: 9083.40A
log_L_or_I: 33.445
I_Inorm: 9.591e-05
Excit_hi_K: 42827.236
g_u_h_nu_Aul: 9.554e-18
wl_obs: 9084.11
I_obs: 0.086
Notes: null
Obs_Cloudy: 8.966739652
d_wav: 0.713
