H2_line: 9-5 S(5)
Ehi: 0.0
Vhi: 9.0
Jhi: 7.0
Elo: 0.0
Vlo: 5.0
Jlo: 5.0
wl_mic: 0.9049688
wl_lab: 9049.69A
log_L_or_I: 33.406
I_Inorm: 8.771e-05
Excit_hi_K: 44392.118
g_u_h_nu_Aul: 7.644e-17
wl_obs: 9049.93
I_obs: 0.136
Notes: blend 11-6 Q(4)
Obs_Cloudy: 15.5056436
d_wav: 0.242
