H2_line: 10-5 S(1)
Ehi: 0.0
Vhi: 10.0
Jhi: 3.0
Elo: 0.0
Vlo: 5.0
Jlo: 1.0
wl_mic: 0.774069
wl_lab: 7740.69A
log_L_or_I: 33.053
I_Inorm: 3.897e-05
Excit_hi_K: 45317.011
g_u_h_nu_Aul: 8.617e-18
wl_obs: 7739.73
I_obs: 0.127
Notes: null
Obs_Cloudy: 32.58917116
d_wav: -0.96
