H2_line: 11-6 S(1)
Ehi: 0.0
Vhi: 11.0
Jhi: 3.0
Elo: 0.0
Vlo: 6.0
Jlo: 1.0
wl_mic: 0.8620808
wl_lab: 8620.81A
log_L_or_I: 33.062
I_Inorm: 3.973e-05
Excit_hi_K: 47747.94
g_u_h_nu_Aul: 1.138e-17
wl_obs: 8620.31
I_obs: 0.069
Notes: null
Obs_Cloudy: 17.36722879
d_wav: -0.498
