H2_line: 11-5 Q(9)
Ehi: 0.0
Vhi: 11.0
Jhi: 9.0
Elo: 0.0
Vlo: 5.0
Jlo: 9.0
wl_mic: 0.7917037
wl_lab: 7917.04A
log_L_or_I: 31.541
I_Inorm: 1.198e-06
Excit_hi_K: 50182.558
g_u_h_nu_Aul: 4.455e-18
wl_obs: '7915.9:'
I_obs: 0.07
Notes: null
Obs_Cloudy: 584.3071786
d_wav: '#VALUE!'
