H2_line: 11-5 O(3)
Ehi: 0.0
Vhi: 11.0
Jhi: 1.0
Elo: 0.0
Vlo: 5.0
Jlo: 3.0
wl_mic: 0.718619
wl_lab: 7186.19A
log_L_or_I: 31.507
I_Inorm: 1.108e-06
Excit_hi_K: 47390.072
g_u_h_nu_Aul: 1.501e-19
wl_obs: 7184.69
I_obs: 0.075
Notes: ewav > 2 sig
Obs_Cloudy: 676.8953069
d_wav: -1.5
