H2_line: 11-6 S(3)
Ehi: 0.0
Vhi: 11.0
Jhi: 5.0
Elo: 0.0
Vlo: 6.0
Jlo: 3.0
wl_mic: 0.8610914
wl_lab: 8610.91A
log_L_or_I: 33.101
I_Inorm: 4.351e-05
Excit_hi_K: 48365.246
g_u_h_nu_Aul: 3.102e-17
wl_obs: 8610.9
I_obs: 0.107
Notes: null
Obs_Cloudy: 24.59204781
d_wav: -0.014
