H2_line: 12-5 S(1)
Ehi: 0.0
Vhi: 12.0
Jhi: 3.0
Elo: 0.0
Vlo: 5.0
Jlo: 1.0
wl_mic: 0.6261726
wl_lab: 6261.73A
log_L_or_I: 32.372
I_Inorm: 8.108e-06
Excit_hi_K: 49705.904
g_u_h_nu_Aul: 2.46e-18
wl_obs: 6261.68
I_obs: 0.028
Notes: High T(excit)
Obs_Cloudy: 34.53379378
d_wav: -0.046
