#depth	O	O+	O+2	O+3	O+4	O+5	O+6	O+7	O+8	O[1]	O[2]	O[3]
 5.76352e+13	2.40e-05	3.31e-02	9.65e-01	1.45e-03	0.00e+00	0.00e+00	0.00e+00	0.00e+00	0.00e+00	2.37e-05	1.71e-07	1.92e-07
 3.45811e+14	2.40e-05	3.31e-02	9.65e-01	1.44e-03	0.00e+00	0.00e+00	0.00e+00	0.00e+00	0.00e+00	2.37e-05	1.72e-07	1.92e-07
 1.49851e+15	2.40e-05	3.31e-02	9.65e-01	1.42e-03	0.00e+00	0.00e+00	0.00e+00	0.00e+00	0.00e+00	2.37e-05	1.72e-07	1.92e-07
 6.10933e+15	2.41e-05	3.32e-02	9.65e-01	1.34e-03	0.00e+00	0.00e+00	0.00e+00	0.00e+00	0.00e+00	2.38e-05	1.73e-07	1.93e-07
 1.45932e+16	2.42e-05	3.33e-02	9.65e-01	1.22e-03	0.00e+00	0.00e+00	0.00e+00	0.00e+00	0.00e+00	2.38e-05	1.73e-07	1.94e-07
 2.56223e+16	2.43e-05	3.35e-02	9.65e-01	1.08e-03	0.00e+00	0.00e+00	0.00e+00	0.00e+00	0.00e+00	2.40e-05	1.75e-07	1.95e-07
 3.99601e+16	2.46e-05	3.37e-02	9.65e-01	9.25e-04	0.00e+00	0.00e+00	0.00e+00	0.00e+00	0.00e+00	2.42e-05	1.77e-07	1.97e-07
 5.85992e+16	2.48e-05	3.40e-02	9.65e-01	7.52e-04	0.00e+00	0.00e+00	0.00e+00	0.00e+00	0.00e+00	2.45e-05	1.79e-07	2.00e-07
 8.07944e+16	2.52e-05	3.43e-02	9.65e-01	5.89e-04	0.00e+00	0.00e+00	0.00e+00	0.00e+00	0.00e+00	2.48e-05	1.82e-07	2.04e-07
 1.05391e+17	2.56e-05	3.46e-02	9.65e-01	4.48e-04	0.00e+00	0.00e+00	0.00e+00	0.00e+00	0.00e+00	2.52e-05	1.86e-07	2.07e-07
 1.34912e+17	2.61e-05	3.50e-02	9.65e-01	3.21e-04	0.00e+00	0.00e+00	0.00e+00	0.00e+00	0.00e+00	2.56e-05	1.90e-07	2.12e-07
 1.73059e+17	2.67e-05	3.55e-02	9.64e-01	2.10e-04	0.00e+00	0.00e+00	0.00e+00	0.00e+00	0.00e+00	2.63e-05	1.96e-07	2.18e-07
 2.22649e+17	2.76e-05	3.62e-02	9.64e-01	1.22e-04	0.00e+00	0.00e+00	0.00e+00	0.00e+00	0.00e+00	2.72e-05	2.03e-07	2.27e-07
 2.87117e+17	2.89e-05	3.70e-02	9.63e-01	6.20e-05	0.00e+00	0.00e+00	0.00e+00	0.00e+00	0.00e+00	2.84e-05	2.13e-07	2.38e-07
 3.70925e+17	3.06e-05	3.82e-02	9.62e-01	2.74e-05	0.00e+00	0.00e+00	0.00e+00	0.00e+00	0.00e+00	3.01e-05	2.27e-07	2.54e-07
 4.79875e+17	3.31e-05	3.96e-02	9.60e-01	1.11e-05	0.00e+00	0.00e+00	0.00e+00	0.00e+00	0.00e+00	3.26e-05	2.47e-07	2.76e-07
 6.21511e+17	3.67e-05	4.16e-02	9.58e-01	4.65e-06	0.00e+00	0.00e+00	0.00e+00	0.00e+00	0.00e+00	3.62e-05	2.76e-07	3.08e-07
 8.05637e+17	4.21e-05	4.41e-02	9.56e-01	2.35e-06	0.00e+00	0.00e+00	0.00e+00	0.00e+00	0.00e+00	4.15e-05	3.18e-07	3.55e-07
 1.04500e+18	5.10e-05	4.79e-02	9.52e-01	1.39e-06	0.00e+00	0.00e+00	0.00e+00	0.00e+00	0.00e+00	5.02e-05	3.86e-07	4.32e-07
 1.35617e+18	6.71e-05	5.36e-02	9.46e-01	8.68e-07	0.00e+00	0.00e+00	0.00e+00	0.00e+00	0.00e+00	6.60e-05	5.10e-07	5.70e-07
 1.60866e+18	8.32e-05	5.85e-02	9.41e-01	6.54e-07	0.00e+00	0.00e+00	0.00e+00	0.00e+00	0.00e+00	8.19e-05	6.33e-07	7.07e-07
 1.76073e+18	9.64e-05	6.19e-02	9.38e-01	5.54e-07	0.00e+00	0.00e+00	0.00e+00	0.00e+00	0.00e+00	9.49e-05	7.30e-07	8.15e-07
 1.92801e+18	1.15e-04	6.62e-02	9.34e-01	4.65e-07	0.00e+00	0.00e+00	0.00e+00	0.00e+00	0.00e+00	1.13e-04	8.63e-07	9.64e-07
 2.12081e+18	1.42e-04	7.19e-02	9.28e-01	3.85e-07	0.00e+00	0.00e+00	0.00e+00	0.00e+00	0.00e+00	1.40e-04	1.06e-06	1.18e-06
 2.33289e+18	1.86e-04	8.00e-02	9.20e-01	3.11e-07	0.00e+00	0.00e+00	0.00e+00	0.00e+00	0.00e+00	1.83e-04	1.38e-06	1.54e-06
 2.53351e+18	2.43e-04	8.90e-02	9.11e-01	2.58e-07	0.00e+00	0.00e+00	0.00e+00	0.00e+00	0.00e+00	2.39e-04	1.80e-06	2.00e-06
 2.69550e+18	3.08e-04	9.80e-02	9.02e-01	2.21e-07	0.00e+00	0.00e+00	0.00e+00	0.00e+00	0.00e+00	3.03e-04	2.26e-06	2.52e-06
 2.83438e+18	3.86e-04	1.08e-01	8.92e-01	1.92e-07	0.00e+00	0.00e+00	0.00e+00	0.00e+00	0.00e+00	3.80e-04	2.82e-06	3.14e-06
 2.96484e+18	4.87e-04	1.19e-01	8.81e-01	1.67e-07	0.00e+00	0.00e+00	0.00e+00	0.00e+00	0.00e+00	4.80e-04	3.54e-06	3.93e-06
 3.08807e+18	6.17e-04	1.31e-01	8.68e-01	1.45e-07	0.00e+00	0.00e+00	0.00e+00	0.00e+00	0.00e+00	6.08e-04	4.46e-06	4.94e-06
 3.20038e+18	7.84e-04	1.45e-01	8.54e-01	1.26e-07	0.00e+00	0.00e+00	0.00e+00	0.00e+00	0.00e+00	7.72e-04	5.65e-06	6.24e-06
 3.29290e+18	9.72e-04	1.59e-01	8.40e-01	0.00e+00	0.00e+00	0.00e+00	0.00e+00	0.00e+00	0.00e+00	9.57e-04	7.00e-06	7.72e-06
 3.36518e+18	1.17e-03	1.73e-01	8.26e-01	0.00e+00	0.00e+00	0.00e+00	0.00e+00	0.00e+00	0.00e+00	1.15e-03	8.40e-06	9.24e-06
 3.43088e+18	1.39e-03	1.87e-01	8.12e-01	0.00e+00	0.00e+00	0.00e+00	0.00e+00	0.00e+00	0.00e+00	1.37e-03	1.00e-05	1.10e-05
 3.50640e+18	1.74e-03	2.06e-01	7.93e-01	0.00e+00	0.00e+00	0.00e+00	0.00e+00	0.00e+00	0.00e+00	1.71e-03	1.25e-05	1.37e-05
 3.58351e+18	2.21e-03	2.29e-01	7.69e-01	0.00e+00	0.00e+00	0.00e+00	0.00e+00	0.00e+00	0.00e+00	2.17e-03	1.60e-05	1.74e-05
 3.64346e+18	2.70e-03	2.50e-01	7.48e-01	0.00e+00	0.00e+00	0.00e+00	0.00e+00	0.00e+00	0.00e+00	2.66e-03	1.96e-05	2.12e-05
 3.69183e+18	3.22e-03	2.70e-01	7.27e-01	0.00e+00	0.00e+00	0.00e+00	0.00e+00	0.00e+00	0.00e+00	3.17e-03	2.35e-05	2.53e-05
 3.74441e+18	3.96e-03	2.95e-01	7.01e-01	0.00e+00	0.00e+00	0.00e+00	0.00e+00	0.00e+00	0.00e+00	3.90e-03	2.91e-05	3.12e-05
 3.79981e+18	4.98e-03	3.26e-01	6.69e-01	0.00e+00	0.00e+00	0.00e+00	0.00e+00	0.00e+00	0.00e+00	4.91e-03	3.69e-05	3.92e-05
 3.84539e+18	6.12e-03	3.55e-01	6.39e-01	0.00e+00	0.00e+00	0.00e+00	0.00e+00	0.00e+00	0.00e+00	6.03e-03	4.58e-05	4.83e-05
 3.88270e+18	7.33e-03	3.82e-01	6.10e-01	0.00e+00	0.00e+00	0.00e+00	0.00e+00	0.00e+00	0.00e+00	7.22e-03	5.53e-05	5.79e-05
 3.92274e+18	9.04e-03	4.16e-01	5.75e-01	0.00e+00	0.00e+00	0.00e+00	0.00e+00	0.00e+00	0.00e+00	8.90e-03	6.87e-05	7.14e-05
 3.96484e+18	1.14e-02	4.55e-01	5.33e-01	0.00e+00	0.00e+00	0.00e+00	0.00e+00	0.00e+00	0.00e+00	1.12e-02	8.76e-05	9.02e-05
 3.99929e+18	1.40e-02	4.92e-01	4.94e-01	0.00e+00	0.00e+00	0.00e+00	0.00e+00	0.00e+00	0.00e+00	1.38e-02	1.09e-04	1.11e-04
 4.02740e+18	1.67e-02	5.24e-01	4.59e-01	0.00e+00	0.00e+00	0.00e+00	0.00e+00	0.00e+00	0.00e+00	1.65e-02	1.31e-04	1.33e-04
 4.05765e+18	2.06e-02	5.63e-01	4.17e-01	0.00e+00	0.00e+00	0.00e+00	0.00e+00	0.00e+00	0.00e+00	2.03e-02	1.63e-04	1.64e-04
 4.08957e+18	2.59e-02	6.05e-01	3.69e-01	0.00e+00	0.00e+00	0.00e+00	0.00e+00	0.00e+00	0.00e+00	2.55e-02	2.08e-04	2.08e-04
 4.11584e+18	3.19e-02	6.42e-01	3.26e-01	0.00e+00	0.00e+00	0.00e+00	0.00e+00	0.00e+00	0.00e+00	3.14e-02	2.57e-04	2.56e-04
 4.13724e+18	3.82e-02	6.73e-01	2.89e-01	0.00e+00	0.00e+00	0.00e+00	0.00e+00	0.00e+00	0.00e+00	3.76e-02	3.11e-04	3.07e-04
 4.16017e+18	4.71e-02	7.06e-01	2.47e-01	0.00e+00	0.00e+00	0.00e+00	0.00e+00	0.00e+00	0.00e+00	4.63e-02	3.87e-04	3.81e-04
 4.18428e+18	5.94e-02	7.38e-01	2.03e-01	0.00e+00	0.00e+00	0.00e+00	0.00e+00	0.00e+00	0.00e+00	5.84e-02	4.92e-04	4.82e-04
 4.20397e+18	7.30e-02	7.60e-01	1.67e-01	0.00e+00	0.00e+00	0.00e+00	0.00e+00	0.00e+00	0.00e+00	7.18e-02	6.08e-04	5.93e-04
 4.21811e+18	8.56e-02	7.73e-01	1.41e-01	0.00e+00	0.00e+00	0.00e+00	0.00e+00	0.00e+00	0.00e+00	8.42e-02	7.15e-04	6.97e-04
 4.22836e+18	9.65e-02	7.80e-01	1.23e-01	0.00e+00	0.00e+00	0.00e+00	0.00e+00	0.00e+00	0.00e+00	9.49e-02	8.08e-04	7.85e-04
 4.23906e+18	1.10e-01	7.85e-01	1.05e-01	0.00e+00	0.00e+00	0.00e+00	0.00e+00	0.00e+00	0.00e+00	1.08e-01	9.26e-04	8.99e-04
 4.25053e+18	1.28e-01	7.86e-01	8.64e-02	0.00e+00	0.00e+00	0.00e+00	0.00e+00	0.00e+00	0.00e+00	1.26e-01	1.07e-03	1.04e-03
 4.26017e+18	1.45e-01	7.83e-01	7.19e-02	0.00e+00	0.00e+00	0.00e+00	0.00e+00	0.00e+00	0.00e+00	1.43e-01	1.22e-03	1.19e-03
 4.26798e+18	1.62e-01	7.77e-01	6.09e-02	0.00e+00	0.00e+00	0.00e+00	0.00e+00	0.00e+00	0.00e+00	1.60e-01	1.37e-03	1.32e-03
 4.27504e+18	1.80e-01	7.69e-01	5.17e-02	0.00e+00	0.00e+00	0.00e+00	0.00e+00	0.00e+00	0.00e+00	1.77e-01	1.51e-03	1.46e-03
 4.28199e+18	2.00e-01	7.57e-01	4.33e-02	0.00e+00	0.00e+00	0.00e+00	0.00e+00	0.00e+00	0.00e+00	1.96e-01	1.67e-03	1.62e-03
 4.28873e+18	2.21e-01	7.43e-01	3.59e-02	0.00e+00	0.00e+00	0.00e+00	0.00e+00	0.00e+00	0.00e+00	2.18e-01	1.85e-03	1.79e-03
 4.29496e+18	2.44e-01	7.26e-01	2.96e-02	0.00e+00	0.00e+00	0.00e+00	0.00e+00	0.00e+00	0.00e+00	2.40e-01	2.03e-03	1.96e-03
 4.30063e+18	2.67e-01	7.08e-01	2.46e-02	0.00e+00	0.00e+00	0.00e+00	0.00e+00	0.00e+00	0.00e+00	2.63e-01	2.21e-03	2.13e-03
 4.30593e+18	2.91e-01	6.89e-01	2.03e-02	0.00e+00	0.00e+00	0.00e+00	0.00e+00	0.00e+00	0.00e+00	2.86e-01	2.39e-03	2.31e-03
 4.31098e+18	3.16e-01	6.67e-01	1.67e-02	0.00e+00	0.00e+00	0.00e+00	0.00e+00	0.00e+00	0.00e+00	3.11e-01	2.58e-03	2.49e-03
 4.31582e+18	3.42e-01	6.44e-01	1.37e-02	0.00e+00	0.00e+00	0.00e+00	0.00e+00	0.00e+00	0.00e+00	3.37e-01	2.77e-03	2.67e-03
 4.32042e+18	3.69e-01	6.20e-01	1.11e-02	0.00e+00	0.00e+00	0.00e+00	0.00e+00	0.00e+00	0.00e+00	3.63e-01	2.95e-03	2.85e-03
 4.32478e+18	3.97e-01	5.94e-01	9.05e-03	0.00e+00	0.00e+00	0.00e+00	0.00e+00	0.00e+00	0.00e+00	3.91e-01	3.13e-03	3.02e-03
 4.32896e+18	4.25e-01	5.68e-01	7.31e-03	0.00e+00	0.00e+00	0.00e+00	0.00e+00	0.00e+00	0.00e+00	4.18e-01	3.31e-03	3.19e-03
 4.33299e+18	4.53e-01	5.41e-01	5.87e-03	0.00e+00	0.00e+00	0.00e+00	0.00e+00	0.00e+00	0.00e+00	4.46e-01	3.48e-03	3.36e-03
 4.33687e+18	4.82e-01	5.13e-01	4.69e-03	0.00e+00	0.00e+00	0.00e+00	0.00e+00	0.00e+00	0.00e+00	4.75e-01	3.64e-03	3.51e-03
 4.34048e+18	5.10e-01	4.87e-01	3.77e-03	0.00e+00	0.00e+00	0.00e+00	0.00e+00	0.00e+00	0.00e+00	5.02e-01	3.78e-03	3.64e-03
 4.34370e+18	5.35e-01	4.62e-01	3.07e-03	0.00e+00	0.00e+00	0.00e+00	0.00e+00	0.00e+00	0.00e+00	5.27e-01	3.90e-03	3.76e-03
 4.34658e+18	5.58e-01	4.40e-01	2.53e-03	0.00e+00	0.00e+00	0.00e+00	0.00e+00	0.00e+00	0.00e+00	5.50e-01	3.99e-03	3.85e-03
 4.34924e+18	5.79e-01	4.19e-01	2.10e-03	0.00e+00	0.00e+00	0.00e+00	0.00e+00	0.00e+00	0.00e+00	5.71e-01	4.07e-03	3.93e-03
 4.35132e+18	5.96e-01	4.03e-01	1.82e-03	0.00e+00	0.00e+00	0.00e+00	0.00e+00	0.00e+00	0.00e+00	5.87e-01	4.13e-03	3.98e-03
 4.35270e+18	6.06e-01	3.92e-01	1.65e-03	0.00e+00	0.00e+00	0.00e+00	0.00e+00	0.00e+00	0.00e+00	5.98e-01	4.16e-03	4.01e-03
 4.35403e+18	6.17e-01	3.82e-01	1.49e-03	0.00e+00	0.00e+00	0.00e+00	0.00e+00	0.00e+00	0.00e+00	6.09e-01	4.19e-03	4.04e-03
 4.35557e+18	6.30e-01	3.69e-01	1.32e-03	0.00e+00	0.00e+00	0.00e+00	0.00e+00	0.00e+00	0.00e+00	6.21e-01	4.23e-03	4.08e-03
 4.35718e+18	6.43e-01	3.56e-01	1.16e-03	0.00e+00	0.00e+00	0.00e+00	0.00e+00	0.00e+00	0.00e+00	6.34e-01	4.26e-03	4.11e-03
 4.35867e+18	6.55e-01	3.44e-01	1.03e-03	0.00e+00	0.00e+00	0.00e+00	0.00e+00	0.00e+00	0.00e+00	6.46e-01	4.28e-03	4.13e-03
 4.36010e+18	6.66e-01	3.33e-01	9.14e-04	0.00e+00	0.00e+00	0.00e+00	0.00e+00	0.00e+00	0.00e+00	6.58e-01	4.31e-03	4.15e-03
 4.36150e+18	6.78e-01	3.22e-01	8.13e-04	0.00e+00	0.00e+00	0.00e+00	0.00e+00	0.00e+00	0.00e+00	6.69e-01	4.32e-03	4.16e-03
 4.36291e+18	6.89e-01	3.10e-01	7.18e-04	0.00e+00	0.00e+00	0.00e+00	0.00e+00	0.00e+00	0.00e+00	6.81e-01	4.34e-03	4.18e-03
 4.36431e+18	7.00e-01	2.99e-01	6.36e-04	0.00e+00	0.00e+00	0.00e+00	0.00e+00	0.00e+00	0.00e+00	6.92e-01	4.34e-03	4.18e-03
 4.36567e+18	7.11e-01	2.88e-01	5.60e-04	0.00e+00	0.00e+00	0.00e+00	0.00e+00	0.00e+00	0.00e+00	7.03e-01	4.35e-03	4.19e-03
 4.36701e+18	7.22e-01	2.78e-01	4.96e-04	0.00e+00	0.00e+00	0.00e+00	0.00e+00	0.00e+00	0.00e+00	7.13e-01	4.35e-03	4.19e-03
 4.36834e+18	7.32e-01	2.67e-01	4.37e-04	0.00e+00	0.00e+00	0.00e+00	0.00e+00	0.00e+00	0.00e+00	7.24e-01	4.35e-03	4.19e-03
 4.36965e+18	7.42e-01	2.57e-01	3.86e-04	0.00e+00	0.00e+00	0.00e+00	0.00e+00	0.00e+00	0.00e+00	7.34e-01	4.33e-03	4.18e-03
 4.37094e+18	7.52e-01	2.47e-01	3.39e-04	0.00e+00	0.00e+00	0.00e+00	0.00e+00	0.00e+00	0.00e+00	7.44e-01	4.32e-03	4.17e-03
 4.37222e+18	7.62e-01	2.38e-01	2.99e-04	0.00e+00	0.00e+00	0.00e+00	0.00e+00	0.00e+00	0.00e+00	7.53e-01	4.30e-03	4.15e-03
 4.37348e+18	7.71e-01	2.29e-01	2.63e-04	0.00e+00	0.00e+00	0.00e+00	0.00e+00	0.00e+00	0.00e+00	7.63e-01	4.29e-03	4.13e-03
 4.37473e+18	7.80e-01	2.20e-01	2.31e-04	0.00e+00	0.00e+00	0.00e+00	0.00e+00	0.00e+00	0.00e+00	7.72e-01	4.26e-03	4.11e-03
 4.37596e+18	7.89e-01	2.11e-01	2.03e-04	0.00e+00	0.00e+00	0.00e+00	0.00e+00	0.00e+00	0.00e+00	7.81e-01	4.24e-03	4.08e-03
 4.37718e+18	7.98e-01	2.02e-01	1.78e-04	0.00e+00	0.00e+00	0.00e+00	0.00e+00	0.00e+00	0.00e+00	7.89e-01	4.22e-03	4.06e-03
 4.37839e+18	8.06e-01	1.94e-01	1.56e-04	0.00e+00	0.00e+00	0.00e+00	0.00e+00	0.00e+00	0.00e+00	7.98e-01	4.19e-03	4.03e-03
 4.37958e+18	8.14e-01	1.86e-01	1.37e-04	0.00e+00	0.00e+00	0.00e+00	0.00e+00	0.00e+00	0.00e+00	8.06e-01	4.16e-03	4.00e-03
 4.38076e+18	8.22e-01	1.78e-01	1.20e-04	0.00e+00	0.00e+00	0.00e+00	0.00e+00	0.00e+00	0.00e+00	8.14e-01	4.13e-03	3.97e-03
 4.38193e+18	8.29e-01	1.71e-01	1.05e-04	0.00e+00	0.00e+00	0.00e+00	0.00e+00	0.00e+00	0.00e+00	8.21e-01	4.10e-03	3.94e-03
 4.38309e+18	8.36e-01	1.63e-01	9.17e-05	0.00e+00	0.00e+00	0.00e+00	0.00e+00	0.00e+00	0.00e+00	8.28e-01	4.06e-03	3.91e-03
 4.38423e+18	8.43e-01	1.57e-01	8.02e-05	0.00e+00	0.00e+00	0.00e+00	0.00e+00	0.00e+00	0.00e+00	8.36e-01	4.03e-03	3.87e-03
 4.38537e+18	8.50e-01	1.50e-01	7.01e-05	0.00e+00	0.00e+00	0.00e+00	0.00e+00	0.00e+00	0.00e+00	8.42e-01	3.99e-03	3.84e-03
 4.38649e+18	8.57e-01	1.43e-01	6.11e-05	0.00e+00	0.00e+00	0.00e+00	0.00e+00	0.00e+00	0.00e+00	8.49e-01	3.96e-03	3.80e-03
 4.38760e+18	8.63e-01	1.37e-01	5.34e-05	0.00e+00	0.00e+00	0.00e+00	0.00e+00	0.00e+00	0.00e+00	8.55e-01	3.92e-03	3.77e-03
 4.38869e+18	8.69e-01	1.31e-01	4.66e-05	0.00e+00	0.00e+00	0.00e+00	0.00e+00	0.00e+00	0.00e+00	8.61e-01	3.89e-03	3.73e-03
 4.38976e+18	8.75e-01	1.25e-01	4.07e-05	0.00e+00	0.00e+00	0.00e+00	0.00e+00	0.00e+00	0.00e+00	8.67e-01	3.85e-03	3.69e-03
 4.39081e+18	8.80e-01	1.20e-01	3.57e-05	0.00e+00	0.00e+00	0.00e+00	0.00e+00	0.00e+00	0.00e+00	8.72e-01	3.82e-03	3.66e-03
 4.39184e+18	8.85e-01	1.15e-01	3.12e-05	0.00e+00	0.00e+00	0.00e+00	0.00e+00	0.00e+00	0.00e+00	8.78e-01	3.78e-03	3.62e-03
 4.39285e+18	8.90e-01	1.10e-01	2.74e-05	0.00e+00	0.00e+00	0.00e+00	0.00e+00	0.00e+00	0.00e+00	8.83e-01	3.75e-03	3.59e-03
 4.39384e+18	8.95e-01	1.05e-01	2.40e-05	0.00e+00	0.00e+00	0.00e+00	0.00e+00	0.00e+00	0.00e+00	8.87e-01	3.71e-03	3.56e-03
 4.39482e+18	8.99e-01	1.01e-01	2.11e-05	0.00e+00	0.00e+00	0.00e+00	0.00e+00	0.00e+00	0.00e+00	8.92e-01	3.68e-03	3.52e-03
 4.39578e+18	9.03e-01	9.67e-02	1.85e-05	0.00e+00	0.00e+00	0.00e+00	0.00e+00	0.00e+00	0.00e+00	8.96e-01	3.65e-03	3.49e-03
 4.39673e+18	9.07e-01	9.26e-02	1.63e-05	0.00e+00	0.00e+00	0.00e+00	0.00e+00	0.00e+00	0.00e+00	9.00e-01	3.62e-03	3.46e-03
 4.39766e+18	9.11e-01	8.88e-02	1.43e-05	0.00e+00	0.00e+00	0.00e+00	0.00e+00	0.00e+00	0.00e+00	9.04e-01	3.59e-03	3.43e-03
 4.39858e+18	9.15e-01	8.51e-02	1.26e-05	0.00e+00	0.00e+00	0.00e+00	0.00e+00	0.00e+00	0.00e+00	9.08e-01	3.56e-03	3.40e-03
 4.39949e+18	9.18e-01	8.16e-02	1.11e-05	0.00e+00	0.00e+00	0.00e+00	0.00e+00	0.00e+00	0.00e+00	9.12e-01	3.53e-03	3.37e-03
 4.40038e+18	9.22e-01	7.82e-02	9.80e-06	0.00e+00	0.00e+00	0.00e+00	0.00e+00	0.00e+00	0.00e+00	9.15e-01	3.50e-03	3.34e-03
 4.40126e+18	9.25e-01	7.50e-02	8.65e-06	0.00e+00	0.00e+00	0.00e+00	0.00e+00	0.00e+00	0.00e+00	9.18e-01	3.47e-03	3.31e-03
 4.40213e+18	9.28e-01	7.19e-02	7.64e-06	0.00e+00	0.00e+00	0.00e+00	0.00e+00	0.00e+00	0.00e+00	9.21e-01	3.45e-03	3.28e-03
 4.40298e+18	9.31e-01	6.90e-02	6.75e-06	0.00e+00	0.00e+00	0.00e+00	0.00e+00	0.00e+00	0.00e+00	9.24e-01	3.42e-03	3.26e-03
 4.40383e+18	9.34e-01	6.62e-02	5.96e-06	0.00e+00	0.00e+00	0.00e+00	0.00e+00	0.00e+00	0.00e+00	9.27e-01	3.40e-03	3.23e-03
 4.40466e+18	9.36e-01	6.35e-02	5.28e-06	0.00e+00	0.00e+00	0.00e+00	0.00e+00	0.00e+00	0.00e+00	9.30e-01	3.37e-03	3.21e-03
 4.40548e+18	9.39e-01	6.10e-02	4.67e-06	0.00e+00	0.00e+00	0.00e+00	0.00e+00	0.00e+00	0.00e+00	9.32e-01	3.35e-03	3.18e-03
 4.40630e+18	9.41e-01	5.85e-02	4.14e-06	0.00e+00	0.00e+00	0.00e+00	0.00e+00	0.00e+00	0.00e+00	9.35e-01	3.33e-03	3.16e-03
 4.40710e+18	9.44e-01	5.62e-02	3.66e-06	0.00e+00	0.00e+00	0.00e+00	0.00e+00	0.00e+00	0.00e+00	9.37e-01	3.31e-03	3.14e-03
 4.40790e+18	9.46e-01	5.40e-02	3.25e-06	0.00e+00	0.00e+00	0.00e+00	0.00e+00	0.00e+00	0.00e+00	9.40e-01	3.29e-03	3.12e-03
 4.40868e+18	9.48e-01	5.18e-02	2.88e-06	0.00e+00	0.00e+00	0.00e+00	0.00e+00	0.00e+00	0.00e+00	9.42e-01	3.27e-03	3.10e-03
 4.40946e+18	9.50e-01	4.98e-02	2.56e-06	0.00e+00	0.00e+00	0.00e+00	0.00e+00	0.00e+00	0.00e+00	9.44e-01	3.25e-03	3.08e-03
 4.41023e+18	9.52e-01	4.78e-02	2.27e-06	0.00e+00	0.00e+00	0.00e+00	0.00e+00	0.00e+00	0.00e+00	9.46e-01	3.23e-03	3.06e-03
 4.41099e+18	9.54e-01	4.59e-02	2.02e-06	0.00e+00	0.00e+00	0.00e+00	0.00e+00	0.00e+00	0.00e+00	9.48e-01	3.22e-03	3.05e-03
 4.41174e+18	9.56e-01	4.41e-02	1.79e-06	0.00e+00	0.00e+00	0.00e+00	0.00e+00	0.00e+00	0.00e+00	9.50e-01	3.20e-03	3.03e-03
 4.41248e+18	9.58e-01	4.24e-02	1.60e-06	0.00e+00	0.00e+00	0.00e+00	0.00e+00	0.00e+00	0.00e+00	9.51e-01	3.19e-03	3.01e-03
 4.41321e+18	9.59e-01	4.08e-02	1.42e-06	0.00e+00	0.00e+00	0.00e+00	0.00e+00	0.00e+00	0.00e+00	9.53e-01	3.18e-03	3.00e-03
 4.41394e+18	9.61e-01	3.92e-02	1.26e-06	0.00e+00	0.00e+00	0.00e+00	0.00e+00	0.00e+00	0.00e+00	9.55e-01	3.16e-03	2.99e-03
 4.41466e+18	9.62e-01	3.76e-02	1.13e-06	0.00e+00	0.00e+00	0.00e+00	0.00e+00	0.00e+00	0.00e+00	9.56e-01	3.15e-03	2.97e-03
 4.41537e+18	9.64e-01	3.62e-02	1.00e-06	0.00e+00	0.00e+00	0.00e+00	0.00e+00	0.00e+00	0.00e+00	9.58e-01	3.14e-03	2.96e-03
 4.41607e+18	9.65e-01	3.48e-02	8.94e-07	0.00e+00	0.00e+00	0.00e+00	0.00e+00	0.00e+00	0.00e+00	9.59e-01	3.13e-03	2.95e-03
 4.41677e+18	9.67e-01	3.34e-02	7.97e-07	0.00e+00	0.00e+00	0.00e+00	0.00e+00	0.00e+00	0.00e+00	9.60e-01	3.13e-03	2.94e-03
 4.41745e+18	9.68e-01	3.22e-02	7.12e-07	0.00e+00	0.00e+00	0.00e+00	0.00e+00	0.00e+00	0.00e+00	9.62e-01	3.12e-03	2.93e-03
 4.41813e+18	9.69e-01	3.09e-02	6.35e-07	0.00e+00	0.00e+00	0.00e+00	0.00e+00	0.00e+00	0.00e+00	9.63e-01	3.11e-03	2.93e-03
 4.41880e+18	9.70e-01	2.97e-02	5.67e-07	0.00e+00	0.00e+00	0.00e+00	0.00e+00	0.00e+00	0.00e+00	9.64e-01	3.11e-03	2.92e-03
 4.41946e+18	9.71e-01	2.86e-02	5.07e-07	0.00e+00	0.00e+00	0.00e+00	0.00e+00	0.00e+00	0.00e+00	9.65e-01	3.10e-03	2.92e-03
 4.42011e+18	9.73e-01	2.75e-02	4.53e-07	0.00e+00	0.00e+00	0.00e+00	0.00e+00	0.00e+00	0.00e+00	9.67e-01	3.10e-03	2.91e-03
 4.42075e+18	9.74e-01	2.64e-02	4.05e-07	0.00e+00	0.00e+00	0.00e+00	0.00e+00	0.00e+00	0.00e+00	9.68e-01	3.10e-03	2.91e-03
 4.42138e+18	9.75e-01	2.54e-02	3.63e-07	0.00e+00	0.00e+00	0.00e+00	0.00e+00	0.00e+00	0.00e+00	9.69e-01	3.10e-03	2.91e-03
 4.42200e+18	9.76e-01	2.44e-02	3.25e-07	0.00e+00	0.00e+00	0.00e+00	0.00e+00	0.00e+00	0.00e+00	9.70e-01	3.10e-03	2.91e-03
 4.42261e+18	9.77e-01	2.35e-02	2.91e-07	0.00e+00	0.00e+00	0.00e+00	0.00e+00	0.00e+00	0.00e+00	9.71e-01	3.11e-03	2.91e-03
 4.42321e+18	9.77e-01	2.26e-02	2.61e-07	0.00e+00	0.00e+00	0.00e+00	0.00e+00	0.00e+00	0.00e+00	9.71e-01	3.11e-03	2.91e-03
 4.42378e+18	9.78e-01	2.17e-02	2.35e-07	0.00e+00	0.00e+00	0.00e+00	0.00e+00	0.00e+00	0.00e+00	9.72e-01	3.12e-03	2.92e-03
 4.42434e+18	9.79e-01	2.09e-02	2.11e-07	0.00e+00	0.00e+00	0.00e+00	0.00e+00	0.00e+00	0.00e+00	9.73e-01	3.13e-03	2.92e-03
 4.42489e+18	9.80e-01	2.00e-02	1.89e-07	0.00e+00	0.00e+00	0.00e+00	0.00e+00	0.00e+00	0.00e+00	9.74e-01	3.14e-03	2.93e-03
 4.42539e+18	9.81e-01	1.93e-02	1.71e-07	0.00e+00	0.00e+00	0.00e+00	0.00e+00	0.00e+00	0.00e+00	9.75e-01	3.15e-03	2.94e-03
 4.42585e+18	9.81e-01	1.85e-02	1.56e-07	0.00e+00	0.00e+00	0.00e+00	0.00e+00	0.00e+00	0.00e+00	9.75e-01	3.18e-03	2.95e-03
 4.42625e+18	9.82e-01	1.80e-02	1.44e-07	0.00e+00	0.00e+00	0.00e+00	0.00e+00	0.00e+00	0.00e+00	9.76e-01	3.19e-03	2.96e-03
 4.42660e+18	9.83e-01	1.74e-02	1.33e-07	0.00e+00	0.00e+00	0.00e+00	0.00e+00	0.00e+00	0.00e+00	9.76e-01	3.22e-03	2.98e-03
 4.42691e+18	9.83e-01	1.69e-02	1.24e-07	0.00e+00	0.00e+00	0.00e+00	0.00e+00	0.00e+00	0.00e+00	9.77e-01	3.23e-03	2.99e-03
 4.42719e+18	9.84e-01	1.64e-02	1.16e-07	0.00e+00	0.00e+00	0.00e+00	0.00e+00	0.00e+00	0.00e+00	9.77e-01	3.26e-03	3.02e-03
 4.42743e+18	9.84e-01	1.60e-02	1.09e-07	0.00e+00	0.00e+00	0.00e+00	0.00e+00	0.00e+00	0.00e+00	9.78e-01	3.29e-03	3.04e-03
 4.42763e+18	9.84e-01	1.56e-02	1.04e-07	0.00e+00	0.00e+00	0.00e+00	0.00e+00	0.00e+00	0.00e+00	9.78e-01	3.31e-03	3.05e-03
 4.42782e+18	9.85e-01	1.52e-02	9.80e-08	0.00e+00	0.00e+00	0.00e+00	0.00e+00	0.00e+00	0.00e+00	9.78e-01	3.34e-03	3.08e-03
 4.42799e+18	9.85e-01	1.49e-02	9.38e-08	0.00e+00	0.00e+00	0.00e+00	0.00e+00	0.00e+00	0.00e+00	9.79e-01	3.36e-03	3.09e-03
 4.42813e+18	9.85e-01	1.46e-02	8.93e-08	0.00e+00	0.00e+00	0.00e+00	0.00e+00	0.00e+00	0.00e+00	9.79e-01	3.40e-03	3.12e-03
 4.42826e+18	9.86e-01	1.43e-02	8.61e-08	0.00e+00	0.00e+00	0.00e+00	0.00e+00	0.00e+00	0.00e+00	9.79e-01	3.42e-03	3.14e-03
 4.42838e+18	9.86e-01	1.40e-02	8.23e-08	0.00e+00	0.00e+00	0.00e+00	0.00e+00	0.00e+00	0.00e+00	9.79e-01	3.46e-03	3.17e-03
 4.42848e+18	9.86e-01	1.37e-02	7.96e-08	0.00e+00	0.00e+00	0.00e+00	0.00e+00	0.00e+00	0.00e+00	9.80e-01	3.48e-03	3.19e-03
 4.42858e+18	9.87e-01	1.34e-02	7.64e-08	0.00e+00	0.00e+00	0.00e+00	0.00e+00	0.00e+00	0.00e+00	9.80e-01	3.53e-03	3.22e-03
 4.42866e+18	9.87e-01	1.32e-02	7.42e-08	0.00e+00	0.00e+00	0.00e+00	0.00e+00	0.00e+00	0.00e+00	9.80e-01	3.55e-03	3.24e-03
 4.42874e+18	9.87e-01	1.29e-02	7.13e-08	0.00e+00	0.00e+00	0.00e+00	0.00e+00	0.00e+00	0.00e+00	9.80e-01	3.59e-03	3.28e-03
 4.42882e+18	9.87e-01	1.27e-02	6.94e-08	0.00e+00	0.00e+00	0.00e+00	0.00e+00	0.00e+00	0.00e+00	9.80e-01	3.62e-03	3.29e-03
 4.42888e+18	9.88e-01	1.25e-02	6.68e-08	0.00e+00	0.00e+00	0.00e+00	0.00e+00	0.00e+00	0.00e+00	9.81e-01	3.66e-03	3.33e-03
 4.42894e+18	9.88e-01	1.23e-02	6.52e-08	0.00e+00	0.00e+00	0.00e+00	0.00e+00	0.00e+00	0.00e+00	9.81e-01	3.69e-03	3.35e-03
 4.42899e+18	9.88e-01	1.20e-02	6.28e-08	0.00e+00	0.00e+00	0.00e+00	0.00e+00	0.00e+00	0.00e+00	9.81e-01	3.74e-03	3.39e-03
 4.42905e+18	9.88e-01	1.18e-02	6.14e-08	0.00e+00	0.00e+00	0.00e+00	0.00e+00	0.00e+00	0.00e+00	9.81e-01	3.76e-03	3.41e-03
 4.42909e+18	9.88e-01	1.16e-02	5.91e-08	0.00e+00	0.00e+00	0.00e+00	0.00e+00	0.00e+00	0.00e+00	9.81e-01	3.82e-03	3.46e-03
 4.42914e+18	9.89e-01	1.13e-02	5.70e-08	0.00e+00	0.00e+00	0.00e+00	0.00e+00	0.00e+00	0.00e+00	9.81e-01	3.87e-03	3.50e-03
 4.42918e+18	9.89e-01	1.10e-02	5.48e-08	0.00e+00	0.00e+00	0.00e+00	0.00e+00	0.00e+00	0.00e+00	9.81e-01	3.93e-03	3.55e-03
 4.42923e+18	9.89e-01	1.07e-02	5.25e-08	0.00e+00	0.00e+00	0.00e+00	0.00e+00	0.00e+00	0.00e+00	9.82e-01	4.00e-03	3.60e-03
 4.42927e+18	9.90e-01	1.01e-02	4.85e-08	0.00e+00	0.00e+00	0.00e+00	0.00e+00	0.00e+00	0.00e+00	9.82e-01	4.15e-03	3.73e-03
 4.42932e+18	9.97e-01	2.65e-03	6.67e-09	0.00e+00	0.00e+00	0.00e+00	0.00e+00	0.00e+00	0.00e+00	9.86e-01	6.10e-03	4.96e-03
 4.42936e+18	9.97e-01	2.55e-03	6.19e-09	0.00e+00	0.00e+00	0.00e+00	0.00e+00	0.00e+00	0.00e+00	9.87e-01	5.98e-03	4.84e-03
 4.42940e+18	9.98e-01	2.49e-03	5.86e-09	0.00e+00	0.00e+00	0.00e+00	0.00e+00	0.00e+00	0.00e+00	9.87e-01	5.89e-03	4.75e-03
 4.42945e+18	9.98e-01	2.42e-03	5.56e-09	0.00e+00	0.00e+00	0.00e+00	0.00e+00	0.00e+00	0.00e+00	9.87e-01	5.81e-03	4.67e-03
 4.42949e+18	9.98e-01	2.36e-03	5.27e-09	0.00e+00	0.00e+00	0.00e+00	0.00e+00	0.00e+00	0.00e+00	9.87e-01	5.72e-03	4.58e-03
 4.42954e+18	9.98e-01	2.30e-03	5.00e-09	0.00e+00	0.00e+00	0.00e+00	0.00e+00	0.00e+00	0.00e+00	9.88e-01	5.63e-03	4.50e-03
 4.42958e+18	9.98e-01	2.24e-03	4.74e-09	0.00e+00	0.00e+00	0.00e+00	0.00e+00	0.00e+00	0.00e+00	9.88e-01	5.55e-03	4.42e-03
 4.42963e+18	9.98e-01	2.18e-03	4.50e-09	0.00e+00	0.00e+00	0.00e+00	0.00e+00	0.00e+00	0.00e+00	9.88e-01	5.46e-03	4.33e-03
 4.42967e+18	9.98e-01	2.13e-03	4.28e-09	0.00e+00	0.00e+00	0.00e+00	0.00e+00	0.00e+00	0.00e+00	9.88e-01	5.37e-03	4.25e-03
 4.42971e+18	9.98e-01	2.07e-03	4.07e-09	0.00e+00	0.00e+00	0.00e+00	0.00e+00	0.00e+00	0.00e+00	9.88e-01	5.29e-03	4.17e-03
 4.42976e+18	9.98e-01	2.02e-03	3.87e-09	0.00e+00	0.00e+00	0.00e+00	0.00e+00	0.00e+00	0.00e+00	9.89e-01	5.20e-03	4.09e-03
 4.42980e+18	9.98e-01	1.97e-03	3.68e-09	0.00e+00	0.00e+00	0.00e+00	0.00e+00	0.00e+00	0.00e+00	9.89e-01	5.12e-03	4.01e-03
 4.42985e+18	9.98e-01	1.92e-03	3.50e-09	0.00e+00	0.00e+00	0.00e+00	0.00e+00	0.00e+00	0.00e+00	9.89e-01	5.04e-03	3.93e-03
 4.42989e+18	9.98e-01	1.88e-03	3.33e-09	0.00e+00	0.00e+00	0.00e+00	0.00e+00	0.00e+00	0.00e+00	9.89e-01	4.95e-03	3.85e-03
 4.42994e+18	9.98e-01	1.83e-03	3.17e-09	0.00e+00	0.00e+00	0.00e+00	0.00e+00	0.00e+00	0.00e+00	9.90e-01	4.87e-03	3.78e-03
 4.42998e+18	9.98e-01	1.78e-03	3.01e-09	0.00e+00	0.00e+00	0.00e+00	0.00e+00	0.00e+00	0.00e+00	9.90e-01	4.79e-03	3.71e-03
 4.43002e+18	9.98e-01	1.74e-03	2.86e-09	0.00e+00	0.00e+00	0.00e+00	0.00e+00	0.00e+00	0.00e+00	9.90e-01	4.71e-03	3.64e-03
 4.43007e+18	9.98e-01	1.69e-03	2.72e-09	0.00e+00	0.00e+00	0.00e+00	0.00e+00	0.00e+00	0.00e+00	9.90e-01	4.63e-03	3.57e-03
 4.43011e+18	9.98e-01	1.65e-03	2.59e-09	0.00e+00	0.00e+00	0.00e+00	0.00e+00	0.00e+00	0.00e+00	9.90e-01	4.56e-03	3.50e-03
 4.43016e+18	9.98e-01	1.61e-03	2.46e-09	0.00e+00	0.00e+00	0.00e+00	0.00e+00	0.00e+00	0.00e+00	9.90e-01	4.48e-03	3.43e-03
 4.43020e+18	9.98e-01	1.57e-03	2.35e-09	0.00e+00	0.00e+00	0.00e+00	0.00e+00	0.00e+00	0.00e+00	9.91e-01	4.40e-03	3.35e-03
 4.43025e+18	9.98e-01	1.53e-03	2.24e-09	0.00e+00	0.00e+00	0.00e+00	0.00e+00	0.00e+00	0.00e+00	9.91e-01	4.34e-03	3.29e-03
 4.43029e+18	9.99e-01	1.49e-03	2.13e-09	0.00e+00	0.00e+00	0.00e+00	0.00e+00	0.00e+00	0.00e+00	9.91e-01	4.26e-03	3.21e-03
 4.43033e+18	9.99e-01	1.45e-03	2.03e-09	0.00e+00	0.00e+00	0.00e+00	0.00e+00	0.00e+00	0.00e+00	9.91e-01	4.18e-03	3.14e-03
 4.43038e+18	9.99e-01	1.42e-03	1.93e-09	0.00e+00	0.00e+00	0.00e+00	0.00e+00	0.00e+00	0.00e+00	9.91e-01	4.11e-03	3.07e-03
 4.43042e+18	9.99e-01	1.38e-03	1.84e-09	0.00e+00	0.00e+00	0.00e+00	0.00e+00	0.00e+00	0.00e+00	9.92e-01	4.04e-03	3.01e-03
 4.43047e+18	9.99e-01	1.35e-03	1.74e-09	0.00e+00	0.00e+00	0.00e+00	0.00e+00	0.00e+00	0.00e+00	9.92e-01	3.96e-03	2.93e-03
 4.43053e+18	9.99e-01	1.31e-03	1.65e-09	0.00e+00	0.00e+00	0.00e+00	0.00e+00	0.00e+00	0.00e+00	9.92e-01	3.88e-03	2.86e-03
 4.43058e+18	9.99e-01	1.27e-03	1.56e-09	0.00e+00	0.00e+00	0.00e+00	0.00e+00	0.00e+00	0.00e+00	9.92e-01	3.79e-03	2.79e-03
 4.43062e+18	9.99e-01	1.24e-03	1.49e-09	0.00e+00	0.00e+00	0.00e+00	0.00e+00	0.00e+00	0.00e+00	9.92e-01	3.73e-03	2.73e-03
 4.43068e+18	9.99e-01	1.21e-03	1.41e-09	0.00e+00	0.00e+00	0.00e+00	0.00e+00	0.00e+00	0.00e+00	9.92e-01	3.65e-03	2.67e-03
 4.43073e+18	9.99e-01	1.17e-03	1.33e-09	0.00e+00	0.00e+00	0.00e+00	0.00e+00	0.00e+00	0.00e+00	9.93e-01	3.57e-03	2.60e-03
 4.43078e+18	9.99e-01	1.14e-03	1.26e-09	0.00e+00	0.00e+00	0.00e+00	0.00e+00	0.00e+00	0.00e+00	9.93e-01	3.50e-03	2.54e-03
 4.43084e+18	9.99e-01	1.11e-03	1.19e-09	0.00e+00	0.00e+00	0.00e+00	0.00e+00	0.00e+00	0.00e+00	9.93e-01	3.42e-03	2.47e-03
 4.43089e+18	9.99e-01	1.07e-03	1.12e-09	0.00e+00	0.00e+00	0.00e+00	0.00e+00	0.00e+00	0.00e+00	9.93e-01	3.34e-03	2.40e-03
 4.43095e+18	9.99e-01	1.04e-03	1.06e-09	0.00e+00	0.00e+00	0.00e+00	0.00e+00	0.00e+00	0.00e+00	9.93e-01	3.27e-03	2.34e-03
 4.43100e+18	9.99e-01	1.02e-03	1.01e-09	0.00e+00	0.00e+00	0.00e+00	0.00e+00	0.00e+00	0.00e+00	9.93e-01	3.20e-03	2.28e-03
 4.43105e+18	9.99e-01	9.87e-04	9.57e-10	0.00e+00	0.00e+00	0.00e+00	0.00e+00	0.00e+00	0.00e+00	9.94e-01	3.13e-03	2.22e-03
 4.43111e+18	9.99e-01	9.57e-04	9.03e-10	0.00e+00	0.00e+00	0.00e+00	0.00e+00	0.00e+00	0.00e+00	9.94e-01	3.06e-03	2.16e-03
 4.43116e+18	9.99e-01	9.31e-04	8.57e-10	0.00e+00	0.00e+00	0.00e+00	0.00e+00	0.00e+00	0.00e+00	9.94e-01	2.99e-03	2.11e-03
 4.43122e+18	9.99e-01	9.02e-04	8.07e-10	0.00e+00	0.00e+00	0.00e+00	0.00e+00	0.00e+00	0.00e+00	9.94e-01	2.92e-03	2.05e-03
 4.43128e+18	9.99e-01	8.73e-04	7.59e-10	0.00e+00	0.00e+00	0.00e+00	0.00e+00	0.00e+00	0.00e+00	9.94e-01	2.85e-03	1.99e-03
 4.43134e+18	9.99e-01	8.48e-04	7.19e-10	0.00e+00	0.00e+00	0.00e+00	0.00e+00	0.00e+00	0.00e+00	9.94e-01	2.78e-03	1.93e-03
 4.43139e+18	9.99e-01	8.25e-04	6.84e-10	0.00e+00	0.00e+00	0.00e+00	0.00e+00	0.00e+00	0.00e+00	9.95e-01	2.73e-03	1.88e-03
 4.43145e+18	9.99e-01	8.01e-04	6.46e-10	0.00e+00	0.00e+00	0.00e+00	0.00e+00	0.00e+00	0.00e+00	9.95e-01	2.66e-03	1.83e-03
 4.43151e+18	9.99e-01	7.76e-04	6.10e-10	0.00e+00	0.00e+00	0.00e+00	0.00e+00	0.00e+00	0.00e+00	9.95e-01	2.60e-03	1.77e-03
 4.43156e+18	9.99e-01	7.54e-04	5.78e-10	0.00e+00	0.00e+00	0.00e+00	0.00e+00	0.00e+00	0.00e+00	9.95e-01	2.54e-03	1.73e-03
 4.43163e+18	9.99e-01	7.31e-04	5.45e-10	0.00e+00	0.00e+00	0.00e+00	0.00e+00	0.00e+00	0.00e+00	9.95e-01	2.48e-03	1.67e-03
 4.43169e+18	9.99e-01	7.07e-04	5.13e-10	0.00e+00	0.00e+00	0.00e+00	0.00e+00	0.00e+00	0.00e+00	9.95e-01	2.41e-03	1.62e-03
 4.43175e+18	9.99e-01	6.86e-04	4.86e-10	0.00e+00	0.00e+00	0.00e+00	0.00e+00	0.00e+00	0.00e+00	9.95e-01	2.35e-03	1.57e-03
 4.43182e+18	9.99e-01	6.64e-04	4.57e-10	0.00e+00	0.00e+00	0.00e+00	0.00e+00	0.00e+00	0.00e+00	9.96e-01	2.29e-03	1.52e-03
 4.43189e+18	9.99e-01	6.41e-04	4.29e-10	0.00e+00	0.00e+00	0.00e+00	0.00e+00	0.00e+00	0.00e+00	9.96e-01	2.22e-03	1.47e-03
 4.43195e+18	9.99e-01	6.21e-04	4.05e-10	0.00e+00	0.00e+00	0.00e+00	0.00e+00	0.00e+00	0.00e+00	9.96e-01	2.17e-03	1.42e-03
 4.43202e+18	9.99e-01	5.99e-04	3.80e-10	0.00e+00	0.00e+00	0.00e+00	0.00e+00	0.00e+00	0.00e+00	9.96e-01	2.10e-03	1.37e-03
 4.43210e+18	9.99e-01	5.77e-04	3.56e-10	0.00e+00	0.00e+00	0.00e+00	0.00e+00	0.00e+00	0.00e+00	9.96e-01	2.04e-03	1.32e-03
 4.43217e+18	9.99e-01	5.57e-04	3.36e-10	0.00e+00	0.00e+00	0.00e+00	0.00e+00	0.00e+00	0.00e+00	9.96e-01	1.98e-03	1.27e-03
 4.43225e+18	9.99e-01	5.37e-04	3.14e-10	0.00e+00	0.00e+00	0.00e+00	0.00e+00	0.00e+00	0.00e+00	9.96e-01	1.92e-03	1.22e-03
 4.43233e+18	9.99e-01	5.15e-04	2.93e-10	0.00e+00	0.00e+00	0.00e+00	0.00e+00	0.00e+00	0.00e+00	9.96e-01	1.85e-03	1.17e-03
 4.43240e+18	1.00e+00	4.94e-04	2.75e-10	0.00e+00	0.00e+00	0.00e+00	0.00e+00	0.00e+00	0.00e+00	9.97e-01	1.80e-03	1.13e-03
 4.43248e+18	1.00e+00	4.62e-04	2.52e-10	0.00e+00	0.00e+00	0.00e+00	0.00e+00	0.00e+00	0.00e+00	9.97e-01	1.74e-03	1.08e-03
 4.43259e+18	1.00e+00	4.22e-04	2.24e-10	0.00e+00	0.00e+00	0.00e+00	0.00e+00	0.00e+00	0.00e+00	9.97e-01	1.66e-03	1.02e-03
 4.43271e+18	1.00e+00	3.91e-04	2.02e-10	0.00e+00	0.00e+00	0.00e+00	0.00e+00	0.00e+00	0.00e+00	9.97e-01	1.58e-03	9.52e-04
 4.43283e+18	1.00e+00	3.63e-04	1.83e-10	0.00e+00	0.00e+00	0.00e+00	0.00e+00	0.00e+00	0.00e+00	9.97e-01	1.50e-03	8.93e-04
 4.43295e+18	1.00e+00	3.39e-04	1.67e-10	0.00e+00	0.00e+00	0.00e+00	0.00e+00	0.00e+00	0.00e+00	9.97e-01	1.43e-03	8.40e-04
 4.43306e+18	1.00e+00	3.15e-04	1.53e-10	0.00e+00	0.00e+00	0.00e+00	0.00e+00	0.00e+00	0.00e+00	9.98e-01	1.37e-03	7.89e-04
 4.43319e+18	1.00e+00	2.93e-04	1.40e-10	0.00e+00	0.00e+00	0.00e+00	0.00e+00	0.00e+00	0.00e+00	9.98e-01	1.30e-03	7.39e-04
 4.43331e+18	1.00e+00	2.71e-04	1.29e-10	0.00e+00	0.00e+00	0.00e+00	0.00e+00	0.00e+00	0.00e+00	9.98e-01	1.24e-03	6.92e-04
 4.43344e+18	1.00e+00	2.51e-04	1.19e-10	0.00e+00	0.00e+00	0.00e+00	0.00e+00	0.00e+00	0.00e+00	9.98e-01	1.18e-03	6.48e-04
 4.43356e+18	1.00e+00	2.33e-04	1.10e-10	0.00e+00	0.00e+00	0.00e+00	0.00e+00	0.00e+00	0.00e+00	9.98e-01	1.12e-03	6.06e-04
 4.43369e+18	1.00e+00	2.16e-04	1.03e-10	0.00e+00	0.00e+00	0.00e+00	0.00e+00	0.00e+00	0.00e+00	9.98e-01	1.06e-03	5.68e-04
 4.43382e+18	1.00e+00	2.00e-04	9.60e-11	0.00e+00	0.00e+00	0.00e+00	0.00e+00	0.00e+00	0.00e+00	9.98e-01	1.01e-03	5.32e-04
 4.43395e+18	1.00e+00	1.85e-04	9.01e-11	0.00e+00	0.00e+00	0.00e+00	0.00e+00	0.00e+00	0.00e+00	9.98e-01	9.57e-04	4.98e-04
 4.43408e+18	1.00e+00	1.71e-04	8.49e-11	0.00e+00	0.00e+00	0.00e+00	0.00e+00	0.00e+00	0.00e+00	9.98e-01	9.08e-04	4.67e-04
 4.43421e+18	1.00e+00	1.58e-04	8.04e-11	0.00e+00	0.00e+00	0.00e+00	0.00e+00	0.00e+00	0.00e+00	9.99e-01	8.61e-04	4.37e-04
 4.43434e+18	1.00e+00	1.45e-04	7.64e-11	0.00e+00	0.00e+00	0.00e+00	0.00e+00	0.00e+00	0.00e+00	9.99e-01	8.16e-04	4.07e-04
 4.43448e+18	1.00e+00	1.34e-04	7.30e-11	0.00e+00	0.00e+00	0.00e+00	0.00e+00	0.00e+00	0.00e+00	9.99e-01	7.74e-04	3.81e-04
 4.43462e+18	1.00e+00	1.23e-04	7.00e-11	0.00e+00	0.00e+00	0.00e+00	0.00e+00	0.00e+00	0.00e+00	9.99e-01	7.33e-04	3.56e-04
 4.43475e+18	1.00e+00	1.14e-04	6.74e-11	0.00e+00	0.00e+00	0.00e+00	0.00e+00	0.00e+00	0.00e+00	9.99e-01	6.95e-04	3.32e-04
 4.43489e+18	1.00e+00	1.05e-04	6.51e-11	0.00e+00	0.00e+00	0.00e+00	0.00e+00	0.00e+00	0.00e+00	9.99e-01	6.58e-04	3.10e-04
 4.43503e+18	1.00e+00	9.61e-05	6.31e-11	0.00e+00	0.00e+00	0.00e+00	0.00e+00	0.00e+00	0.00e+00	9.99e-01	6.23e-04	2.89e-04
 4.43518e+18	1.00e+00	8.82e-05	6.13e-11	0.00e+00	0.00e+00	0.00e+00	0.00e+00	0.00e+00	0.00e+00	9.99e-01	5.89e-04	2.69e-04
 4.43532e+18	1.00e+00	8.09e-05	5.98e-11	0.00e+00	0.00e+00	0.00e+00	0.00e+00	0.00e+00	0.00e+00	9.99e-01	5.57e-04	2.50e-04
 4.43546e+18	1.00e+00	7.42e-05	5.85e-11	0.00e+00	0.00e+00	0.00e+00	0.00e+00	0.00e+00	0.00e+00	9.99e-01	5.27e-04	2.33e-04
 4.43561e+18	1.00e+00	6.79e-05	5.73e-11	0.00e+00	0.00e+00	0.00e+00	0.00e+00	0.00e+00	0.00e+00	9.99e-01	4.98e-04	2.16e-04
 4.43576e+18	1.00e+00	6.22e-05	5.63e-11	0.00e+00	0.00e+00	0.00e+00	0.00e+00	0.00e+00	0.00e+00	9.99e-01	4.70e-04	2.01e-04
 4.43591e+18	1.00e+00	5.68e-05	5.54e-11	0.00e+00	0.00e+00	0.00e+00	0.00e+00	0.00e+00	0.00e+00	9.99e-01	4.44e-04	1.87e-04
 4.43606e+18	1.00e+00	5.19e-05	5.46e-11	0.00e+00	0.00e+00	0.00e+00	0.00e+00	0.00e+00	0.00e+00	9.99e-01	4.19e-04	1.73e-04
 4.43621e+18	1.00e+00	4.74e-05	5.40e-11	0.00e+00	0.00e+00	0.00e+00	0.00e+00	0.00e+00	0.00e+00	9.99e-01	3.95e-04	1.60e-04
 4.43637e+18	1.00e+00	4.33e-05	5.34e-11	0.00e+00	0.00e+00	0.00e+00	0.00e+00	0.00e+00	0.00e+00	9.99e-01	3.73e-04	1.49e-04
 4.43653e+18	1.00e+00	3.94e-05	5.28e-11	0.00e+00	0.00e+00	0.00e+00	0.00e+00	0.00e+00	0.00e+00	9.99e-01	3.51e-04	1.37e-04
 4.43669e+18	1.00e+00	3.59e-05	5.24e-11	0.00e+00	0.00e+00	0.00e+00	0.00e+00	0.00e+00	0.00e+00	1.00e+00	3.31e-04	1.27e-04
 4.43685e+18	1.00e+00	3.27e-05	5.20e-11	0.00e+00	0.00e+00	0.00e+00	0.00e+00	0.00e+00	0.00e+00	1.00e+00	3.12e-04	1.17e-04
 4.43702e+18	1.00e+00	2.97e-05	5.16e-11	0.00e+00	0.00e+00	0.00e+00	0.00e+00	0.00e+00	0.00e+00	1.00e+00	2.93e-04	1.08e-04
 4.43719e+18	1.00e+00	2.70e-05	5.13e-11	0.00e+00	0.00e+00	0.00e+00	0.00e+00	0.00e+00	0.00e+00	1.00e+00	2.76e-04	1.00e-04
 4.43736e+18	1.00e+00	2.45e-05	5.10e-11	0.00e+00	0.00e+00	0.00e+00	0.00e+00	0.00e+00	0.00e+00	1.00e+00	2.60e-04	9.22e-05
 4.43754e+18	1.00e+00	2.22e-05	5.07e-11	0.00e+00	0.00e+00	0.00e+00	0.00e+00	0.00e+00	0.00e+00	1.00e+00	2.44e-04	8.50e-05
 4.43772e+18	1.00e+00	2.01e-05	5.05e-11	0.00e+00	0.00e+00	0.00e+00	0.00e+00	0.00e+00	0.00e+00	1.00e+00	2.29e-04	7.82e-05
 4.43790e+18	1.00e+00	1.82e-05	5.03e-11	0.00e+00	0.00e+00	0.00e+00	0.00e+00	0.00e+00	0.00e+00	1.00e+00	2.15e-04	7.20e-05
 4.43809e+18	1.00e+00	1.64e-05	5.01e-11	0.00e+00	0.00e+00	0.00e+00	0.00e+00	0.00e+00	0.00e+00	1.00e+00	2.02e-04	6.62e-05
 4.43828e+18	1.00e+00	1.48e-05	4.99e-11	0.00e+00	0.00e+00	0.00e+00	0.00e+00	0.00e+00	0.00e+00	1.00e+00	1.90e-04	6.08e-05
 4.43848e+18	1.00e+00	1.34e-05	4.97e-11	0.00e+00	0.00e+00	0.00e+00	0.00e+00	0.00e+00	0.00e+00	1.00e+00	1.78e-04	5.59e-05
 4.43869e+18	1.00e+00	1.21e-05	4.96e-11	0.00e+00	0.00e+00	0.00e+00	0.00e+00	0.00e+00	0.00e+00	1.00e+00	1.67e-04	5.13e-05
 4.43890e+18	1.00e+00	1.09e-05	4.94e-11	0.00e+00	0.00e+00	0.00e+00	0.00e+00	0.00e+00	0.00e+00	1.00e+00	1.57e-04	4.71e-05
 4.43912e+18	1.00e+00	9.77e-06	4.93e-11	0.00e+00	0.00e+00	0.00e+00	0.00e+00	0.00e+00	0.00e+00	1.00e+00	1.47e-04	4.32e-05
 4.43936e+18	1.00e+00	8.78e-06	4.91e-11	0.00e+00	0.00e+00	0.00e+00	0.00e+00	0.00e+00	0.00e+00	1.00e+00	1.38e-04	3.96e-05
 4.43960e+18	1.00e+00	7.88e-06	4.90e-11	0.00e+00	0.00e+00	0.00e+00	0.00e+00	0.00e+00	0.00e+00	1.00e+00	1.29e-04	3.63e-05
 4.43985e+18	1.00e+00	7.07e-06	4.89e-11	0.00e+00	0.00e+00	0.00e+00	0.00e+00	0.00e+00	0.00e+00	1.00e+00	1.21e-04	3.33e-05
 4.44012e+18	1.00e+00	6.34e-06	4.88e-11	0.00e+00	0.00e+00	0.00e+00	0.00e+00	0.00e+00	0.00e+00	1.00e+00	1.13e-04	3.05e-05
 4.44040e+18	1.00e+00	5.68e-06	4.87e-11	0.00e+00	0.00e+00	0.00e+00	0.00e+00	0.00e+00	0.00e+00	1.00e+00	1.06e-04	2.79e-05
 4.44071e+18	1.00e+00	5.09e-06	4.86e-11	0.00e+00	0.00e+00	0.00e+00	0.00e+00	0.00e+00	0.00e+00	1.00e+00	9.97e-05	2.56e-05
 4.44103e+18	1.00e+00	4.56e-06	4.85e-11	0.00e+00	0.00e+00	0.00e+00	0.00e+00	0.00e+00	0.00e+00	1.00e+00	9.34e-05	2.34e-05
 4.44139e+18	1.00e+00	4.09e-06	4.84e-11	0.00e+00	0.00e+00	0.00e+00	0.00e+00	0.00e+00	0.00e+00	1.00e+00	8.77e-05	2.15e-05
 4.44179e+18	1.00e+00	3.67e-06	4.83e-11	0.00e+00	0.00e+00	0.00e+00	0.00e+00	0.00e+00	0.00e+00	1.00e+00	8.24e-05	1.97e-05
 4.44224e+18	1.00e+00	3.29e-06	4.82e-11	0.00e+00	0.00e+00	0.00e+00	0.00e+00	0.00e+00	0.00e+00	1.00e+00	7.74e-05	1.81e-05
 4.44275e+18	1.00e+00	2.97e-06	4.81e-11	0.00e+00	0.00e+00	0.00e+00	0.00e+00	0.00e+00	0.00e+00	1.00e+00	7.30e-05	1.67e-05
 4.44336e+18	1.00e+00	2.67e-06	4.80e-11	0.00e+00	0.00e+00	0.00e+00	0.00e+00	0.00e+00	0.00e+00	1.00e+00	6.87e-05	1.54e-05
 4.44405e+18	1.00e+00	2.45e-06	4.80e-11	0.00e+00	0.00e+00	0.00e+00	0.00e+00	0.00e+00	0.00e+00	1.00e+00	6.54e-05	1.44e-05
 4.44475e+18	1.00e+00	2.30e-06	4.79e-11	0.00e+00	0.00e+00	0.00e+00	0.00e+00	0.00e+00	0.00e+00	1.00e+00	6.31e-05	1.37e-05
 4.44545e+18	1.00e+00	2.18e-06	4.78e-11	0.00e+00	0.00e+00	0.00e+00	0.00e+00	0.00e+00	0.00e+00	1.00e+00	6.12e-05	1.32e-05
 4.44615e+18	1.00e+00	2.10e-06	4.78e-11	0.00e+00	0.00e+00	0.00e+00	0.00e+00	0.00e+00	0.00e+00	1.00e+00	6.00e-05	1.28e-05
 4.44685e+18	1.00e+00	2.04e-06	4.78e-11	0.00e+00	0.00e+00	0.00e+00	0.00e+00	0.00e+00	0.00e+00	1.00e+00	5.91e-05	1.25e-05
 4.44755e+18	1.00e+00	2.01e-06	4.77e-11	0.00e+00	0.00e+00	0.00e+00	0.00e+00	0.00e+00	0.00e+00	1.00e+00	5.85e-05	1.23e-05
 4.44825e+18	1.00e+00	1.98e-06	4.77e-11	0.00e+00	0.00e+00	0.00e+00	0.00e+00	0.00e+00	0.00e+00	1.00e+00	5.81e-05	1.22e-05
 4.44895e+18	1.00e+00	1.96e-06	4.77e-11	0.00e+00	0.00e+00	0.00e+00	0.00e+00	0.00e+00	0.00e+00	1.00e+00	5.77e-05	1.21e-05
 4.44965e+18	1.00e+00	1.94e-06	4.77e-11	0.00e+00	0.00e+00	0.00e+00	0.00e+00	0.00e+00	0.00e+00	1.00e+00	5.73e-05	1.20e-05
 4.45035e+18	1.00e+00	1.92e-06	4.77e-11	0.00e+00	0.00e+00	0.00e+00	0.00e+00	0.00e+00	0.00e+00	1.00e+00	5.71e-05	1.19e-05
 4.45104e+18	1.00e+00	1.92e-06	4.76e-11	0.00e+00	0.00e+00	0.00e+00	0.00e+00	0.00e+00	0.00e+00	1.00e+00	5.70e-05	1.19e-05
 4.45174e+18	1.00e+00	1.91e-06	4.76e-11	0.00e+00	0.00e+00	0.00e+00	0.00e+00	0.00e+00	0.00e+00	1.00e+00	5.68e-05	1.18e-05
 4.45244e+18	1.00e+00	1.90e-06	4.76e-11	0.00e+00	0.00e+00	0.00e+00	0.00e+00	0.00e+00	0.00e+00	1.00e+00	5.67e-05	1.18e-05
 4.45314e+18	1.00e+00	1.90e-06	4.76e-11	0.00e+00	0.00e+00	0.00e+00	0.00e+00	0.00e+00	0.00e+00	1.00e+00	5.66e-05	1.17e-05
 4.45384e+18	1.00e+00	1.89e-06	4.76e-11	0.00e+00	0.00e+00	0.00e+00	0.00e+00	0.00e+00	0.00e+00	1.00e+00	5.66e-05	1.17e-05
 4.45454e+18	1.00e+00	1.89e-06	4.76e-11	0.00e+00	0.00e+00	0.00e+00	0.00e+00	0.00e+00	0.00e+00	1.00e+00	5.65e-05	1.17e-05
 4.45524e+18	1.00e+00	1.89e-06	4.76e-11	0.00e+00	0.00e+00	0.00e+00	0.00e+00	0.00e+00	0.00e+00	1.00e+00	5.65e-05	1.17e-05
 4.45594e+18	1.00e+00	1.89e-06	4.75e-11	0.00e+00	0.00e+00	0.00e+00	0.00e+00	0.00e+00	0.00e+00	1.00e+00	5.64e-05	1.17e-05
 4.45664e+18	1.00e+00	1.88e-06	4.75e-11	0.00e+00	0.00e+00	0.00e+00	0.00e+00	0.00e+00	0.00e+00	1.00e+00	5.64e-05	1.16e-05
 4.45744e+18	1.00e+00	1.88e-06	4.75e-11	0.00e+00	0.00e+00	0.00e+00	0.00e+00	0.00e+00	0.00e+00	1.00e+00	5.64e-05	1.16e-05
 4.45849e+18	1.00e+00	1.88e-06	4.75e-11	0.00e+00	0.00e+00	0.00e+00	0.00e+00	0.00e+00	0.00e+00	1.00e+00	5.63e-05	1.16e-05
 4.45985e+18	1.00e+00	1.88e-06	4.75e-11	0.00e+00	0.00e+00	0.00e+00	0.00e+00	0.00e+00	0.00e+00	1.00e+00	5.63e-05	1.16e-05
 4.46161e+18	1.00e+00	1.87e-06	4.74e-11	0.00e+00	0.00e+00	0.00e+00	0.00e+00	0.00e+00	0.00e+00	1.00e+00	5.62e-05	1.15e-05
 4.46391e+18	1.00e+00	1.87e-06	4.74e-11	0.00e+00	0.00e+00	0.00e+00	0.00e+00	0.00e+00	0.00e+00	1.00e+00	5.61e-05	1.15e-05
 4.46690e+18	1.00e+00	1.86e-06	4.73e-11	0.00e+00	0.00e+00	0.00e+00	0.00e+00	0.00e+00	0.00e+00	1.00e+00	5.60e-05	1.15e-05
 4.47078e+18	1.00e+00	1.85e-06	4.72e-11	0.00e+00	0.00e+00	0.00e+00	0.00e+00	0.00e+00	0.00e+00	1.00e+00	5.58e-05	1.14e-05
 4.47582e+18	1.00e+00	1.85e-06	4.71e-11	0.00e+00	0.00e+00	0.00e+00	0.00e+00	0.00e+00	0.00e+00	1.00e+00	5.58e-05	1.13e-05
 4.48238e+18	1.00e+00	1.84e-06	4.70e-11	0.00e+00	0.00e+00	0.00e+00	0.00e+00	0.00e+00	0.00e+00	1.00e+00	5.56e-05	1.13e-05
 4.49091e+18	1.00e+00	1.83e-06	4.68e-11	0.00e+00	0.00e+00	0.00e+00	0.00e+00	0.00e+00	0.00e+00	1.00e+00	5.54e-05	1.12e-05
 4.50200e+18	1.00e+00	1.82e-06	4.66e-11	0.00e+00	0.00e+00	0.00e+00	0.00e+00	0.00e+00	0.00e+00	1.00e+00	5.52e-05	1.11e-05
 4.51641e+18	1.00e+00	1.80e-06	4.63e-11	0.00e+00	0.00e+00	0.00e+00	0.00e+00	0.00e+00	0.00e+00	1.00e+00	5.50e-05	1.10e-05
 4.53514e+18	1.00e+00	1.78e-06	4.59e-11	0.00e+00	0.00e+00	0.00e+00	0.00e+00	0.00e+00	0.00e+00	1.00e+00	5.47e-05	1.09e-05
 4.55950e+18	1.00e+00	1.77e-06	4.54e-11	0.00e+00	0.00e+00	0.00e+00	0.00e+00	0.00e+00	0.00e+00	1.00e+00	5.44e-05	1.08e-05
 4.59116e+18	1.00e+00	1.73e-06	4.48e-11	0.00e+00	0.00e+00	0.00e+00	0.00e+00	0.00e+00	0.00e+00	1.00e+00	5.37e-05	1.05e-05
 4.63232e+18	1.00e+00	1.70e-06	4.40e-11	0.00e+00	0.00e+00	0.00e+00	0.00e+00	0.00e+00	0.00e+00	1.00e+00	5.31e-05	1.03e-05
