MJD-OBS = 50221.5
EQUINOX = 2000
CTYPE1 = 'RA---TAN'
CRPIX1 = 340.5
CRVAL1 = 14.772
CTYPE2 = 'DEC--TAN'
CRPIX2 = 925.5
CRVAL2 = -72.1766
CD1_1 = -0.0010462612
CD1_2 = -0.0012973408
CD2_1 = -0.0012973408
CD2_2 = 0.0010462612

