CTYPE1 = 'RA---TAN'
CUNIT1 = 'deg'
CRPIX1 = 95.994453
CRVAL1 = 14.776412
CTYPE2 = 'DEC--TAN'
CUNIT2 = 'deg'
CRPIX2 = 163.31905
CRVAL2 = -72.1756652
CD1_1 = -5.55555555555556E-05
CD1_2 = 0
CD2_1 = 0
CD2_2 = 5.55555555555556E-05

