MJD-OBS = 50221.5
EQUINOX = 2000
CTYPE1 = 'RA---TAN'
CRPIX1 = 809
CRVAL1 = 13
CDELT1 = -0.00166666
CTYPE2 = 'DEC--TAN'
CRPIX2 = 966
CRVAL2 = -72.75
CDELT2 = 0.00166666
CD1_1 = -0.0010462612
CD1_2 = -0.0012973408
CD2_1 = -0.0012973408
CD2_2 = 0.0010462612

