CTYPE1 = 'RA---TAN'
CUNIT1 = 'deg'
CRPIX1 = 95.994453
CRVAL1 = 14.776412
CTYPE2 = 'DEC--TAN'
CUNIT2 = 'deg'
CRPIX2 = 163.31905
CRVAL2 = -72.1756652
CTYPE3 = 'AWAV'
CUNIT3 = 'Angstrom'
CRPIX3 = 1
CRVAL3 = 4599.97314453125
CD1_1 = -5.55555555555556E-05
CD1_2 = 0
CD1_3 = 0
CD2_1 = 0
CD2_2 = 5.55555555555556E-05
CD2_3 = 0
CD3_1 = 0
CD3_2 = 0
CD3_3 = 1.25

