data/xsec-infrared-dust-pah1_c120.ecsv
# %ECSV 0.9
# ---
# datatype:
# - {name: Wavelength, unit: micron, datatype: float64}
# - {name: Opacity, unit: cm2 / g, datatype: float64}
# schema: astropy-2.0
Wavelength Opacity
[from data line 7909]
0.00010777819389509801 3.6294530759680484e-05
0.00010741955841609862 3.591216922525251e-05
0.00010706212033007534 3.553383177452119e-05
0.00010670586703255548 3.5159481615864174e-05
0.00010635081097740944 3.478907735870628e-05
0.00010599692725135673 3.4422573013519565e-05
0.00010564421599654989 3.405993178868165e-05
0.00010529268943159265 3.3701107694664555e-05
0.00010494233522241043 3.334606853879874e-05
0.00010459314128182336 3.299476373260343e-05
0.0001042451076810813 3.264716568236184e-05
0.00010389822257710655 3.230322379959323e-05
0.00010355250963821797 3.196291049058081e-05
0.00010320793343088295 3.1626179765796614e-05
0.00010286451739228071 3.129299943257108e-05
0.00010252222663887175 3.096332350137625e-05
0.00010218108437659062 3.0637124378495335e-05
0.00010184107900623207 3.0314360673353164e-05
0.00010150221045548449 2.9995000193280186e-05
9.98171878849515e-05 2.8441175006795664e-05
9.68742853264244e-05 2.586124986823655e-05
9.40181566379602e-05 2.351535623956992e-05
9.124622533775612e-05 2.1382256156782976e-05
8.855598398612623e-05 1.9442652413942905e-05
8.594514212047021e-05 1.7678995407179445e-05
8.341122649257622e-05 1.607531757238423e-05
8.095203858003734e-05 1.461710921348528e-05
7.856535526271583e-05 1.3291180533863124e-05
7.624901657998079e-05 1.2085523667766914e-05
7.400092663441027e-05 1.0989239097069679e-05
7.181916689766398e-05 9.99239308373165e-06
6.970174988077332e-05 9.085976279225094e-06
6.764675340088119e-05 8.261779552808811e-06
6.565231913937872e-05 7.51234800200018e-06
6.37166954509633e-05 6.830893572472022e-06
6.183813867202597e-05 6.211258266430243e-06
6.001500375093773e-05 5.64783136146349e-06
5.824558176606735e-05 5.135508019967994e-06
5.652834164936313e-05 4.669661695430787e-06
5.4861696790470424e-05 4.2460742283472056e-06
5.32442193241487e-05 3.860909172294667e-06
5.1674432941091154e-05 3.51068282053006e-06
5.015092017590216e-05 3.1922260346815285e-06
4.86723184194305e-05 2.902656191136422e-06
4.723731623673976e-05 2.6393537263820302e-06
4.5844626929294716e-05 2.3999359229746484e-06
4.449299210981183e-05 2.1822357543567118e-06
4.318122525779713e-05 1.984283029150332e-06
4.1908105450351304e-05 1.8042869151366744e-06
4.0672541886697535e-05 1.6406184632353277e-06
3.9473393763982866e-05 1.491796810645919e-06
3.830960546147112e-05 1.3564744641991651e-06
3.718013162255807e-05 1.233427642556e-06
3.608395692240248e-05 1.1215424793491864e-06
3.502009623614604e-05 1.0198062851730035e-06
3.398760719419259e-05 9.27298809572934e-07
3.2985550375843584e-05 8.431825832447913e-07
3.201304110200682e-05 7.666969393960862e-07
3.106919948776702e-05 6.971492757357125e-07
3.0153196090003326e-05 6.339099956258715e-07
2.926418855892162e-05 5.764074492339973e-07
2.840139391051692e-05 5.241210351035611e-07
2.7564045603988087e-05 4.7657752099183487e-07
2.6751371521111735e-05 4.3334690481237516e-07
2.596266841573065e-05 3.9403763172411426e-07
2.519721239260794e-05 3.5829411069685077e-07
2.445432926091885e-05 3.2579294336995677e-07
2.3733343395715768e-05 2.962399807225879e-07
2.30336126579804e-05 2.693677936496458e-07
2.235451914252771e-05 2.449332355167959e-07
2.169544167351786e-05 2.227151426840695e-07
2.105579578094492e-05 2.025124489352172e-07
2.043501028136455e-05 1.8414234589659037e-07
1.9832528216773014e-05 1.674386734036628e-07
1.924780750166413e-05 1.5225017189896776e-07
1.8680328978618196e-05 1.3843942467295512e-07
1.812957998017276e-05 1.2588143218862452e-07
1.7595066898875247e-05 1.1446264630143794e-07
1.7076314085094346e-05 1.0407963656300915e-07
1.657285377454922e-05 9.463849235723995e-08
1.608423908586497e-05 8.605371915164916e-08
1.561002862180906e-05 7.824773261256509e-08
1.514980113394268e-05 7.114980084598232e-08
1.4703141635750303e-05 6.469576846039404e-08
1.4269649753637313e-05 5.88271367762327e-08
1.3848939052823682e-05 5.3490879867758246e-08
1.3440632417125309e-05 4.863866274108272e-08
1.3044364426931178e-05 4.422662058443608e-08
1.2659777637668836e-05 4.021478849801942e-08
1.2286531617206642e-05 3.656687154636523e-08
1.1924288612239001e-05 3.324985844630246e-08
1.1572727294645317e-05 3.023373643188317e-08
1.1231529859982724e-05 2.7491206119309194e-08
1.0900391457917795e-05 2.4997456158245076e-08
1.0579016729114186e-05 2.2729914888367127e-08
1.02671172940472e-05 2.0668066381251546e-08
9.964412189273136e-06 1.8793248086451393e-08
9.670633287571022e-06 1.7088494467101526e-08
9.385515288973533e-06 1.5538380635523528e-08
9.108805278312953e-06 1.4128884384641814e-08
8.840250279892792e-06 1.2847239021494167e-08
8.579613070739474e-06 1.1681855185034187e-08
8.326660744268345e-06 1.0622182877547416e-08
8.08116609809047e-06 9.658637881406596e-09
7.842914674764133e-06 8.782491384204558e-09
7.611677582023754e-06 7.985823989226263e-09
7.387265229551978e-06 7.2614245384872905e-09
7.169467501951557e-06 6.6027349253002714e-09
6.958092750155641e-06 6.003794906841345e-09
6.752944417047631e-06 5.459186916716598e-09
6.553852256623559e-06 4.963976278575722e-09
6.360622169279033e-06 4.513691430614982e-09
6.173094378625932e-06 4.104250802227758e-09
5.99109219187261e-06 3.731950396832001e-09
5.814457597812948e-06 3.3934219413997807e-09
5.643033576049777e-06 3.085601613578276e-09
5.47665844567389e-06 2.805704287554115e-09
5.315190195805313e-06 2.5511964002318762e-09
5.158484830830544e-06 2.3197752559465085e-09
5.0063979789961846e-06 2.1093464915946266e-09
4.85879396422713e-06 1.918005680823329e-09
4.715542158084415e-06 1.7440217778001293e-09
4.576514352039333e-06 1.5858201010876129e-09
4.441587283034305e-06 1.441968996680326e-09
4.310636163874128e-06 1.3111665010416667e-09
4.183545729320005e-06 1.1922297635124559e-09
4.0602031971429e-06 1.084081709347826e-09
3.940496770477729e-06 9.857436813927474e-10
3.8243194849916426e-06 8.963257822811577e-10
3.711567270325409e-06 8.150195161114868e-10
3.6021390070182463e-06 7.410881306457852e-10
3.495937888836842e-06 6.738633980427667e-10
3.3928672406763117e-06 6.127368768474953e-10
3.2928360236260988e-06 5.571548531433098e-10
3.1957535723584136e-06 5.066151212848662e-10
3.101533388585065e-06 4.6065962557366426e-10
3.0100917285847816e-06 4.188726206769284e-10
2.921345651247065e-06 3.808763026224515e-10
2.835216119944564e-06 3.463267157306068e-10
2.751625103148227e-06 3.149110852217253e-10
2.6704998490523385e-06 2.8634524180253056e-10
2.5917654043082986e-06 2.6037063234682076e-10
2.515352753401105e-06 2.3675215838765463e-10
2.4411932081293876e-06 2.1527619856764933e-10
2.3692194746723424e-06 1.9574830916258185e-10
2.299368152793014e-06 1.7799179840602263e-10
2.2315759183595566e-06 1.6184602487680077e-10
2.1657825825009995e-06 1.471648338550534e-10
2.1019292806815414e-06 1.3381536159449857e-10
2.0399585834724434e-06 1.2167688558423634e-10
1.979814574734961e-06 1.106394448629098e-10
1.921443712128123e-06 1.0060324215484162e-10
1.8647942387672731e-06 9.147744814230714e-11
1.8098146725961912e-06 8.317946563308671e-11
1.7564561801738852e-06 7.563414773849065e-11
1.7046706667860435e-06 6.877333797807943e-11
1.6544121648636234e-06 6.253485851004854e-11
1.6056352162281837e-06 5.6862234194060793e-11
1.5582964334319517e-06 5.170423269596663e-11
1.512353540499236e-06 4.701408266582882e-11
1.4677649368016146e-06 4.274940475363047e-11
1.424490967055991e-06 3.887156775588359e-11
1.3824928802374616e-06 3.534549545961164e-11
1.3417330925079362e-06 3.213927573136187e-11
1.3021748032602345e-06 2.9223893777943115e-11
1.2637829596882337e-06 2.6572970006116426e-11
1.2265230773948167e-06 2.4162511679144098e-11
1.1903615174916577e-06 2.1970710562866595e-11
1.155266266073022e-06 1.9977726774921152e-11
1.1212056501388415e-06 1.8165532420346707e-11
1.088149278808782e-06 1.6517718435566462e-11
1.0560675772084406e-06 1.501938421352076e-11
1.024931688078224e-06 1.3656962843460841e-11
9.947137291326893e-07 1.241812913189292e-11
9.653866542916518e-07 1.1291666232947091e-11
9.369243424347519e-07 1.0267392065132591e-11
9.093011940560417e-07 9.336025941706707e-12
8.824921112752883e-07 8.489147180099618e-12
8.564739381178797e-07 7.719089326000076e-12
8.312226172757591e-07 7.018884965921856e-12
8.067155531574246e-07 6.382196742911806e-12
7.829314085124904e-07 5.803262169116303e-12
7.598480303939212e-07 5.276843037300486e-12
7.374458337140504e-07 4.7981748323675025e-12
7.157038932094454e-07 4.362929019945582e-12
6.946025875469637e-07 3.967163837593106e-12
6.741239160981825e-07 3.607299000558245e-12
6.542488512982751e-07 3.2800779903660156e-12
6.349595352541787e-07 2.982539081415672e-12
6.162391169942127e-07 2.7119905066356044e-12
5.980708281116898e-07 2.4659833236618426e-12
5.804377213237036e-07 2.24229209923631e-12
5.633249514039577e-07 2.038891914442844e-12
5.467163746949449e-07 1.853942268372411e-12
5.305974981629807e-07 1.6857696021024762e-12
5.149539929261582e-07 1.5328516622575016e-12
4.997717599363888e-07 1.3938055437316733e-12
4.850369814106386e-07 1.2673720532493943e-12
4.7073664607365894e-07 1.152407891145532e-12
4.568579792850975e-07 1.0478718545070288e-12
4.4338847977550545e-07 9.528183986389887e-13
4.303161502558305e-07 8.663875193685241e-13
4.1762926701942294e-07 7.877969348250032e-13
4.053164001148397e-07 7.163351870108553e-13
3.933664272968696e-07 6.513556631629364e-13
3.817688623957671e-07 5.922706171138933e-13
3.7051316479588665e-07 5.385451906535295e-13
3.595894056759926e-07 4.896932744712874e-13
3.489876488219945e-07 4.452728632139255e-13
3.3869853602014363e-07 4.0488177845941695e-13
3.287127328246696e-07 3.6815463340810447e-13
3.1902133210295576e-07 3.3475896976235163e-13
3.096156013671973e-07 3.0439272830250465e-13
3.004873034229853e-07 2.7678098363040736e-13
2.9162806805038645e-07 2.5167396661969867e-13
2.830300225958508e-07 2.288443970231909e-13
2.746854745899371e-07 2.0808573587080724e-13
2.6658692443751477e-07 1.8921006995129533e-13
2.5872722094056425e-07 1.7204668613686064e-13
2.510991783935765e-07 1.5644018581251997e-13
2.436960351563596e-07 1.422493351379023e-13
2.3651121068325287e-07 1.29345777340466e-13
2.2953813504292264e-07 1.1761269901918786e-13
2.227707354487597e-07 1.0694395634353181e-13
2.1620278683495713e-07 9.724297130477791e-14
2.0982848591951925e-07 8.842199588357483e-14
2.0364215785661268e-07 8.040114626985279e-14
1.9763822323237314e-07 7.310789697801587e-14
1.9181125772240116e-07 6.64762070459108e-14
1.8615610904339028e-07 6.044610612907524e-14
1.806676859599417e-07 5.4963004657818464e-14
1.753410835886706e-07 4.9977233941941596e-14
1.7017154112348298e-07 4.544376563461717e-14
1.6515438131756256e-07 4.1321526488422394e-14
1.6028516699622962e-07 3.757321439722739e-14
1.5555948623750556e-07 3.4164916683113055e-14
1.5097313108672515e-07 3.106578816967534e-14
1.4652202971569588e-07 2.8247779843810307e-14
1.4220213097377588e-07 2.5685399710168657e-14
1.380095989307888e-07 2.3355455249799213e-14
1.3394068777368254e-07 2.1236864863084247e-14
1.2999172870612193e-07 1.9310450916863643e-14
1.2615919131958364e-07 1.755878338003985e-14
1.2243965852760674e-07 1.59660096623244e-14
1.1882977686582295e-07 1.4517716645654036e-14
1.1532633939782959e-07 1.3200801913512412e-14
1.1192618958701078e-07 1.2003349579204602e-14
1.0862627190704258e-07 1.0914515312037193e-14
1.0542366615654098e-07 9.924448155120748e-15
1.0231547090695485e-07 9.024193947361085e-15
9.929890833262652e-08 8.205603344403359e-15
9.637129323195608e-08 7.461262834340106e-15
9.352999107875667e-08 6.78444414923051e-15
9.077246170536771e-08 6.16902148395004e-15
8.809619486260086e-08 5.6094255066625135e-15
8.549893126335921e-08 5.100588171386528e-15
8.297811361268693e-08 4.637910525325895e-15
8.05317212860704e-08 4.217202002692729e-15
7.815740489992081e-08 3.8346560502576205e-15
7.585309783386176e-08 3.4868110362508795e-15
7.361672003609802e-08 3.170519437378794e-15
7.1446309899936e-08 2.882918865421016e-15
6.933984965721632e-08 2.6214067729901807e-15
6.729549585048003e-08 2.3836169988726503e-15
6.531145399624459e-08 2.1673967732645268e-15
6.33858908011226e-08 1.970790621436872e-15
6.151708414417392e-08 1.7920182887622798e-15
5.970336852689794e-08 1.6294627834376112e-15
5.794313313514918e-08 1.4816529004633643e-15
5.623481983584613e-08 1.347250804471128e-15
5.4576855822548616e-08 1.2250405323415894e-15
5.296776284381131e-08 1.1139160359272657e-15
5.140611507303952e-08 1.0128719841469091e-15
4.989053622479625e-08 9.209931853940786e-16
4.841961971485516e-08 8.374490687937821e-16
4.699206957299564e-08 7.614835665063259e-16
4.560659015227701e-08 6.924086751934004e-16
4.426198240295003e-08 6.295998570652829e-16
4.295700578365213e-08 5.724882216610847e-16
4.169051376244087e-08 5.205573065817938e-16
4.0461366050251955e-08 4.733370988516398e-16
3.926843592786319e-08 4.3040026377680067e-16
3.811069569152735e-08 3.9135828182505433e-16
3.6987078045168036e-08 3.558578154530694e-16
3.589659419254508e-08 3.235776737975603e-16
3.4838267544906797e-08 2.9422563939785695e-16
3.381112556569683e-08 2.6753616871950747e-16
3.281427766491873e-08 2.432677707511839e-16
3.184682237155464e-08 2.2120070752828436e-16
3.090788873024496e-08 2.0113543048898212e-16
2.999663524584907e-08 1.8289023500829986e-16
2.9112248787149242e-08 1.6630011065991017e-16
2.8253934716681503e-08 1.5121490163501757e-16
2.742092655671637e-08 1.3749806502510313e-16
2.6612476816214004e-08 1.2502547509419774e-16
2.5827865207996442e-08 1.1368431953021086e-16
2.5066383313924294e-08 1.0337190371720357e-16
2.4327356592633614e-08 9.399496089246916e-17
2.3610116209923965e-08 8.546859438738998e-17
2.2914020164337748e-08 7.771567976357393e-17
2.2238451306448052e-08 7.06659910118232e-17
2.1582795104491966e-08 6.425583263591056e-17
2.0946472804610982e-08 5.842711986202015e-17
2.0328909269313914e-08 5.312714869110763e-17
1.9729553681584475e-08 4.830795204550874e-17
1.914786942160837e-08 4.392589506109325e-17
1.8583338325567864e-08 3.99413393637108e-17
1.8035445583283516e-08 3.631822456448645e-17
1.7503709942030477e-08 3.302376932788899e-17
1.6987650052918764e-08 3.0028154043987916e-17
1.6486803235969e-08 2.730427248500248e-17
1.6000727050580018e-08 2.482747886289792e-17
1.552897882831471e-08 2.2575357881745593e-17
1.5071139247576677e-08 2.0527526982752794e-17
1.4626797736887966e-08 1.8665456985103675e-17
1.4195557817713163e-08 1.6972297325753005e-17
1.3777032327534442e-08 1.5432724293983872e-17
1.3370845984567816e-08 1.4032812260729418e-17
1.2976635226783776e-08 1.275988191313055e-17
1.2594046247492065e-08 1.1602422072338404e-17
