data/xsec-infrared-dust-graphite_ism_10.ecsv
# %ECSV 1.0
# ---
# datatype:
# - {name: Wavelength, unit: micron, datatype: float64}
# - {name: Opacity, unit: cm2 / g, datatype: float64}
# schema: astropy-2.0
Wavelength Opacity
[from data line 7703]
0.00021415111507687253 0.030025477913355813
0.00021343852982042845 0.029709231384221126
0.00021272833891356467 0.029396933056061978
0.00021202044323431608 0.029090454242771117
0.0002113149419822315 0.02878314807787223
0.00021061183430668177 0.028483424206448414
0.0002099110225843085 0.02818672092722114
0.00020921250760459937 0.027892072460103202
0.00020851638534102377 0.027600409173245268
0.00020782255964017532 0.02731284309343346
0.0002071310308175544 0.027025233783465365
0.00020644179903162496 0.026746877106627934
0.00020575486428639275 0.02646528598628893
0.00020507018032234694 0.026192721690498293
0.00020438783937177631 0.02592009070989212
0.00020370774906957825 0.02565083720021946
0.00020302990973405976 0.02538038198418115
0.00020235432152947917 0.025119593307025154
0.00020168098446857394 0.024857169242254833
0.0002010098984150634 0.024601597617150837
0.0002003410190767706 0.02434482612526231
0.00019967439062090856 0.02409222772314105
0.0001990099690465306 0.02384263013771931
0.000198347797643489 0.023593136488630755
0.00019768778985267707 0.023350964372393732
0.00019702998895811103 0.02310680872781572
0.00019637435238989954 0.022869251200814397
0.00019572092256662238 0.022632055151502854
0.00019506965719288347 0.02239814229459251
0.0001944205563924072 0.022162228433320545
0.00019377362014378767 0.021934559574621586
0.00019312884828288972 0.021706096016879447
0.00019248624050522575 0.02147963622287061
0.00019184571565604083 0.021258226998822547
0.00019120735494186102 0.021037072556759392
0.00019057111781871296 0.020818672427525876
0.0001899370042269314 0.02060332508315847
0.00018930497467319467 0.02038747277377404
0.00018867506863779704 0.020174442381825357
0.0001880472468707763 0.019966098782671266
0.00018742154805266546 0.019757168357140385
0.00018679789491881052 0.019550971089256276
0.00018617632612866336 0.019347974692518314
0.0001855568036782567 0.019146073766336404
0.00018493936543896944 0.018945706590912027
0.00018432397363682114 0.0187468161392305
0.00018371066537102305 0.01855187388852451
0.00018309936633967102 0.018356126361183906
0.0001824901136181046 0.018164023044039
0.0001818828706222468 0.017973423124563164
0.00018127763763435068 0.017786447639786013
0.00018067445059217438 0.01759828976424496
0.00018007327323651102 0.017414252090514008
0.00017947407012949292 0.01723223703622282
0.0001788768768097309 0.017050267511564323
0.00017828165804287794 0.01686954936196166
0.00017768841401400462 0.016691562070529378
0.00017709717916428383 0.016514335445889584
0.0001765078844059155 0.016339123622469802
0.0001759205302152191 0.016167518297832792
0.00017533518434995058 0.015996791833075133
0.00017475174521808712 0.01582616884475539
0.0001741702468328516 0.01565769862623954
0.0001735907221849895 0.015491545820037695
0.00017301307197229972 0.015327345269297826
0.00017243739501550046 0.015165749105526444
0.00017186359307223888 0.015003053792036772
0.0001712917312297507 0.014842571494632625
0.0001707217448960376 0.014686262746891022
0.00017015366629843573 0.014528749073516815
0.00016958749515364683 0.014373751487217399
0.00016902319973149032 0.01422087677752871
0.0001684607801322676 0.014070160356387276
0.00016790020542001012 0.013919663305294212
0.00016734153747239414 0.013772186846397689
0.00016678471440037881 0.013625764467482053
0.0001662297364219742 0.01347981762028554
0.00016567660362962558 0.013336196003622784
0.00016512531599227823 0.01319371952620628
0.0001645758733574218 0.013054064046434955
0.00016402824595172175 0.01291568808731059
0.00016348243397380086 0.0127796397041859
0.00016293843749899504 0.012643459699032184
0.0001623962564813824 0.012508699850501933
0.00016185589075579248 0.012376235615249424
0.00016131731150549733 0.012245266867467184
0.00016078054724621003 0.012114529860916344
0.0001602455411502467 0.011985612154102146
0.00015971232168303164 0.011857966701589487
0.00015918088865872823 0.011732455761038124
0.0001586512141775735 0.011608107803669861
0.00015812329837571658 0.011485711273952075
0.00015759714127080323 0.011362311850598028
0.0001570727427639326 0.011240111328248419
0.00015655007576886344 0.01112070430180627
0.00015602916718918762 0.011002345422695901
0.00015550999006748144 0.01088564888106324
0.0001549925180420978 0.010769581844089323
0.00015447677766862022 0.01065573131840506
0.00015396276869626287 0.010542738589396338
0.00015345046494481335 0.010429235560585353
0.00015293984081176176 0.010319527541632255
0.0001524309476942897 0.010209064558588136
0.00015192373428538875 0.010099656575315462
0.0001514182007997936 0.009992126896343805
0.00015091437231038983 0.009883535733077264
0.00015041219869319509 0.00977867413657032
0.00014991170496455951 0.009672632862681623
0.000149412866413757 0.009570108821901924
0.00014891570750473119 0.009466094582447676
0.00014842017948100782 0.009364219637865634
0.00014792630674725625 0.009265089808207635
0.00014743408912164363 0.009164674249316407
0.00014694350264006883 0.009063969232336185
0.000146454547381579 0.008967717703275209
0.00014596722331608721 0.008869276842735608
0.00014548153030617962 0.008773539568576303
0.0001449974220030726 0.008678454563892081
0.00014451494477849442 0.00858435539072925
0.00014403407542995042 0.008488749692609444
0.00014355481385568396 0.008395097445679345
0.00014307713740299935 0.008304055886283062
0.00014260104621008793 0.00821318260256959
0.00014212654030806865 0.00812341969001923
0.00014165361962275406 0.008032973786989108
0.00014118226212065976 0.007943220532239621
0.000140712467957827 0.007856447306923007
0.0001402442587506574 0.007769290344985081
0.00013977759116924415 0.007684175777983942
0.0001393124867676051 0.0075974456908445565
0.0001388489241492078 0.007514283931179735
0.00013838690337908348 0.007431429841456979
0.00013792642441926852 0.007349408622085613
0.00013746746640977937 0.00726808299432467
0.0001370100501078203 0.007185956734871438
0.00013655415472753628 0.007107599685150907
0.00013609978024063993 0.007030268247893456
0.00013564690634324797 0.0069513675099733595
0.00013519553321073827 0.0068743080547842735
0.0001347456808247145 0.006798872305869411
0.0001342973092090993 0.006724416547805888
0.00013385043827946415 0.006651084037973306
0.00013340504829862488 0.006579554225657775
0.00013296113933700503 0.006506437636658974
0.00013251871136596424 0.006437194975548044
0.0001320777642594384 0.006367282384983292
0.00013163827879486312 0.006297652630015507
0.00013120025503488174 0.006228211202164724
0.00013076367419542344 0.0061641915717444255
0.0001303285737681163 0.0060979331711029415
0.00012989489765150882 0.006034416758097602
0.00012946266464258226 0.005968580541322809
0.00012903189294880322 0.005908169203276874
0.0001286025276601193 0.005844601511947857
0.0001281746052938923 0.005786314200250842
0.00012774810762609977 0.005724755377492728
0.00012732303459375225 0.00566579073202789
0.0001268993683834398 0.005606534283008132
0.00012647710909940394 0.005549512005256764
0.0001260562567511626 0.00549622071994036
0.00012563679394739236 0.005438315811168347
0.00012521875524319214 0.005384176754893495
0.00012480208879285455 0.005330474047259943
0.00012438681188826957 0.005276667633240839
0.00012397290756976944 0.005224979910785411
0.00012356039271611485 0.005172347977331396
0.0001231492504099574 0.005120244417564136
0.00012273946408881492 0.005068666656070066
0.00012233105035693302 0.005017608346294325
0.000121923992689908 0.004967064015483084
0.00012151829110106365 0.004917029110673078
0.00012111394551386377 0.004867498481037174
0.00012071093978628604 0.004818466377884378
0.00012030927398497956 0.004769928018303781
0.00011990894808691981 0.004721879079279753
0.00011950994632011579 0.004674313996079413
0.00011911228435550263 0.004627227939802323
0.00011871593100105125 0.004580616173527105
0.00011832090185436876 0.004534474328248601
0.0001179271967657949 0.0044887973451187375
0.0001175347852058244 0.004443579797373211
0.00011714369755346929 0.004398818189807901
0.00011675390351057994 0.004354506773731808
0.00011636540318762097 0.0043106433416475924
0.00011597819660771406 0.004267220673199364
0.00011559228370807879 0.00422423499724583
0.00011520764978794593 0.004181683094520031
0.0001148242949070641 0.0041395588484147506
0.0001144422190396466 0.004097859821485006
0.00011406140781042995 0.004056581184830361
0.00011368187548169891 0.0040157176496551
0.00011330359362473477 0.003975266042681793
0.00011292657642776585 0.0039352219029262295
0.00011255082373134118 0.003895580907372779
0.00011217630769961201 0.0038563397447754296
0.00011180304226866027 0.0038174928044117703
0.00011143101369477384 0.0037790381547216246
0.0001110602355646049 0.0037409710587836147
0.0001106906807185573 0.0037032865497287197
0.00011032236266952537 0.003665982695996765
0.00010995525472183672 0.003629053151032892
0.0001095893834804098 0.0035924970870255977
0.00010922472244105756 0.003556308571325775
0.00010886128470162339 0.00352048452263505
0.00010849904420907766 0.0034850212158016587
0.00010813801398608696 0.003449915661506283
0.00010777819389509801 0.003415163674701878
0.00010741955841609862 0.0033807613462785674
0.00010706212033007534 0.0033467057788960893
0.00010670586703255548 0.003312993063444567
0.00010635081097740944 0.0032796203025837385
0.00010599692725135673 0.003246583495224673
0.00010564421599654989 0.0032138795140794676
0.00010529268943159265 0.0031815050479021075
0.00010494233522241043 0.00314945683143611
0.00010459314128182336 0.0031177311395297097
0.0001042451076810813 0.003086325580727452
0.00010389822257710655 0.003055235648055597
0.00010355250963821797 0.003024459134016802
0.00010320793343088295 0.002993992405438358
0.00010286451739228071 0.0029638333468019794
0.00010252222663887175 0.0029339774511339257
0.00010218108437659062 0.00290442260291591
0.00010184107900623207 0.0028751654449123924
0.00010150221045548449 0.0028462026658773584
9.98171878849515e-05 0.002705091847493681
9.68742853264244e-05 0.0024700344492009493
9.40181566379602e-05 0.0022554024259514626
9.124622533775612e-05 0.002059420765924002
8.855598398612623e-05 0.0018804687521636633
8.594514212047021e-05 0.0017170666256187438
8.341122649257622e-05 0.0015678632139577238
8.095203858003734e-05 0.001431624710124441
7.856535526271583e-05 0.0013072246006314689
7.624901657998079e-05 0.0011936342285089785
7.400092663441027e-05 0.0010899140460965196
7.181916689766398e-05 0.0009952067074159208
6.970174988077332e-05 0.0009087289234258878
6.764675340088119e-05 0.0008297654695865102
6.565231913937872e-05 0.0007576634923556993
6.37166954509633e-05 0.000691826847878296
6.183813867202597e-05 0.0006317109925495153
6.001500375093773e-05 0.0005768188485563804
5.824558176606735e-05 0.0005266965360495302
5.652834164936313e-05 0.0004809295514134441
5.4861696790470424e-05 0.0004391395204057683
5.32442193241487e-05 0.0004009807673385301
5.1674432941091154e-05 0.0003661377718572412
5.015092017590216e-05 0.00033432246475665413
4.86723184194305e-05 0.0003052717537441571
4.723731623673976e-05 0.00027874532973929094
4.5844626929294716e-05 0.0002545239514643556
4.449299210981183e-05 0.00023240727473869074
4.318122525779713e-05 0.00021221237161587515
4.1908105450351304e-05 0.0001937723139062655
4.0672541886697535e-05 0.0001769345911372346
3.9473393763982866e-05 0.0001615599700128778
3.830960546147112e-05 0.0001475213262800028
3.718013162255807e-05 0.00013470255477631706
3.608395692240248e-05 0.00012299765377892587
3.502009623614604e-05 0.00011230985212309185
3.398760719419259e-05 0.0001025507616152345
3.2985550375843584e-05 9.363968167126737e-05
3.201304110200682e-05 8.550291407263153e-05
3.106919948776702e-05 7.807319039667242e-05
3.0153196090003326e-05 7.128907921162436e-05
2.926418855892162e-05 6.509445903662017e-05
2.840139391051692e-05 5.9438116853112055e-05
2.7564045603988087e-05 5.42732780918958e-05
2.6751371521111735e-05 4.955723273824849e-05
2.596266841573065e-05 4.525099133025929e-05
2.519721239260794e-05 4.131893083946423e-05
2.445432926091885e-05 3.7728554145614834e-05
2.3733343395715768e-05 3.4450156152705265e-05
2.30336126579804e-05 3.145663063295478e-05
2.235451914252771e-05 2.872322602241428e-05
2.169544167351786e-05 2.622733846809049e-05
2.105579578094492e-05 2.3948334308368045e-05
2.043501028136455e-05 2.1867356916991993e-05
1.9832528216773014e-05 1.9967208050085705e-05
1.924780750166413e-05 1.8232169406782375e-05
1.8680328978618196e-05 1.6647897313205955e-05
1.812957998017276e-05 1.5201288433049555e-05
1.7595066898875247e-05 1.388038226977612e-05
1.7076314085094346e-05 1.267425488481933e-05
1.657285377454922e-05 1.1572933724977821e-05
1.608423908586497e-05 1.056731120809213e-05
1.561002862180906e-05 9.649071093810435e-06
1.514980113394268e-05 8.81062198273112e-06
1.4703141635750303e-05 8.045028194142255e-06
1.4269649753637313e-05 7.345961247069587e-06
1.3848939052823682e-05 6.707638280298605e-06
1.3440632417125309e-05 6.124781903516624e-06
1.3044364426931178e-05 5.592573563931436e-06
1.2659777637668836e-05 5.106610592052193e-06
1.2286531617206642e-05 4.662874652873227e-06
1.1924288612239001e-05 4.257696517895624e-06
1.1572727294645317e-05 3.887727045735087e-06
1.1231529859982724e-05 3.5499054033581123e-06
1.0900391457917795e-05 3.2414385087629915e-06
1.0579016729114186e-05 2.9597762426242366e-06
1.02671172940472e-05 2.702588177591435e-06
9.964412189273136e-06 2.4677484477345476e-06
9.670633287571022e-06 2.253315053256329e-06
9.385515288973533e-06 2.0575147759271497e-06
9.108805278312953e-06 1.8787282784779455e-06
8.840250279892792e-06 1.7154773195114367e-06
8.579613070739474e-06 1.5664120144028863e-06
8.326660744268345e-06 1.4302996598448027e-06
8.08116609809047e-06 1.3060147081298475e-06
7.842914674764133e-06 1.1925293117038828e-06
7.611677582023754e-06 1.0889052841964866e-06
7.387265229551978e-06 9.94285583160372e-07
7.169467501951557e-06 9.078877657615593e-07
6.958092750155641e-06 8.289974122768769e-07
6.752944417047631e-06 7.569621750490444e-07
6.553852256623559e-06 6.911865540762937e-07
6.360622169279033e-06 6.311262862899605e-07
6.173094378625932e-06 5.762849239336012e-07
5.99109219187261e-06 5.262090332562757e-07
5.814457597812948e-06 4.804844371681121e-07
5.643033576049777e-06 4.387330235670659e-07
5.47665844567389e-06 4.0060960885311363e-07
5.315190195805313e-06 3.657989026194068e-07
5.158484830830544e-06 3.340130978010073e-07
5.0063979789961846e-06 3.04989221678076e-07
4.85879396422713e-06 2.784873652790471e-07
4.715542158084415e-06 2.542883839042292e-07
4.576514352039333e-06 2.3219214032583785e-07
4.441587283034305e-06 2.120159641388083e-07
4.310636163874128e-06 1.9359296394511974e-07
4.183545729320005e-06 1.767708270271151e-07
4.0602031971429e-06 1.6141043966166248e-07
3.940496770477729e-06 1.4738478797043674e-07
3.8243194849916426e-06 1.3457788176496516e-07
3.711567270325409e-06 1.2288381728004765e-07
3.6021390070182463e-06 1.1220590107324904e-07
3.495937888836842e-06 1.0245584566805508e-07
3.3928672406763117e-06 9.355301118655624e-08
3.2928360236260988e-06 8.542377943197225e-08
3.1957535723584136e-06 7.800093303002455e-08
3.101533388585065e-06 7.122309711606687e-08
3.0100917285847816e-06 6.503421413467594e-08
2.921345651247065e-06 5.938309866102068e-08
2.835216119944564e-06 5.422304694976998e-08
2.751625103148227e-06 4.951137657991768e-08
2.6704998490523385e-06 4.520910728745856e-08
2.5917654043082986e-06 4.128069882507894e-08
2.515352753401105e-06 3.76936292381853e-08
2.4411932081293876e-06 3.441826793380705e-08
2.3692194746723424e-06 3.142751788206906e-08
2.299368152793014e-06 2.8696641775775904e-08
2.2315759183595566e-06 2.6203067034813327e-08
2.1657825825009995e-06 2.3926168735576252e-08
2.1019292806815414e-06 2.184711922521236e-08
2.0399585834724434e-06 1.994872715827422e-08
1.979814574734961e-06 1.82152949291826e-08
1.921443712128123e-06 1.6632488521862326e-08
1.8647942387672731e-06 1.5187219316655455e-08
1.8098146725961912e-06 1.3867535555035244e-08
1.7564561801738852e-06 1.2662525163733593e-08
1.7046706667860435e-06 1.15622224419888e-08
1.6544121648636234e-06 1.0557531488981503e-08
