data/xsec-infrared-dust-pah1_c15.ecsv
# %ECSV 0.9
# ---
# datatype:
# - {name: Wavelength, unit: micron, datatype: float64}
# - {name: Opacity, unit: cm2 / g, datatype: float64}
# schema: astropy-2.0
Wavelength Opacity
[from data line 4729]
4.278197284001466 4.4474821467893615e-05
4.263961669228784 4.4740208637950526e-05
4.249774929683 4.505237175689747e-05
4.235633099429165 4.5411683339910945e-05
4.221540130784424 4.581854809483703e-05
4.207494045150287 4.627342131800252e-05
4.193492912905015 4.677668472248953e-05
4.179538683417817 4.7328972963783914e-05
4.1656332516193215 4.793074593716529e-05
4.15177089872638 4.858264749602513e-05
4.137957319148125 4.928541347281083e-05
4.124188728664558 5.003982568949774e-05
4.110465145103476 5.084684992617305e-05
4.096788423338397 5.1707681910563774e-05
4.083156709942756 5.262370132850878e-05
4.069570013337659 5.3596747761126523e-05
4.056028338829578 5.4629212663871046e-05
4.042531688661231 5.572403936653189e-05
4.029081842050273 5.688522895804174e-05
4.015675223459998 5.811807023411623e-05
4.002313618135396 5.9429461623949627e-05
3.9889952718159116 6.0828325095966546e-05
3.975721940099995 6.232661792743708e-05
3.9624936076549124 6.393965463117254e-05
3.9493085462257476 6.568721070419655e-05
3.9361684680104303 6.759471835547201e-05
3.9230699743193775 6.969423228598838e-05
3.9100164589398974 7.202599333271232e-05
3.8970062275185047 7.46401300811223e-05
3.8840392816060505 7.759794657199148e-05
3.871115619866633 8.097408380920208e-05
3.8582352381254568 8.485808340369585e-05
3.8453965080257895 8.93560431964809e-05
3.832601062790361 9.459236486069417e-05
3.8198488897935903 0.00010071076567121655
3.807138384470883 0.00010787524428476016
3.794471139344048 0.00011627017271892426
3.7818455655165346 0.00012609988244644351
3.7692616710724045 0.00013758714674076531
3.7567194612073402 0.00015097074323106786
3.7442189382758118 0.00016650177474002308
3.731760101837769 0.00018443879439383274
3.7193429487048775 0.0002050417809940654
3.706967472986287 0.000228564320797903
3.6946321693891626 0.0002552456053402753
3.682338543384772 0.00028530031373770833
3.670086581044727 0.0003189087709293409
3.657874798806859 0.0003562060481587969
3.645703206979603 0.0003972713853827548
3.633571813044762 0.00044211788961668366
3.621482059765573 0.000490683429008307
3.609431063428627 0.0005428226766492651
3.597421690007175 0.0005983016838108161
3.58545108866797 0.0006567934649491506
3.5735206819468632 0.0007178776757786971
3.561630461313156 0.0007810438325390786
3.549779034039734 0.0008456954510526293
3.5379677866481285 0.0009111606243158257
3.5261953396224883 0.000976702140195439
3.5144630559412344 0.0010415326579727615
3.502768223900632 0.0011048340239453508
3.491113546554114 0.0011657738276570969
3.479496342904365 0.001223526557081084
3.4679192750527696 0.0012772961334882912
3.456379692404947 0.001326334307258779
3.444878915527943 0.0013699622729598294
3.433416935027855 0.0014075886052618528
3.421992455106986 0.0014387225959014958
3.410605487185548 0.0014629894302258684
3.399257307005489 0.0014801389252028588
3.3879466368685867 0.0014900482887928081
3.376673480487678 0.0014927280985871476
3.3654378390346507 0.001488315403379204
3.354239711182307 0.0014770718835830801
3.343077867688163 0.0065265348764202095
3.3319547614071956 0.013905214315399145
3.3208679408798116 0.017390240957965104
3.3098174192932595 0.017356346675857184
3.298804400431449 0.01731835012785507
3.2878276832206867 0.017276964151642163
3.2768884506928897 0.016070396692892307
3.265984343329442 0.008768648536288027
3.255116547092292 0.0014898482343461738
3.244286214344868 0.0011085403200037998
3.2334910251123836 0.0010610473943728318
3.22273213477381 0.0010142985793042871
3.2120084033465464 0.0009688319522753202
3.2013209661249697 0.0009251189059475401
3.1906686934876425 0.0008835632283764525
3.1800515921528043 0.0008444983436397812
3.169470767887701 0.000808189611313866
3.1589240122907083 0.0007748357061595026
3.1484135206409234 0.000744572757179458
3.1379371091341497 0.0007174798663618267
3.127495866870183 0.0006935832477375472
3.117088721163084 0.0006728640456001549
3.1067178003347897 0.000655263853249138
3.0963799176675297 0.000640692071314412
3.086077189828939 0.0006290314264996739
3.0758085632938674 0.000620144870011597
3.0655740405038974 0.0006138810963031873
3.0553736216060483 0.000610079601921857
3.045207304490679 0.0006085748245669439
3.0350740747766376 0.0006092007420425052
3.0249749494262 0.0006117936316289968
3.0149099196486833 0.0006161948294549501
3.0048779844912716 0.0006222539497639295
2.994879150715323 0.0006298279651239738
2.98491439972455 0.0006387862652756711
2.9749817733435764 0.0006490060581793632
2.965083219026991 0.0006603783486537803
2.9552168001482793 0.0006728033394232451
2.9453834827932446 0.0006861927305940708
2.9355832604802257 0.0007004692597592815
2.9258151860074175 0.0007155644025222138
2.916080199879392 0.0007314192922870768
2.9063764369354557 0.0007479847202589508
2.89670575948957 0.0007652179161768318
2.8870672366936114 0.0007830834681041886
2.8774608679519957 0.0008015524026384056
2.8678866505536718 0.0008206017250155015
2.8583436838596668 0.0008402130394242918
2.8488328687840703 0.0008603716292158287
2.839353312376498 0.0008810678365892402
2.8299058994229105 0.0009022952230106115
2.8204897446436212 0.0009240482697365871
2.811104850512102 0.0009463265168718878
2.801751217394697 0.0009691295045212336
2.7924279885792145 0.0009924599920563023
2.783136876014304 0.0010163207388487717
2.7738761695446645 0.001040717263641997
2.7646458782676704 0.001065655085179334
2.755446841629484 0.0010911415617852562
2.746278220869426 0.0011171831319936787
2.737140840302238 0.001143789453605473
2.728033052274139 0.0011709683448403929
2.7189556825130303 0.0011987294634993105
2.70990872777808 0.0012270829272783771
2.700891383001502 0.0012560379340831856
2.6919044515598882 0.0012856055214004463
2.6829471350566765 0.0013157967267168702
2.674020222277931 0.0013466216677286093
2.6651221426646896 0.001378092301712933
2.6562544598570637 0.0014102201260518324
2.647415620158561 0.0014430166381272978
2.6386071626032983 0.0014764937952165991
2.629826791879487 0.0015106640144922862
2.6210767912272104 0.0015455397131269087
2.6123548918493666 0.0015811328483977367
2.6036625995858116 0.0016174567572678792
2.5949991634542173 0.0016545247767004454
2.5863645838207585 0.0016923493238679842
2.5777588591381977 0.001730944195628885
2.569181262217344 0.0017703227289462566
2.560632521156103 0.001810499180573767
2.552111914584844 0.0018514868874745251
2.543620157185685 0.001893301026192759
2.5351565334069424 0.0019359553935868559
2.526721044732659 0.001979464246410485
2.5183136907626764 0.0020238432211031536
2.50993377847963 0.0020691070343138085
2.5015826899255345 0.0021152708625866777
2.493258360617016 0.002162350342361268
2.484962841358828 0.0022103611100770873
2.476694091346561 0.0022593192620689213
2.4684527943589356 0.002309240894671557
2.460239614389812 0.0023601425641150606
2.4520532181585297 0.002412040366734219
2.443894270488181 0.0024649513186543776
2.4357621157798923 0.0025188933557914422
2.4276574064313756 0.002573882574480199
2.419579491941368 0.0026299373705318324
2.4115283748572787 0.002687075219966969
2.403504689337795 0.002745314518596793
2.3955071632756146 0.002804673202337209
2.387536431528361 0.0028651701268946825
2.379591868684101 0.0029268241479756766
2.3716740976521207 0.002989653661391377
2.363782497797561 0.0030536789025340867
2.3559170717190754 0.0031189191870055494
2.3480778202422847 0.003185394290302789
2.3402647424489893 0.0032531239879228296
2.3324778357060927 0.0033221294350485324
2.324716503116573 0.003392430867072202
2.316981339154241 0.0034640489792814202
2.3092717514028442 0.0035370053867543297
2.3015877422282296 0.003611321704569072
2.29392931226641 0.0036870195478037903
2.286296460452085 0.003764120531536625
2.2786891840468773 0.003842647650531559
2.271106913105009 0.003922623899552571
2.2635502147022057 0.004004070893677806
2.2560185230994527 0.0040870130073570815
2.2485112858254785 0.004171473695249658
2.2410296155012412 0.004257476412014798
2.233572952607109 0.004345045532102319
2.2261407506780944 0.004434205429962043
2.218733555644597 0.004524980939939067
2.21135082498904 0.004617399195854891
2.203992561525105 0.004711479973206537
2.19665929549379 0.004807253165187181
2.189349964711136 0.004904746365513599
2.1820650997110436 0.005003982568949774
2.174804178199448 0.005104989369212482
2.167567720448411 0.0052077943600184985
2.1603557196246763 0.005312429734037399
2.1531671506964387 0.0054189138870803675
2.1460025290828053 0.0055272790118169775
2.1388618534457486 0.0056375527019640066
2.131745120886544 0.005749767150191027
2.1246518319996794 0.005863949950214818
2.1175819907081803 0.005980128695752153
2.110536087737207 0.006098330980519814
2.103513628900063 0.006218593596140166
2.096514131470746 0.0063409441363299875
2.089538081487861 0.006465414793758852
2.0825854750624093 0.006592033162143538
2.0756558344136455 0.006720831434153618
2.0687491621225638 0.006851846401411461
2.0618654592093155 0.006985105657633844
2.055004725158891 0.007120641395490341
2.048166957946551 0.0072584904066033224
2.041351697142197 0.007398684883642359
2.0345594007687153 0.007541261618229822
2.0277896114915195 0.007686252803035283
2.021042330421363 0.00783369063072832
2.0143175571628866 0.007983611892931298
2.0076148478967593 0.00813604878231379
2.0009346471048977 0.00829104728840376
1.9942769499633293 0.008448635004917986
1.9876408838550819 0.008608853322431631
1.981027319061827 0.008771734433614271
1.9744353915811979 0.00893731972904107
1.967865957256743 0.009105646000334396
1.9613177388501128 0.009276754638069418
1.9547915864226864 0.009450682433868504
1.9482874937460397 0.009627470778306819
1.9418046263495223 0.009807151864053938
1.9353434024949803 0.009989776279590619
1.9289038200332733 0.010175376217586433
1.9224854701625829 0.010363997667569345
1.9160883560445128 0.010555686619067315
1.9097128792753646 0.010750475264749915
1.9033582376906255 0.010948409594145109
1.8970252273154162 0.01114953559678086
1.8907130538187742 0.01135389466323233
1.8844217211836898 0.011561532783027484
1.8781516187319267 0.011772491346741487
1.87190197144939 0.011986816343902302
1.865673550088323 0.012204553764037888
1.8594655871435897 0.012425749596676207
1.8532784638272355 0.012650449831345223
1.8471118017076873 0.012878700457572898
1.8409656026073884 0.013110552063839992
1.834839866966062 0.013346046040721664
1.828734593863513 0.013585237575651473
1.822649781042204 0.01382817265815738
1.8165850630894815 0.014074901876720143
1.8105404423515588 0.014325475819820521
1.8045159198074707 0.014579940476986478
1.7985114950915624 0.014838351035651561
1.7925271665157496 0.015100758084296536
1.7865625811127817 0.015367212211402154
1.7806180892445005 0.015637768604401976
1.7746929946523753 0.015912477851776755
1.7687879903950159 0.01619139514096005
1.7629023868190572 0.01647457565938541
1.7570365267086892 0.016762069995533594
1.7511900699842373 0.01705393793579096
1.745363018283826 0.017350230068638256
1.7395557037399303 0.017651010779414632
1.7337674595801205 0.01795633065660085
1.7279982901911655 0.018266249486583255
1.722248523861168 0.018580827055748202
1.7165178327757786 0.01890011855152924
1.7108062174299639 0.019224183760312725
1.7051136770496 0.019553082468485004
1.6994402096125332 0.019886879061385223
1.6937854972959792 0.020225633325399738
1.688149541913588 0.0205694004479621
1.6825323440092348 0.02091824941336425
1.676933902877946 0.02127224460694533
1.6713539102900792 0.0216314458150917
1.6657926734712107 0.021995912824189712
1.6602498858123091 0.022365719217484092
1.6547255478012473 0.022740924781361208
1.6492193604609424 0.023121598500112986
1.64373192030063 0.02350780475907858
1.638262335378886 0.023899612542549933
1.6328111977905486 0.02429708623586619
1.62737821161841 0.024700299422272094
1.6219630875347868 0.025109316487106792
1.6165664023261541 0.02552420641466222
1.611187293102882 0.025945047387135916
1.605826049597487 0.02637190378986703
1.6004829527506546 0.0268048492061003
1.5951574378413322 0.027243957219080458
1.5898497853441302 0.027689296813099458
1.5845594412204027 0.028140946170354824
1.5792869588647698 0.028598978874091307
1.5740320608929492 0.029063468507553637
1.568794745913737 0.029534488653986557
1.5635744752638918 0.0300121220945404
1.5583717885494535 0.030496442412459895
1.5531866809473556 0.030987527789942588
1.5480183582756093 0.03148545640918601
1.5428676123159408 0.031990311051340495
1.537733657111698 0.03250216529965078
1.5326170141326785 0.0330211019352672
1.5275174224081447 0.033547208338292875
1.5224346267072093 0.03408055809197255
1.5173688823579914 0.034621238576409356
1.512319935262094 0.03516933257275361
1.5072877860272769 0.03572492286215566
1.50227243414092 0.03628809682471862
1.4972738779885966 0.036858941840545625
1.4922916265095136 0.03743754069078701
1.4873261707923389 0.03802398075554589
1.482377265013946 0.0386183540138782
1.4774446687251532 0.03922074324693427
1.4725286222750955 0.03983124503272282
1.467628886219335 0.04044994215239417
1.4627454609580886 0.04107693118395706
1.4578783458068254 0.0417123041064674
1.4530273075133142 0.04235615289898112
1.4481925778542453 0.04300856494160134
1.443373924532118 0.04366964141128958
1.4385711203061884 0.044339478886054565
1.433784393728514 0.045018164745999414
1.4290135184365464 0.04570580016808565
1.4242587178454464 0.0464024679334636
1.4195195455545144 0.04710831520862275
1.4147962243556549 0.047823406378902235
1.410088534078454 0.04854778743383002
1.4053966924790164 0.049281688321045916
1.4007202651047406 0.05002506305102197
1.3960594690718486 0.05077814157139798
1.3914140901730923 0.05154092388217395
1.386784340589368 0.05231359394146172
1.38217000691085 0.053096243728317234
1.3775708803267017 0.053888919232268434
1.372987169946756 0.05469175842189921
1.3684186676913803 0.05550489926579346
1.3638653739256759 0.056328433743007084
1.3593270853970412 0.057162453832596036
1.354804005763265 0.05800709750314417
1.3502961323787688 0.058862456733707436
1.3458030644467016 0.05972862350334174
1.3413250026069063 0.06060573578063098
1.3368619452572625 0.061493885544631074
1.3324135005044762 0.0623932107639259
1.3279800593310038 0.06330384940709936
1.3235612330656363 0.0642258474636794
1.3191572147557569 0.06515938889177789
1.3147678122926754 0.06610456567045073
1.31039302595038 0.06706146977875385
1.306032855032215 0.06803028517479912
1.301687112098668 0.06901105784811445
1.2973557982628803 0.07000397175681174
1.2930389136658333 0.0710091188799469
1.2887364574923985 0.07202659119657583
1.2844482470872811 0.0730565726648104
1.2801744630741958 0.07409915526370653
1.275914744831741 0.07515447696184811
1.271669272287259 0.07622262973829105
1.2674378674023734 0.07730379755114722
1.263220530879509 0.07839807237947251
1.2590172624795601 0.07950559219185084
1.2548280610374787 0.08062649495686608
1.250652581466234 0.08176091864310212
1.246491168364054 0.08290900121914282
1.2423436485998296 0.08407078867451619
1.2382098526747505 0.08524655694638995
1.2340897816554177 0.08643630603476415
1.2299834356835997 0.08764026588727857
1.2258908139915006 0.08885857447251709
1.2218117512300175 0.0900912777800077
1.217746248119804 0.09133860575739018
1.2136943044733153 0.09260069637324843
1.2096557587638699 0.09387764160663838
1.2056307716103036 0.09516957942614389
1.2016190235264357 0.09647669378987683
1.1976208316688768 0.09779912266642109
1.193635879019245 0.09913700402436053
1.1896640112287586 0.10049047583227907
1.1857055396500842 0.10185967605876058
1.1817601540020075 0.10324478866191689
1.1778280076651808 0.10464590562080395
1.1739087957819605 0.10606325688306155
1.1700028210923286 0.10749693442774562
1.1661096319504833 0.10894707622344006
1.1622295283527295 0.11041391221778465
1.1583623601328257 0.1118974884003074
1.1545079802199363 0.11339808070817603
1.1506663897665383 0.11491573513091852
1.1468377332752202 0.11645068161617468
1.1430215775402277 0.11800305813252841
1.1392183538069942 0.11957304863809154
1.1354276329222222 0.12116074511192
1.1316495579121661 0.12276633151212563
1.1278841277145741 0.12439003778634825
1.1241312018885403 0.12603195591364377
