data/xsec-infrared-dust-silicate_orion_10.ecsv
# %ECSV 1.0
# ---
# datatype:
# - {name: Wavelength, unit: micron, datatype: float64}
# - {name: Opacity, unit: cm2 / g, datatype: float64}
# schema: astropy-2.0
Wavelength Opacity
[from data line 6929]
0.0028255440334083405 20.827220041192874
0.00281614205213383 20.705350551465532
0.0028067713358477333 20.584544339624674
0.0027974318839139385 20.46567014785349
0.002788123693640235 20.350494433921
0.0027788459136034865 20.236507089391047
0.002769599395061185 20.12456581896012
0.002760384129244091 20.014192331537416
0.0027511984455728783 19.905645548165353
0.002742044013414368 19.80020443761656
0.0027329199991609457 19.69594295845999
0.0027238264026585982 19.593340781472286
0.0027147624136381098 19.493085450096473
0.0027057296495457076 19.393459715358464
0.0026967256959814353 19.297477730920875
0.0026877529530654086 19.199887492690458
0.0026788090344009603 19.104774710331345
0.00266989552277257 19.010416616126086
0.0026610116279205476 18.91582305553767
0.0026521565784388395 18.822284034825415
0.002643331919885015 18.728699024585193
0.0026345361107660663 18.635905494121207
0.0026257699163352547 18.542247360531526
0.0026170325777512635 18.44938530567087
0.0026083241002854856 18.35591250987888
0.0025996452282400144 18.26198257817895
0.002590995212056764 18.16752192732634
0.002582373320006173 18.071799323826454
0.0025737802906001138 17.97505851217749
0.0025652161194580645 17.877382273529783
0.002556680800364439 17.779201529760336
0.002548173613326948 17.68026931710399
0.002539694562742291 17.578123816128947
0.0025312436510747244 17.474956887737868
0.0025228208788877237 17.370549621777663
0.0025144262448753402 17.26428483878307
0.0025060590572601516 17.155595487874326
0.002497720692931259 17.04527396861822
0.002489409092894266 16.932216072448373
0.002481125625756478 16.816466409206924
0.002472869610628784 16.698287579098526
0.002464641714871762 16.576416709685343
0.0024564406014077667 16.454029377873155
0.002448266281172108 16.32807463837696
0.002440120068890583 16.19836301434156
0.0024320006485335065 16.066846301333648
0.0024239080254478446 15.932813041355665
0.00241584220312094 15.797207399416669
0.0024078038189035834 15.65884514517163
0.00239979159704552 15.52122562180318
0.0023918068028545374 15.384539225957077
0.0023838475508580286 15.249731502328217
0.0023759157175161265 15.116261154172488
0.002368009438802535 14.990355623471215
0.0023601299520676243 14.868955226929083
0.002352276640113281 14.751816679943182
0.002344449502948428 14.640000041133035
0.00233664853885165 15.17595188230479
0.002328873149701345 27.712119116350543
0.002321123933001979 34.85991962757879
0.002313400295110735 34.81537095152794
0.0023057028222105928 34.773493347261116
0.0022980303460954647 34.72919163497543
0.0022903840285896184 34.681178567783206
0.002282762713574103 34.6250869801092
0.002275166408964156 34.561539110266736
0.0022675962485205923 34.48858776164191
0.002260050533936939 34.40179678436749
0.0022525303918711314 34.302914700296625
0.0022450352596080493 34.18586629278553
0.0022375645875962373 34.056203877545045
0.002230119475227457 33.903029316134045
0.0022226982826000015 33.733548707688875
0.0022153026402180905 33.55051636503917
0.0022079309266240642 33.34816658106436
0.002200584216502741 33.13828831136218
0.002193261972156155 32.919659154279415
0.0021859636684209505 32.69840491494058
0.0021786898334018954 32.47197501412492
0.0021714404626501527 32.24681166490932
0.0021642150365958797 32.02591522409804
0.002157013557965482 31.806752588490916
0.002149836027857349 31.595794024776914
0.0021426824457686368 31.389609174065352
0.0021355528096217895 31.18647756811519
0.002128446619048897 30.987362227641928
0.002121364372243622 30.792918043523766
0.002114305572331159 30.600889229414157
0.002107270220898298 30.41310202946847
0.00210025831795562 30.22756647681181
0.0020932698619635422 30.044886413946287
0.002086304372592 29.864464436903706
0.0020793623288858083 29.687274603886276
0.002072443253799536 29.509243162507154
0.0020655471491712336 29.33694983453184
0.0020586740152901692 29.16241359727781
0.0020518238509223984 28.991435569802203
0.0020449961947823 28.82163257476602
0.0020381915073119003 28.652312469773438
0.0020314093303165125 28.48076555183694
0.002024650115151975 28.314004304180155
0.002017912960245123 28.144953237926142
0.0020111983169445666 27.97839158482072
0.0020045061826487573 27.80934511751951
0.00199783611566332 27.640328083516195
0.001991188553984462 27.471308290141202
0.00198456262698644 27.2985789814408
0.001977959201555127 27.129593220316497
0.0019713774156668736 26.956834938213483
0.001964817698526301 26.783163304085143
0.001958279625582089 26.608748939080222
0.001951763617456899 26.432019921132976
0.001945269252353253 26.251735452779
0.001938796118156018 26.072493567023916
0.0019323450405474643 25.89060038498183
0.001925915195111892 25.70560980823151
0.0019195065857807918 25.52404821068603
0.0019131196163356084 25.33953040628316
0.001906753482490797 25.156476448555313
0.0019004089838500664 24.974375393846838
0.0018940853239747795 24.789717781278963
0.0018877828983428911 24.60734768783191
0.0018815013142658029 24.429847885396022
0.0018752405736262218 24.251439329887617
0.0018690006768979429 24.07531691381419
0.0018627816231690819 23.902203592555306
0.0018565830322153799 23.73248475835529
0.001850405283394033 23.56386323429245
0.00184424799877859 23.398813716866407
0.0018381115499915954 23.241199786321246
0.0018319951934231374 23.08430145283117
0.0018258993004523307 22.93171371779696
0.001819823505055897 22.78350832488224
0.00181376817099379 22.639125121636432
0.001807732576094243 22.49595558203354
0.0018017174397358116 22.3556461311746
0.0017957224002192673 22.216185647001836
0.0017897471040243407 22.07940635230925
0.0017837915545684722 21.942661089867354
0.0017778561004831795 21.806500814221135
0.0017719403913035031 21.669383036602746
0.0017660440844881689 21.53139927617284
0.0017601678644300184 21.395911827320706
0.0017543107088165463 21.257918409089925
0.001748473297150928 21.118178768482426
0.0017426552907454113 20.977835745268074
0.0017368566893264253 20.83810668225201
0.0017310771627645303 20.69821895536448
0.001725317041194782 20.55901233338606
0.0017195759963029116 26.415538653997277
0.0017138543513202224 33.18159113110055
0.001708151459842052 33.0567341616368
0.0017024676447144167 32.927493930263005
0.001696802587623946 32.79677237619356
0.0016911566046248312 32.66462468686201
0.0016855290676141112 32.5296918717171
0.0016799206016473538 32.38927848452496
0.0016743305844570352 32.24467453154493
0.0016687593250161294 32.093710686743066
0.0016632065162680563 31.938409109663823
0.0016576721593415551 31.774306976513795
0.001652156254126994 31.603741934999285
0.001646658799296848 31.426839076636345
0.0016411794969892815 31.243987472831538
0.001635718642762456 31.055748655721263
0.0016302756488657966 30.857000311681144
0.0016248508103676174 30.65385168960563
0.0016194441258038177 30.445696647516186
0.0016140555925344975 30.23399811229727
0.0016086849230062582 30.016410158127567
0.0016033318360698682 29.795276411351992
0.0015979968968722542 29.570180206847226
0.0015926795418741125 29.33970322757092
0.00158737977382275 29.11326182937326
0.0015820978687129392 28.88599491914869
0.0015768335487935754 28.662830274818326
0.0015715865424630795 28.44554401195204
0.0015663571222103772 28.236774549769024
0.0015611450177049594 28.041257429963512
0.0015559504955241687 27.860156187592924
0.0015507730229429389 27.693823562336746
0.0015456128660068888 27.543684309771223
0.0015404697622001153 27.415477003195463
0.001535343971763139 27.307599367455246
0.0015302349766412651 27.224683927702188
0.0015251432915602385 27.166028423844313
0.001520068149722046 27.125149252229544
0.0015150103135323813 27.09957861478745
0.0015099690241113244 27.07999627378127
0.001504944534873129 27.063779906326634
0.001499936844764431 27.043547273395074
0.0014949459516388262 27.014774385120997
0.0014899716088523918 26.968385668056396
0.0014850135751734387 26.90172660664731
0.0014800723352896147 26.8086805936748
0.0014751474055602382 26.684578772260195
0.0014702387880589525 26.52218606986451
0.0014653464837468652 26.343869953307298
0.0014604707263695996 26.153784656649364
0.001455611045406446 25.959338173054793
0.0014507674432514498 25.767119882089982
0.0014459399211962742 25.58286421799649
0.001441128707173234 25.39820660542862
0.001436333343360368 25.21719136347533
0.0014315538323889055 25.040828882065938
0.0014267903990147636 24.868273413781232
0.0014220428175221247 24.69984688531695
0.0014173108670912072 24.530296372789277
0.0014125947693102636 24.364801676732565
0.001407894521530443 24.203706338920686
0.0014032096883012778 24.0432180628779
0.0013985404880538267 23.88439920670014
0.0013938869193952793 23.727260807874103
0.0013892487682984399 23.57218825864411
0.0013846260355848893 23.41958442727512
0.0013800187210434396 23.269178895342698
0.0013754266160131631 23.115788183150276
0.0013708499284587694 22.96506394378909
0.0013662884504581111 22.81785882310754
0.001361742181890233 22.670757178863905
0.0013572109196547505 22.523638058599648
0.0013526948663004999 22.376651388175915
0.0013481938194183076 22.230561513547446
0.0013437075809418064 22.085165161000635
0.001339236547060508 21.94139223879089
0.001334780125709358 21.798403438032885
0.0013303387097785874 21.65161774184635
0.001325912102495332 21.507572561631065
0.00132150011128422 21.363096459538774
0.0013171027379128746 21.218639673048227
0.0013127201721045236 21.07246195842135
0.0013083520344945867 20.931137978575567
0.0013039985141280088 20.786781909151255
0.0012996594236779993 20.643352528715383
0.001295334947767607 20.49697613932771
0.0012910247168947005 20.355298500011898
0.0012867287334568235 20.214441313874932
0.0012824471792068064 20.071696717510406
0.001278179871862468 19.929747280084342
0.0012739266330007342 19.789212020643113
0.0012696878182920806 19.646192406901374
0.0012654628950877146 19.50572153279929
0.0012612520415825948 19.37076342341399
0.0012570552570891646 19.23117508835349
0.0012528723678861885 19.089797300759994
0.0012487033748947091 18.954216493166097
0.00124454844793755 18.816218016087237
0.0012404072452840043 18.682428040712175
0.0012362797684849242 18.547517300540683
0.001232166018158236 18.409373496553464
0.0012280659940042912 18.276969185655894
0.001223979694821063 18.141632122560193
0.0012199067921654697 18.009905697304777
0.0012158476137657415 17.88041528289887
0.0012118018337272355 17.75076436504038
0.001207769613708397 17.621214624143406
0.0012037507924362741 17.493411565518418
0.0011997453698313766 17.36492878167016
0.0011957531881507154 17.240616328217477
0.001191774248685651 17.109991812052034
0.0011878087065336253 16.985438833368118
0.0011838562507739852 16.860194172183654
0.0011799170357896524 16.739333232804512
0.0011759907560937146 16.615709242585428
0.0011720777159495359 16.49196751917476
0.0011681776121834778 16.36906878381163
0.0011642904460394147 16.247026833354433
0.001160416365535227 16.12835867466852
0.001156555073897148 16.007781950572188
0.001152706572727822 15.889195193350767
0.00114887100748429 15.770489783147207
0.001145048087625307 15.653305246633343
0.0011412379578748049 15.538257383588588
0.001137440616432949 15.42454413664529
0.0011336557788476239 15.308698815185677
0.0011298834473189984 15.194439212650195
0.0011261237622362547 15.081993437097523
0.0011223765831878572 14.970735571052112
0.0011186419098455575 14.859889311281954
0.001114919604761 14.7458817313597
0.0011112098040871319 14.633318682510728
0.0011075122360672046 14.525913819117964
0.0011038270361130571 14.41831212054552
0.0011001540698221467 14.309781433508245
0.0010964932055293555 14.202588581839386
0.0010928447071266057 14.094575736886963
0.0010892083103727743 13.988639319122019
0.0010855838864117394 13.884500172109824
0.0010819716941019256 13.780940033254675
0.0010783713471057435 13.678078935224544
0.0010747831018169608 13.574165596794646
0.0010712068296012973 13.471471900646298
0.0010676424044149823 13.371235884872231
0.0010640898269162222 13.270192752882433
0.0010605489736397761 13.168744913046574
0.0010570200911471208 13.070469890744805
0.0010535028102071947 12.971271858616836
0.001049997254119023 12.875156044652874
0.001046503422077665 12.77833613101582
0.001043021193229969 12.680538480014294
0.0010395505676379245 12.584243766786559
0.0010360914268887538 12.488027695651647
0.0010326438887919528 12.392041112261257
0.0010292077188321876 12.299720354144714
0.0010257830340660071 12.20609441322461
0.0010223698330947618 12.114663552474127
0.001018967886087435 12.022309222002171
0.0010155773078159142 11.929788869334272
0.0010121979845939472 11.83915408731281
0.00100882980499165 11.749716872599478
0.0010054729923559798 11.65920948157047
0.0010021273229135533 11.568943995458543
0.0009987926874357137 11.481393731077489
0.00099546919617718 11.394402699356446
0.000992156847813257 11.30805920018911
0.0009888554258670702 11.220717728264999
0.0009855650383770597 11.133657252356738
0.0009822855782059266 11.048138345425755
0.0009790170454167294 10.963538769158735
0.0009757593349515389 10.8796547899468
0.0009725124475195175 10.795598809900286
0.000969276486117665 10.712095623979874
0.0009660512432984168 10.629644218563955
0.0009628367196786406 10.547140385086156
0.0009596328141811002 10.465137377567862
0.0009564396283141367 10.383389152034479
0.0009532571605604901 10.302833434961144
0.0009500852107673408 12.327845249969808
0.0009469237800075941 12.897634806130089
0.0009437728686410975 12.800019273659293
0.0009406324763263846 12.701812315858906
0.0009375025056604796 12.604660817725243
0.000934382956854867 12.508659517685908
0.0009312738294286207 12.414040662857108
0.0009281750277561991 12.319341326354376
0.0009250865518889873 12.22387212515356
0.0009220083079823172 12.129560940266822
0.0009189403891833462 12.036814319121353
0.0009158826095584401 11.9446471660282
0.0009128349701471937 11.85243080414013
0.0009097973805417086 11.760723086431318
0.00090676975207006 11.669765457923564
0.0009037532515793387 11.579418110451865
0.0009007460784952801 11.490338234370794
0.0008977482465854558 11.40173526969469
0.0008947615244695693 11.313028828580672
0.000891784145212185 11.224605223063618
0.0008888161203176348 11.136994712400929
0.000885859181415607 11.051057760660777
0.000882911594604171 10.965965636549281
0.000879973369226984 10.88052353213
0.0008770453572853909 10.795621344768987
0.0008741267119512866 10.710203154904244
0.0008712182726569293 10.625994029729616
0.000868319202517364 10.542828866839727
0.0008654303285883331 10.46048047796644
0.0008625500080391173 10.378492646992372
0.0008596798823595951 10.296710389208299
0.0008568199391018986 10.215431716755404
0.0008539685660912679 10.13511928428499
0.0008511265761473644 10.055084168668186
0.0008482947601055904 9.97464342541476
0.0008454723195885368 9.895521201927997
0.0008426584766176133 9.81738407413018
0.0008398547935264878 9.740066019825365
0.0008370604858805702 9.662817869603051
0.0008342747892587122 9.58570078953543
0.0008314992332337115 9.509357253328126
0.0008287322940254945 9.433660329883967
0.0008259747316940633 9.35815748224781
0.0008232257994632785 9.282916315025751
0.0008204869842155218 9.208521815013473
0.0008177567998450566 9.135034228492605
0.0008150352556368803 9.062213490127183
0.0008123238072334229 8.989362858568587
0.0008096202774369837 8.91693303119084
0.0008069268297862175 8.845182009245812
0.0008042413147229072 8.774075760482809
0.000801565161446825 8.703700745214404
0.0007988983612071775 8.63372859821094
0.0007962395144335874 8.564244859994433
0.0007935900202574295 8.495478098518852
0.0007909498683484759 8.427079253266967
0.0007883176851120327 8.359461770095153
0.0007856948402592793 8.291874640011795
0.000783079977194513 8.224522516416322
0.0007804744463081506 8.157908064849357
0.0007778775712819884 8.09178064238351
0.0007752893520978293 8.026292474356334
0.0007727091334727937 7.961130831977683
0.0007701382279896268 7.896330667288817
0.0007675753288496384 7.8323877474011585
0.0007650217301402623 7.768743299549973
0.0007624761412687703 7.70608532707357
0.0007599385716321264 7.643548766950988
0.000757410287990313 7.5814739416891435
0.0007548900236151452 7.519854872649399
