data/xsec-infrared-dust-silicate_orion_10.ecsv
# %ECSV 1.0
# ---
# datatype:
# - {name: Wavelength, unit: micron, datatype: float64}
# - {name: Opacity, unit: cm2 / g, datatype: float64}
# schema: astropy-2.0
Wavelength Opacity
[from data line 3550]
217.69710360209936 0.028707590962593073
216.9727401825188 0.028899294170844712
216.25077122328221 0.029091643991859494
215.53124789520265 0.029284638586056306
214.81406806025723 0.029478283932073766
214.09928290825707 0.029672580489807174
213.38689219539782 0.02987359519778526
212.67684592775146 0.030081062236536397
211.96919381049952 0.030289226936426713
211.26388619918666 0.03049809757557125
210.56092321729705 0.030707672314388878
209.86030483129716 0.0309179511528796
209.16198288311907 0.031128934091043427
208.46605329187787 0.0313406335460529
207.77237260785537 0.031553041239792974
207.08103612269826 0.03176616820975038
206.39199633563686 0.031980009856972316
205.70525324301548 0.03219456986062102
205.0207606000454 0.032409856038916225
204.33856480389213 0.032625865632486296
203.65866539707523 0.03284260002101703
202.98101660104282 0.03306006656283292
202.30557369601635 0.03327826387824813
201.63242673911284 0.03350317014600241
200.9615304101951 0.033736267608581984
200.2928404313939 0.033970150112403875
199.62635724581295 0.0342048259355831
198.962124548981 0.03444029047916689
198.3000984977463 0.03467654236346937
197.64027908887832 0.034913600904092304
196.98262362711534 0.03515145046459618
196.32721719516434 0.03539010576162996
195.67393256329635 0.03562956311603139
195.02285424073133 0.0358698220679052
194.37394008124915 0.03611089273494752
193.72714890565405 0.03635277557705367
193.08256312021422 0.036595475193176415
192.4400597745835 0.03683899112342048
191.79976104946437 0.03708332658705282
191.1615453398714 0.03732848480334041
190.5254931257274 0.037580359330291545
189.89152446664843 0.03784233269768784
189.25967922144545 0.03810518262548709
188.62991802871807 0.03836892153086184
188.00227993992996 0.03863355861171769
187.3766873404242 0.038899083290463196
186.75321749992324 0.039165509363956755
186.13183154334516 0.039432831773350295
185.51249147954553 0.039701053737910774
184.89519767161804 0.03997018905449657
184.27998757726576 0.040240227145516255
183.66678656026343 0.040511178128665996
183.0556687944881 0.04078304844247969
182.44656036220445 0.041055835787480933
181.8394616754393 0.041329535564716954
181.23440902181707 0.041604165250208366
180.63136604253114 0.041879717485630685
180.0303327422469 0.04216177264030682
179.43130899271551 0.04245642294700587
178.83425946733274 0.042752076285309776
178.2392193122194 0.043048722077627104
177.64611880240028 0.043346383778617104
177.05502742120322 0.043645048971107235
176.46587610470155 0.043944718574888054
175.8786992381675 0.04424540960608491
175.2934964767353 0.0445471220646978
174.71020041290612 0.04484984859240224
174.12887828162292 0.04515360252616135
173.54946330970245 0.0454583847857657
172.97198877958022 0.04576419261184359
172.39645437958828 0.046071038421567574
171.8228273031748 0.046378927273785744
171.2510754830426 0.04668784445184914
170.68126340816423 0.04699781570989343
170.11332681232247 0.04731368420510825
169.54729756108446 0.0476449757484204
168.98314393139287 0.04797739633464399
168.42086601566095 0.04831093814555931
167.86046378079192 0.04864561497802472
167.3019063795409 0.04898143051120246
166.74522463251145 0.04931837968624448
166.19038785410672 0.04965646894168466
165.63739612927927 0.049995695058256066
165.08624941961867 0.0503360778114557
164.53694756539443 0.05067761030285439
163.9894608001355 0.05102029851109077
163.44381860675256 0.05136415209396571
162.89996227579823 0.05170916783221222
162.3579212418102 0.05205534296645867
161.81769533276605 0.05240270555031709
161.27925573867668 0.05275122890986127
160.7426026236647 0.05310530642469741
160.2077360310536 0.053478199635108595
159.67468384149976 0.053852358017434
159.14336199426177 0.05422779260916037
158.61382646464736 0.0546045093889263
158.08604942615804 0.05498250467756958
157.5600308900587 0.055361787672995794
157.03577075119233 0.05574235653562383
156.51324192982887 0.05612422138314982
155.99244462909635 0.0565073886541077
155.4734054386711 0.056891854209439915
154.9560711431867 0.05727762264809933
154.44046827975674 0.057664704087782036
153.92657061221087 0.05805310496702197
153.4144040985869 0.0584428193071805
152.90391698926823 0.05883385446658208
152.39516065156954 0.059226224242085145
151.88805850088485 0.05962297727949824
151.38268663435286 0.06004217734561426
150.87896925841002 0.06046281504437437
150.37693165104636 0.060884882097663524
149.87654905301684 0.06130839368202597
149.37784618438698 0.061733331401650514
148.88079839287096 0.06215973388774064
148.3854298524151 0.06258758320438046
147.89166805585376 0.06301687521251244
147.3995852447197 0.06344764348449199
146.90910965347493 0.06387987882241351
146.42028884291847 0.06431357616742897
145.9330989549622 0.06474876403304564
145.44751665110923 0.06518540608753651
144.96354214600404 0.0656235497001153
144.48119843351964 0.0660631806140284
144.00043958028925 0.06650429974906631
143.52128851902083 0.06694834703734959
143.04372259995142 0.06742091381160786
142.56776424044057 0.0678951040162032
142.09339088115664 0.06837092776883173
141.62058045182556 0.06884837219242566
141.14935505423804 0.06932745614269141
140.67967100084485 0.06980818237900067
140.21157188241415 0.07029055182114403
139.74503579510863 0.07077457320713179
139.28004130752805 0.0712602474567545
138.8166097117744 0.07174758836687053
138.3546986666521 0.07223659133852711
137.89432939810334 0.07272728488523157
137.4355017601389 0.07321964141326712
136.97819493378938 0.07371367517938746
136.52240898580916 0.07420939952055568
136.06814388131994 0.0747068204154104
135.6153793193387 0.07520592866604604
135.1641355008602 0.07573758002645807
134.7143921943645 0.0762714995903892
134.26612960214825 0.07680724815784737
133.8193872598074 0.07734484872359655
133.37410603153685 0.07788429576889341
132.93030574844863 0.0784255925130049
132.48800562260502 0.07896874723404607
132.04714778160792 0.07951375533306407
131.60777074619008 0.08006063980482293
131.1698553262656 0.08060940524827545
130.73340148098583 0.08116005626237438
130.29840907356973 0.08171258824816695
129.86484088851472 0.08226701040355879
129.43273407775132 0.08282333192645541
129.00205172671085 0.08338156201476246
128.5728121792288 0.08394169606952714
128.1449971883976 0.08450376168446623
127.71858889444859 0.08510088511657066
127.2936231198718 0.08570277306377194
126.87006404851557 0.08630673513868431
126.44791177928849 0.08691280353397733
126.02716631647606 0.08752094145802863
125.60782757130379 0.0881311949003662
125.18987817871789 0.08874355466308438
124.77331821095312 0.08935802994408885
124.3581306900322 0.08997462074337956
123.94434953067629 0.0905933362588621
123.53192399481655 0.09121418568844207
123.12088770160032 0.09183716903211947
122.7112072468503 0.09246230928465829
122.30289922241103 0.09308959724815294
121.89594710678232 0.09371904212050897
121.4903509086266 0.09435065769858483
121.08609447025566 0.0949844439823805
120.68319391248562 0.09565512766445998
120.28163311332257 0.09633408026366701
119.88139628701552 0.09701537832880007
119.48249928565974 0.09769904485462322
119.08494190495952 0.09838509823694755
118.68869296289274 0.09907351548100916
118.29376804563648 0.09976434257633593
117.90015175766244 0.10045756112711672
117.50784416398321 0.10115317113335155
117.11684524203186 0.10185120478771001
116.72715488311158 0.10255164829333362
116.33874321245712 0.10325452004603362
115.95164002915065 0.10395982924371563
115.5658156824079 0.10466757588637958
115.18128485986216 0.10537776457297834
114.79803287528668 0.10609041829827585
114.41604534488535 0.10680553246331931
114.03533669995991 0.10755961355540489
113.65589257823282 0.10832516903471696
113.27771298259472 0.10909340570350921
112.90078385578212 0.10986432816073445
112.52511919704443 0.11063795020325101
112.15070496924773 0.11141427183105898
111.77752742226315 0.11219330684101668
111.40560030577907 0.11297506902998253
111.03489636864754 0.11375954460109812
110.66544271334193 0.11454677494493862
110.29721228633544 0.11533674166569288
109.93020516809378 0.11612944936231365
109.56442135689291 0.11692494402432892
109.19986077017752 0.1177231888601163
108.8364972691825 0.11852422066129817
108.47435693558515 0.11932802563101616
108.11341381618301 0.1201346451598454
107.75368075703578 0.12098222296227751
107.39513224497631 0.12184681229110272
107.03778105046315 0.12271444152772622
106.68162704922013 0.12358513826586477
106.32664524744378 0.1244588979065656
105.97286048986653 0.12533573424668704
105.62023572537304 0.12621565648413477
105.26879555876491 0.12709866921786153
104.91852765713361 0.1279847908436785
104.56941993439416 0.12887402136158568
104.22147245741891 0.12976638376634708
103.87468521528369 0.1306618688600571
103.52904636807165 0.1315604950385269
103.18455598735176 0.13246226690070934
102.84122566443382 0.13336720284241552
102.49902052745188 0.13427530286364545
102.15796376775148 0.1351865899591632
101.81804378734095 0.13614079908112775
101.47924921823703 0.1371189871429716
101.14159135203906 0.13810065201312943
100.80504768012437 0.13908581668636513
100.46962941909386 0.1400744857616316
100.13532542608296 0.14106667303578702
99.80212477848197 0.1420623831077844
99.47004931729407 0.1430616343734348
99.13906634697216 0.14406442683273835
98.80918678414125 0.1450707834804589
98.48041055100978 0.14608070891554928
98.15272693459349 0.1470941985390567
97.82612543218606 0.14811127994469797
97.50061659518225 0.14913198072618983
97.17618991551959 0.15015627328981554
96.85284537623774 0.1511841898282446
96.53057267185618 0.15221573034147706
96.20938199713588 0.15329186689997423
95.8892529596344 0.15439867847362196
95.57018566499612 0.15550949573515513
95.25218014693901 0.15662431868457383
94.93523636843992 0.15774316111873635
94.61934440621745 0.15886603683450115
94.30451403239795 0.1599929458318682
93.9907159433607 0.1611239157045543
93.67796965326826 0.16225893265570104
93.36626541695102 0.16339804727378918
93.05559367683159 0.16454124116300756
92.74596392344718 0.16568853271916734
92.43735722001135 0.1668399403380797
92.12977367593757 0.16799546861869744
91.82322257626966 0.16915512215997336
91.51768534112465 0.17031893775352985
91.21317118191867 0.17148691080041406
90.90963462700135 0.17269963165800525
90.60715736933247 0.1739515217965615
90.30570262688596 0.17520800169000844
90.00518121931363 0.17646908513520432
89.7056827369676 0.177734776731102
89.40720669142358 0.17900509027455982
89.10975253479141 0.180280044161389
88.8132331717426 0.18155964758949517
88.5177355765591 0.18284392355364223
88.22317367389543 0.18413285365801904
87.92963315409958 0.18542649309005915
87.63702895096938 0.18672482805290416
87.34544549050405 0.18802787234341245
87.05479870486897 0.18933564435739525
86.76508922914167 0.19064817168856935
86.47639962337253 0.19196544513902908
86.18864729186198 0.19328748770353843
85.9019135781538 0.1946535928347881
85.61603648444782 0.1960687549955147
85.33117759832032 0.19748918755614578
85.04725624682355 0.1989148951156341
84.76427260264424 0.20034591446560193
84.48222677364042 0.20178222721023822
84.20111880390095 0.20322388853697648
83.92094867479436 0.20467087545105275
83.64171630600762 0.20612322014513657
83.363345356424 0.20758093641608627
83.08598853194711 0.20904402886285475
82.80949367261013 0.2105125296781116
82.5340113429967 0.2119864388618568
82.25939128050453 0.213465784007807
81.98563453465061 0.21495057431386794
81.71281529319849 0.21644080518108672
81.44093299875874 0.2179365271979442
81.16998704128278 0.2194759254695071
80.89990499583524 0.22107671056299352
80.63068757995657 0.22268358926893486
80.36240625487396 0.22429656158733116
80.09498984760874 0.22591564131504088
79.82850875618956 0.2275408514468278
79.56289263458736 0.22917220577955053
79.29814188454817 0.23080971351111448
79.03425684400267 0.23245340223523653
78.77130582441255 0.23410328574877512
78.50915251435892 0.23575937784858847
78.24793269305017 0.23742170152944067
77.98757842583099 0.23909026598923735
77.72808975548891 0.2407650896237896
77.4694666668932 0.24244619082890861
77.21170908795362 0.24413358340145294
76.95475195593328 0.24582729493513908
76.6987253882873 0.24756213950263448
76.44349970411672 0.24937013961225882
76.18913953890534 0.2511851347290861
75.93564454125129 0.2530071616447388
75.68295150233148 0.2548362295571225
75.43112360944544 0.25667234766414265
75.18016035136834 0.25851555275742183
74.92999960563158 0.26036584943591273
74.6806419914838 0.26222326529333206
74.43214881206454 0.26408780952758554
74.18451935020218 0.26595951893029546
73.93763295802418 0.2678383889025091
73.69161030712918 0.2697244654337543
73.44645053115796 0.27161773012821994
73.20203520921577 0.2735182427722924
72.95848246356476 0.27542598956911335
72.71567533088822 0.2773410165082105
72.47373025945119 0.2792943435261945
72.23258893637514 0.28133707418653625
71.99225136031413 0.28338789440484663
71.75271747682199 0.28544684097274775
71.51393110197321 0.2875139368850038
71.27600460480504 0.28958916834475623
71.03882598992837 0.29167257674258046
70.80245106906267 0.2937641988700985
70.56687952794472 0.295864048524169
70.3320567653732 0.2979721257047919
70.09803733181658 0.30008848559940066
69.86476724384259 0.30221313740590106
69.63230022515971 0.3043460489316233
69.40063571591094 0.3064873443482931
69.16966819037131 0.30863694087475996
68.93950331809155 0.31079495348484387
68.71014039621342 0.312961354584828
68.4815272582009 0.3151624087941315
68.2536641440751 0.31746965282349887
68.0265512403284 0.3197862373259955
67.80018868078824 0.3221122542806769
67.57457654747262 0.324447666895921
67.34971487143737 0.32679253035916134
67.12565303986469 0.32914687226411454
66.90229184364232 0.3315107156055447
66.67968090263231 0.33388410637297977
66.45777162428041 0.33626698018108053
66.23666097505885 0.3386594612015726
66.01625215891966 0.34106158622607824
65.7965932948077 0.3434732126870607
65.57768402917344 0.34589460732378247
65.35947712418302 0.34832559077708414
65.14197307322259 0.35076627802078575
64.92521853529561 0.35321673344022664
64.7092129741972 0.3556967739230053
64.49386459682849 0.35830200709880183
64.27926521469769 0.3609180846052918
64.06541415972097 0.3635450524320032
63.85222131515973 0.36618306694333097
63.63977653506539 0.3688319441811633
63.42799080015941 0.37149181291617855
63.216952679476876 0.3741627697263854
63.006617767451694 0.37684476402330314
62.796942780417275 0.37953781880169574
62.58801439524331 0.3822420122437607
62.379746281325815 0.38495729835997006
62.172181493686665 0.3876837829262381
61.96531980423851 0.3904214153540842
61.759119119932556 0.3931703750026672
61.55362150597144 0.3959305285023562
61.34882660278855 0.39870193104058466
61.14469301609608 0.4014959788223816
60.94122112308256 0.4044301474979727
60.738451702275036 0.4073768759136503
60.53634404291178 0.41033623765265903
60.33489838002121 0.4133082465118573
60.13415455137086 0.4162929668765842
59.93407252022776 0.41929043093950935
59.73465238624217 0.42230054672157674
59.53585533831642 0.42532348438404005
59.337759374975604 0.42835920713527664
59.1403253366362 0.4314078161522482
58.94355314582132 0.43446929303914356
58.747404839832804 0.437543605603293
58.55191860256088 0.44063097919338373
58.35709422623101 0.44373126664292595
58.16293146276584 0.4468445783267872
57.96939317740923 0.4499709556355423
57.776516380149204 0.4531126750508255
57.584264342080836 0.45641737675425287
57.39263738047921 0.45973661574746905
57.20167164358843 0.46307052080115213
57.0113666412241 0.4664190367278689
56.82165104278945 0.46978231989201413
56.63259603323439 0.4731603059082487
56.44413114100697 0.47655307755772314
56.25632652356258 0.47996070842368205
56.06914702965702 0.4833831203239279
55.8825583917588 0.4868204696228557
55.69662925465452 0.49027276551837123
55.51129125228483 0.4937399712188519
55.326578475777026 0.49722220169811787
55.142490735517384 0.500719521341508
54.959027803723956 0.5042319347479752
54.776156515659856 0.5077594143238028
54.59387722483519 0.5113021394281498
54.41222270349993 0.5150102060834254
