data/xsec-infrared-dust-pah1_c120.ecsv
# %ECSV 0.9
# ---
# datatype:
# - {name: Wavelength, unit: micron, datatype: float64}
# - {name: Opacity, unit: cm2 / g, datatype: float64}
# schema: astropy-2.0
Wavelength Opacity
[from data line 785]
2188593.9219963048 2.0502108570648256e-08
2181311.47046942 2.057055478511394e-08
2174052.963935036 2.063923094721944e-08
2166818.922126381 2.0708132458011945e-08
2159609.3380371146 2.0777268515397063e-08
2152423.187167593 2.0846634520421986e-08
2145261.4890278815 2.091623047308672e-08
2138123.229513228 2.098606097234406e-08
2131008.415613936 2.1056121419241206e-08
2123918.041915243 2.112642101168376e-08
2116850.6183548123 2.119695055176612e-08
2109807.1330913533 2.1267719237393883e-08
2102786.6072783163 2.1338717870661453e-08
2095790.012871184 2.140996024842722e-08
2088816.380901164 2.14814371727856e-08
2081866.1921594455 2.1553153242689376e-08
2074938.9690374513 2.1625108458138553e-08
2068034.713958146 2.169730741808593e-08
2061153.427786292 2.1769740924625912e-08
2054295.109854107 2.1842422774616888e-08
2047459.2983276166 2.191534377015327e-08
2040646.9119216965 2.1988508510187847e-08
2033856.575645638 2.2061916994720618e-08
2027089.2021492482 2.2135569223751593e-08
2020344.3357918619 2.220946979623356e-08
2013621.5314430755 2.2283618712166522e-08
2006921.2375838254 2.235801137259768e-08
2000243.4506831423 2.243265697543263e-08
1993587.7299921503 2.250754632276578e-08
1986954.5107244344 2.2582688612502717e-08
1980342.925040329 2.2658083844643444e-08
1973753.408079144 2.273372742023517e-08
1967185.9577434652 2.2809623938230684e-08
1960640.1490086515 2.2885773398629985e-08
1954116.4040572771 2.296218040038588e-08
1947614.3006142676 2.3038840344545558e-08
1941133.8392626245 2.311575323110903e-08
1934674.6087322135 2.3192928257981882e-08
1928237.4303022511 2.3270356227258526e-08
1921821.0771933573 2.3348046336844555e-08
1915426.365087826 2.3425993987787167e-08
1909053.2874965174 2.3504199180086365e-08
1902701.042688517 2.3582671111647745e-08
1896369.6373754493 2.366140058456571e-08
1890059.8601853088 2.374039679674586e-08
1883770.9210627691 2.3819655149235383e-08
1877502.82243023 2.3899175642034295e-08
1871255.565292559 2.397896287409539e-08
1865028.767864246 2.405901684541865e-08
1858823.1937109816 2.4139342154956897e-08
1852638.079431858 2.421992960480452e-08
1846473.428093324 2.4300788392867125e-08
1840329.6127195836 2.4381918519144703e-08
1834205.888404259 2.446331538468446e-08
1828102.994360543 2.4544988187391983e-08
1822019.8288500058 2.462693232831449e-08
1815957.4874794513 2.470914780745196e-08
1809914.880417614 2.4791643822710006e-08
1803892.3725021924 2.487441117618303e-08
1797890.317650946 2.495745446682382e-08
1791908.0028143958 2.5040773694632383e-08
1785945.4319256155 2.5124373458561516e-08
1780002.9549610459 2.5208253758611212e-08
1774079.876001154 2.5292409995828684e-08
1768176.8874852047 2.5376851368119515e-08
1762293.3000971002 2.546156867757812e-08
1756429.456246418 2.5546575721062886e-08
1750585.0159520144 2.5631863300668215e-08
1744760.3145083517 2.571743601534691e-08
1738954.6823070894 2.5803293865098972e-08
1733168.4542816957 2.5889436849924395e-08
1727401.3008922823 2.5975869568775975e-08
1721653.5500703857 2.6062592021653718e-08
1715924.874099657 2.6149604208557622e-08
1710215.2733475324 2.623690153053489e-08
1704524.7469145204 2.632449778444391e-08
1698852.9761966853 2.641237917342629e-08
1693200.2784868882 2.6500559494340427e-08
1687566.3369004144 2.6589034148233517e-08
1681951.1518599025 2.667779853615277e-08
1676354.4144091485 2.676686645495657e-08
1670776.4347243037 2.6856228706739323e-08
1665217.2095086095 2.6945885291501037e-08
1659676.4322488962 2.70358454071473e-08
1654153.803293181 2.712610445472531e-08
1648649.6257999206 2.721666703318787e-08
1643163.8976712476 2.7307528543582183e-08
1637696.6156245237 2.739869818381384e-08
1632247.1909509075 2.7490166755977253e-08
1626815.9198921593 2.7581943457978006e-08
1621402.8014355816 2.7674028289816107e-08
1616007.8333853397 2.7766416652538756e-08
1610630.7279379794 2.7859117744051548e-08
1605271.4862596153 2.7952126965401677e-08
1599930.1083163212 2.804544431658916e-08
1594606.3140814928 2.8139074396566776e-08
1589300.3836975424 2.8233017205334535e-08
1584012.3136115116 2.832727274289244e-08
1578741.5525642175 2.8421845608193275e-08
1573488.377148601 2.8516731202284256e-08
1568252.7858411535 2.861193412411817e-08
1563034.508100015 2.870745897264782e-08
1557833.545485665 2.8803296549967612e-08
1552649.8983882575 2.889946065293593e-08
1547483.566046921 2.899594208364719e-08
1542334.5465688638 2.909274544105418e-08
1537202.5778482703 2.91898707251569e-08
1532087.6609490009 2.9287322534908158e-08
1526989.7957902297 2.9385096271355143e-08
1521908.7271953577 2.9483201132403453e-08
1516844.7101953418 2.9581632519100295e-08
1511797.4907476997 2.9680390431445665e-08
1506767.0693413545 2.9779479468392364e-08
1501753.4453467957 2.9878899629940385e-08
1496756.6170346332 2.997865091608973e-08
1491776.3375811337 3.0078733326840406e-08
1486812.3655836848 3.01791514611452e-08
1481865.187314584 3.027990531900411e-08
1476934.318366472 3.0380994900417156e-08
1472019.998812054 3.048242480433711e-08
1467121.9892629834 3.0584190431811195e-08
1462240.2900109908 3.068629638179218e-08
1457374.6673766042 3.07887426542801e-08
1452525.3554864684 3.089153384822773e-08
1447692.351406365 3.0994665364682276e-08
1442875.1946180756 3.109814180259654e-08
1438074.1160062223 3.1201963161970516e-08
1433289.1140591674 3.1306134041757e-08
1428519.962470024 3.14106498430032e-08
1423766.662128931 3.151551516466191e-08
1419029.2128635622 3.1620730006733133e-08
1414307.3941293217 3.172629436921686e-08
1409601.4259231267 3.1832212851065894e-08
1404911.0885380514 3.193848545228024e-08
1400236.3820102788 3.204511217285989e-08
1395577.091785667 3.2152097611757645e-08
1390933.432244155 3.225943717002071e-08
1386305.1896152364 3.236713544660187e-08
1381692.36407412 3.2475197040453934e-08
1377094.9547740575 3.25836127536713e-08
1372512.7533072366 3.2692396383112366e-08
1367945.9661343377 3.280153873087153e-08
1363394.1817751273 3.291104899485439e-08
1358857.6060266527 3.302092257610815e-08
1354336.0360158344 3.313116407358561e-08
1349829.6728083917 3.3241773487286757e-08
1345338.115774311 3.3352750817211605e-08
1340861.5653059126 3.346410066231294e-08
1336400.0196943162 3.357582302259077e-08
1331953.281738643 3.368791329909229e-08
1327521.3516962144 3.380038068972311e-08
1323104.036889069 3.39132251944832e-08
1318701.5301275584 3.4026446813372585e-08
1314313.6393330265 3.414004554639126e-08
1309940.3646776304 3.4254021393539224e-08
1305581.7053645665 3.436837895376927e-08
1301237.473984168 3.44831182270814e-08
1296907.6715501687 3.459824381242841e-08
1292592.2981057996 3.4713751110857494e-08
1288291.3527398228 3.482964012236868e-08
1284004.6528273867 3.494592004486752e-08
1279732.199198736 3.506259087835405e-08
1275473.991728719 3.5179648023875465e-08
1271230.02935259 3.529709608038455e-08
1266999.958044519 3.541493504788131e-08
1262784.131621984 3.553316952531854e-08
1258582.3725602548 3.565179491374345e-08
1254394.5070724746 3.577082041106163e-08
1250220.707822324 3.589024141832028e-08
1246060.6312335483 3.6010062534472194e-08
1241914.449252475 3.613028375951738e-08
1237781.9923892694 3.6250905093455836e-08
1233663.4284805271 3.6371931135240355e-08
1229558.5884667404 3.649335728591814e-08
1225467.306830005 3.661519274339479e-08
1221389.5851092252 3.6737432908717505e-08
1217325.5864085597 3.6860082380839076e-08
1213274.984385071 3.6983141159759516e-08
1209237.941431515 3.710660924547881e-08
1205214.2962202656 3.723049123694976e-08
1201204.0490059643 3.735478253521958e-08
1197207.0419928248 3.7479496937146645e-08
1193223.432919517 3.7604620645872565e-08
1189253.0643152492 3.773016285930294e-08
1185295.9360335295 3.7856128176390574e-08
1181352.0470551176 3.798251199818265e-08
1177421.0914848442 3.810931892363198e-08
1173503.3746585806 3.8236544353785764e-08
1169598.592993412 3.8364197486549594e-08
1165706.8970607952 3.849227832192347e-08
1161827.988563638 3.862078685990739e-08
1157962.1643480973 3.874972310050135e-08
1154109.1283578156 3.887909164265816e-08
1150268.8816573862 3.900888788742501e-08
1146441.4244484417 3.91391210327075e-08
1142626.7560838924 3.9269786479552836e-08
1138824.7328756724 3.9400888826913804e-08
1135035.4966172331 3.9532432673743206e-08
1131258.7635341715 3.966441342108825e-08
1127494.535298553 3.979683106894893e-08
1123742.8127282604 3.992969481523084e-08
1120003.733345778 4.0063000060981184e-08
1116277.0202992284 4.019675140515277e-08
1112562.6746689852 4.033094884774557e-08
1108860.696700094 4.0465596987712404e-08
1105171.0858160502 4.060069122610047e-08
1101493.7075964177 4.0736236161862554e-08
1097828.5625138732 4.087223639395147e-08
1094175.650224678 4.100868732341441e-08
1090534.8391801903 4.114559814815696e-08
1086906.1300433131 4.128296426922635e-08
1083289.5226660515 4.142078568662255e-08
1079685.0161029338 4.1559071598251166e-08
1076092.3546824001 4.16978174051594e-08
1072511.7932197263 4.1837027706300056e-08
1068943.0778434356 4.197670250167312e-08
1065386.2095100672 4.21168417912786e-08
1061841.3120073995 4.22574501740693e-08
1058308.1366257237 4.2398527650045204e-08
1054786.6844284108 4.254007421920632e-08
1051276.955686371 4.268209448050545e-08
1047778.8295138617 4.282458843394258e-08
1044292.4266126934 4.296756067847051e-08
1040817.626155199 4.311101121408925e-08
1037354.4277232972 4.3254935441846e-08
1033902.7129289762 4.339934255964634e-08
1030462.4821829987 4.354423256749029e-08
1027033.735130252 4.368960546537784e-08
1023616.355773129 4.383546585226178e-08
1020210.3445525522 4.398181372814212e-08
1016815.7011507299 4.4128644494066056e-08
1013432.3118891278 4.4275971946891984e-08
1010060.177214615 4.4423786888714306e-08
1006699.2968227488 4.457209851743862e-08
1003349.5592853072 4.472090223411212e-08
1000010.9650325114 4.487020263768761e-08
996683.5137508991 4.502000432711789e-08
993367.0961962756 4.517030270345015e-08
990061.8202416836 4.532110696459e-08
986767.4698686984 4.547241251158463e-08
983484.0461525772 4.5624223943386836e-08
980211.5494285646 4.5776541259996634e-08
976949.9793040861 4.5929364461414e-08
973699.2307135487 4.608270274554455e-08
970459.3039167824 4.623653771657708e-08
967230.1984540012 4.6390924561945166e-08
964011.811258749 4.654577130259286e-08
960804.1424986323 4.67011699175761e-08
957607.1916300093 4.685707441736691e-08
954420.7576468255 4.7013530791493284e-08
951245.0410354803 4.7170493050427226e-08
948079.8420449084 4.7327961194168753e-08
944925.1613055634 4.748598121224581e-08
941780.9987422267 4.7644507115130464e-08
938647.3535856791 4.7803584892350655e-08
935524.0324532466 4.796316855437843e-08
932411.1323754922 4.8123304090741744e-08
929308.6524443723 4.8283945511912637e-08
926216.4029471962 4.8445138807419075e-08
923134.478829854 4.860688397726106e-08
920062.8790341277 4.8769135031910615e-08
917001.4174308095 4.8931983950423684e-08
913950.1869088261 4.909533875374433e-08
910908.7313398549 4.925924543140052e-08
907878.2328229838 4.942370398339224e-08
904857.0583811394 4.958871440971952e-08
901846.1145957664 4.975423072085438e-08
898845.3976060357 4.992034489585274e-08
895854.9029392292 5.0087010945186636e-08
892873.7513718634 5.025422886885609e-08
889902.8230020364 5.042199866686108e-08
886942.111466839 5.0590320339201604e-08
883990.7529914655 5.0759239875405644e-08
881048.7571609364 5.092871128594522e-08
878117.8237698408 5.109873457082034e-08
875195.4075272563 5.126930973003101e-08
872283.2012793487 5.144048275310518e-08
869381.1950559665 5.161220765051489e-08
866488.5551303342 5.17845304117881e-08
863605.2869309628 5.195740504739686e-08
860731.3951776392 5.213087754686912e-08
857867.6908402871 5.230490192067693e-08
855012.5579969457 5.247952415834824e-08
852167.6079131986 5.265474425988305e-08
849332.8267137525 5.283051623575341e-08
846506.6286481234 5.300688607548728e-08
843689.8107803577 5.3183853779084644e-08
840882.3732798562 5.336141934654552e-08
838084.3156931289 5.3539582777869895e-08
835295.6369541384 5.371829808352981e-08
832516.3353945416 5.3897657242581194e-08
829746.4087538245 5.407756827596813e-08
826985.1042935217 5.425812316274652e-08
824233.9233715506 5.443927591338842e-08
821490.6271702619 5.462102652789383e-08
818757.445799963 5.480337500626273e-08
816032.8990105601 5.498632134849515e-08
813317.7209624615 5.516991154411903e-08
810611.9053290623 5.535409960360641e-08
807914.7295611748 5.55388855269573e-08
805226.2005772553 5.5724315303699654e-08
802547.0308399816 5.5910342944305515e-08
799876.5102931478 5.6097014438302844e-08
797214.6439239044 5.628428379616367e-08
794562.128311329 5.647219700741597e-08
791918.2656989981 5.666070808253177e-08
789283.0592334433 5.6849909000567006e-08
786657.1899777113 5.703970778246574e-08
784039.2982504405 5.723010442822798e-08
781430.7379893581 5.742119091690965e-08
778830.166346851 5.7612875269454823e-08
776238.9181680763 5.780520347539146e-08
773656.3235376453 5.7998221524247526e-08
771081.7295904305 5.8191837436967106e-08
768516.4430497295 5.8386097203078146e-08
765959.1622825584 5.85810468121086e-08
763410.536572136 5.877659428500258e-08
760869.9279509572 5.897283160081598e-08
758338.6065029199 5.916971277002085e-08
755815.3026078943 5.936723779261718e-08
753300.0240362178 5.956545265813294e-08
750793.3959817735 5.976431137704018e-08
748295.4125881011 5.996385993886683e-08
745805.4576277009 6.016405235408494e-08
743324.1423041908 6.036488862269455e-08
740850.2556420784 6.056641473422357e-08
738385.6073100176 6.076863068867201e-08
735928.3954582243 6.097149049651192e-08
733479.814828517 6.117504014727127e-08
731039.2701150025 6.137927964095003e-08
728606.7632603237 6.158420897754823e-08
726182.2956437821 6.178982815706586e-08
723765.8680904962 6.199609118997495e-08
721357.4808804675 6.220309005533143e-08
718957.13375756 6.241073277407939e-08
716565.3889488647 6.261911132527473e-08
714180.5561211224 6.282813372986153e-08
711804.3224941873 6.303789196689573e-08
709436.1227448955 6.324834004684935e-08
707075.4058705865 6.345952395925036e-08
704722.7240624174 6.367135172504286e-08
702377.5325446476 6.388396131281069e-08
700040.3751356712 6.409721475397e-08
697711.2469981968 6.431120402757669e-08
695389.6126176616 6.452592913363076e-08
693076.0035352956 6.474134408260428e-08
690769.890309983 6.495749486402518e-08
688471.2767065708 6.51743354883655e-08
686180.1659322082 6.539191194515322e-08
683897.0734904397 6.561022423438833e-08
681621.4818391225 6.582927235607083e-08
679353.3926327403 6.604905631020073e-08
677092.8070025652 6.626957609677801e-08
674840.2249171435 6.649078572627471e-08
672594.6444651434 6.671277717774678e-08
670356.5679507817 6.693550446166623e-08
668125.9944967517 6.715896757803307e-08
665902.9227443086 6.73831665268473e-08
663686.8678782834 6.760814729763689e-08
661478.7967758712 6.783386390087386e-08
659277.7438821627 6.806031633655823e-08
657084.1889117043 6.828755059421794e-08
654897.6578791656 6.851552068432506e-08
652718.6231644973 6.874427259640751e-08
650546.6160876184 6.897376034093736e-08
648382.101810209 6.920402990744256e-08
646224.6169064264 6.943508129592313e-08
644074.1645750735 6.966686851685106e-08
641931.1993344186 6.989948354928233e-08
639795.2655150353 7.013283441416097e-08
637666.3648472433 7.036696710101496e-08
635544.4985679343 7.060188160984432e-08
633429.667428588 7.083757794064903e-08
631322.3087290693 7.107410208295705e-08
629221.54531844 7.131136205771246e-08
627127.816488098 7.154944984397118e-08
625041.12112639 7.178831945220525e-08
622961.4576751653 7.202797088241469e-08
620888.4014370298 7.226845012412742e-08
618822.3782999619 7.250971118781553e-08
616763.3853547099 7.275180006300693e-08
614711.0049446491 7.29946707601737e-08
612665.6531707799 7.323836926884377e-08
610627.3258406504 7.348289558901716e-08
608595.2061115771 7.37282037311659e-08
606570.112055847 7.397433968481796e-08
604552.0382087495 7.422130344997332e-08
602540.1825591044 7.4469095026632e-08
600535.3456535267 7.471771441479401e-08
598537.1280062217 7.496716161445931e-08
596545.5304218598 7.521743662562794e-08
594560.5532542411 7.546853944829988e-08
592582.1964137082 7.57205160720031e-08
