data/xsec-infrared-dust-pah1_c15.ecsv
# %ECSV 0.9
# ---
# datatype:
# - {name: Wavelength, unit: micron, datatype: float64}
# - {name: Opacity, unit: cm2 / g, datatype: float64}
# schema: astropy-2.0
Wavelength Opacity
[from data line 390]
8164398.032308457 5.172639964844427e-09
8137226.472753229 5.189909032594118e-09
8110155.835932971 5.207233287777363e-09
8083164.417059378 5.2246173293469595e-09
8056273.779037258 5.242061157302906e-09
8029462.492637458 5.259560172692406e-09
8002744.801067734 5.277118974468257e-09
7976120.614336202 5.2947375626304585e-09
7949575.979031251 5.31241593717901e-09
7923124.838735742 5.3301494991611165e-09
7896767.0877987165 5.34794744648237e-09
7870489.0318004005 5.365800581237177e-09
7844297.574116571 5.383713502378334e-09
7818199.430951669 5.401686209905842e-09
7792181.161376757 5.419718703819701e-09
7766256.128061477 5.437815583072706e-09
7740411.05656611 5.4559676497592654e-09
7714659.121188668 5.474184101784972e-09
7688987.212000215 5.492460340197029e-09
7663401.878205689 5.5107963649954355e-09
7637903.094104495 5.529192176180193e-09
7612490.828701427 5.547652372704097e-09
7587158.733842971 5.566172355614352e-09
7561913.1640305 5.584756723863752e-09
7536754.072078475 5.603400878499505e-09
7511675.218884616 5.622109418474403e-09
7486682.816667392 5.6408777448356515e-09
7461770.6978228325 5.659710456536047e-09
7436938.916800061 5.6786075535755905e-09
7412193.546027528 5.697564437001483e-09
7387528.523393435 5.716585705766521e-09
7362949.83021619 5.735671359870707e-09
7338451.4740873 5.754816800361244e-09
7314033.480950632 5.774031225143723e-09
7289695.871010751 5.793310035265349e-09
7265438.658825516 5.812648631773325e-09
7241261.853397797 5.832056212573245e-09
7217171.169616976 5.851523579759514e-09
7193155.144998863 5.871059931237726e-09
7169219.521973423 5.890660668055085e-09
7145364.288221431 5.910325790211591e-09
7121589.426313804 5.93005989666004e-09
7097894.913797935 5.949858388447636e-09
7074275.235847959 5.969721265574377e-09
7050735.9205617085 5.989653126993061e-09
7027276.930189551 6.009649373750893e-09
7003892.8435113765 6.029710005847872e-09
6980589.0637438 6.049839622236792e-09
6957360.231057595 6.070038222917656e-09
6934211.666811129 6.090305807890463e-09
6911138.071959195 6.110637778202415e-09
6888139.484824569 6.131038732806312e-09
6865221.106038309 6.151504072749354e-09
6842377.726259875 6.172042995937136e-09
6819609.367989711 6.192646304464065e-09
6796916.048398216 6.213323196235731e-09
6774302.811335666 6.2340644733465454e-09
6751759.566288288 6.2548793337021e-09
6729296.345814997 6.275758579396799e-09
6706903.1830580095 6.296711408336238e-09
6684585.068308105 6.3177332215676195e-09
6662346.855511084 6.338824019090944e-09
6640178.760601898 6.359988399859007e-09
6618080.858144484 6.3812217649190136e-09
6596062.758065531 6.402524114270963e-09
6574114.8552649515 6.423900046867651e-09
6552237.2082296675 6.445344963756282e-09
6530434.545998748 6.4668634638896525e-09
6508706.82272338 6.488455547267762e-09
6487049.37412777 6.510116614937813e-09
6465462.238014082 6.5318512658526045e-09
6443950.000035329 6.553654901059338e-09
6422508.073909547 6.575536718463607e-09
6401136.48247724 6.5974875201598186e-09
6379839.706527374 6.619516504053567e-09
6358608.803326557 6.641614472239256e-09
6337452.677573756 6.663786023669685e-09
6316366.8701017 6.686035757297649e-09
6295347.03445667 6.708354475217556e-09
6274401.885072497 6.730751375334999e-09
6253522.74924608 6.75322185869718e-09
6232713.957383818 6.775770524256897e-09
6211975.489942322 6.798388174108556e-09
6191307.323053863 6.82108400615775e-09
6170705.253421798 6.84385802040448e-09
6150173.479399953 6.86670561789595e-09
6129707.844144112 6.8896313975849535e-09
6109312.481285207 6.912630760518697e-09
6088983.279999092 6.935708305649975e-09
6068724.31023159 6.958864032978787e-09
6048531.5067475615 6.982097942505137e-09
6028404.891997689 7.005410034229021e-09
6008344.483687542 7.0287957091976436e-09
5988354.226911348 7.0522595663638015e-09
5968426.239871836 7.0758062046802915e-09
5948568.36483509 7.099426426241521e-09
5928772.815536505 7.123129428953079e-09
5909047.321620634 7.1469106138621755e-09
5889384.191265501 7.1707699809688055e-09
5869787.265264826 7.194712129225768e-09
5850256.526050962 7.218727860727468e-09
5830791.951972688 7.242830972332296e-09
5811389.814264923 7.267012266134661e-09
5792053.835616177 7.291271742134559e-09
5772780.327985072 7.315613999284789e-09
5753572.956188309 7.3400390375853515e-09
5734428.072540516 7.364542258083449e-09
5715345.703213127 7.389128259731878e-09
5696329.427725011 7.413797042530637e-09
5677375.658002858 7.438548606479728e-09
5658484.407214816 7.463382951579152e-09
5639655.684179281 7.488300077828905e-09
5620889.493435824 7.513299985228992e-09
5602185.835315394 7.538382673779408e-09
5583544.7060098415 7.563548143480156e-09
5564966.097640747 7.588800993284032e-09
5546449.9983275505 7.614136624238238e-09
5527993.041517532 7.639555036342777e-09
5509601.931260467 7.665060828550444e-09
5491266.65819695 7.690649401908441e-09
5472997.180086212 7.716325355369567e-09
5454783.61196392 7.74208868893382e-09
5436635.771632684 7.767934803648404e-09
5418543.897038161 7.793868298466116e-09
5400514.470062674 7.819889173386955e-09
5382544.26729526 7.845992829458126e-09
5364636.457645843 7.872188464585221e-09
5346784.7180450475 7.898471479815443e-09
5328995.34414091 7.924837276195996e-09
5311262.088653816 7.951295051632474e-09
5293588.083390265 7.97784020717208e-09
5275976.373807554 8.004477341767608e-09
5258420.82473026 8.031197257513469e-09
5240921.48272105 8.058013751268048e-09
5223484.373362292 8.08491302617296e-09
5206103.471306493 8.111904280133796e-09
5188781.762797573 8.138987513150556e-09
5171516.286306936 8.166158126270442e-09
5154307.067843567 8.193420718446251e-09
5137157.022949911 8.220775289677986e-09
5120063.2372722635 8.248221839965645e-09
5103025.724956986 8.275760369309227e-09
5086047.33258567 8.303386278755936e-09
5069122.374839367 8.331108766211366e-09
5052256.508381096 8.358923232722718e-09
5035444.115680495 8.386829678289996e-09
5018690.771056902 8.414828102913199e-09
5001990.9240191 8.442918506592322e-09
4985347.342596678 8.471105488280167e-09
4968760.011070747 8.499389047976732e-09
4952226.221169029 8.52776458672922e-09
4935748.6751411455 8.556232104537633e-09
4919324.693229942 8.584800799307562e-09
4902954.298767326 8.613461473133413e-09
4886640.129495963 8.642214126015189e-09
4870382.148767746 8.67106795585848e-09
4854175.149497418 8.700018363710492e-09
4838024.324864847 8.729060750618429e-09
4821924.529479036 8.758204314487882e-09
4805880.8805512 8.787444456366053e-09
4789890.80939701 8.816781176252945e-09
4773951.811353525 8.846214474148557e-09
4758066.409459787 8.875748949005686e-09
4742234.590857471 8.905380001871534e-09
4726456.339359566 8.935112231698897e-09
4710729.202285531 8.964941039534982e-09
4695053.20545491 8.994871024332582e-09
4679430.771875185 9.024902186091699e-09
4663861.871957559 9.055029925859536e-09
4648341.734667353 9.085263441541685e-09
4632875.125727697 9.115593535232554e-09
4617459.66810996 9.14602480588494e-09
4602095.36631569 9.176561852451636e-09
4586782.221390701 9.207195477027054e-09
4571520.2309820745 9.237934877516783e-09
4556309.389394591 9.268775454968029e-09
4541147.426459054 9.29971720938079e-09
4526036.621194556 9.330764739707866e-09
4510976.957909914 9.361918045949253e-09
4495968.4177937815 9.393172529152156e-09
4481008.777274211 9.424532788269371e-09
4466098.055337502 9.455994224348103e-09
4451236.267423637 9.487566035293943e-09
4436425.583582113 9.519239023201299e-09
4421663.825553726 9.551017787022969e-09
4406950.998763928 9.582906925711745e-09
4392287.105314234 9.614897241362037e-09
4377672.144036935 9.64699793187944e-09
4363106.110549244 9.679204398311153e-09
4348588.997306926 9.711521239609976e-09
4334118.733943088 9.743939257870317e-09
4319697.393829938 9.77647224995056e-09
4305322.927544059 9.809111017945115e-09
4290997.374587133 9.84186016080678e-09
4276720.711848908 9.874715079582756e-09
4262488.9289795505 9.90768497217864e-09
4248306.034551025 9.940760640688832e-09
4234170.030711661 9.973946684066134e-09
4220080.92190259 1.0007247701263342e-08
4206038.70939178 1.0040654494374862e-08
4192045.31821623 1.0074176261306286e-08
4178094.9627842605 1.0107808403104818e-08
4164193.4158257614 1.0141555518723256e-08
4150336.8508044914 1.0175413009208803e-08
4136527.1677307338 1.0209380874561458e-08
4122764.3496610476 1.0243468312686813e-08
4109044.6741464497 1.0277666125679277e-08
4095371.87054314 1.0311978912491646e-08
4081745.913107149 1.0346402074171124e-08
4068163.1440477693 1.0380944808623303e-08
4054627.2099274346 1.0415602516895385e-08
4041136.285991925 1.0450375198987374e-08
4027688.592543653 1.0485262854899266e-08
4014287.695019774 1.0520270083583859e-08
4000930.040755088 1.0555392286088358e-08
3987617.3986043343 1.059062946241276e-08
3974349.7558520343 1.0625986211509865e-08
3961125.376567511 1.066146253337967e-08
3947944.2768443977 1.0697058428022174e-08
3934808.1673156363 1.0732769296484585e-08
3921715.33764808 1.0768599737719697e-08
3908665.794931335 1.0804554350680306e-08
3895659.5432766336 1.084062393746082e-08
3882698.236863325 1.0876813097014032e-08
3869778.557013889 1.0913126428292744e-08
3856902.163248459 1.0949559332344157e-08
3844069.0482472815 1.0986116408121066e-08
3831277.592445326 1.1022793056670676e-08
3818529.4139813446 1.1059593876945784e-08
3805822.9090508474 1.1096518868946388e-08
3793159.6687307223 1.1133563433719694e-08
3780538.104880915 1.1170732170218496e-08
3767958.2252420983 1.1208025078442796e-08
3755421.581073664 1.1245442158392591e-08
3742925.071318729 1.1282988009020683e-08
3730471.7778765843 1.132065803137427e-08
3718058.635252333 1.1358452225453353e-08
3705687.173365211 1.1396370591257936e-08
3693355.887642606 1.143441772774081e-08
3681066.2821997437 1.1472593634901978e-08
3668818.342804409 1.1510893713788643e-08
3656610.5866093477 1.1549322563353603e-08
3644443.0236089574 1.1587880183596855e-08
3632317.107655985 1.1626566574518398e-08
3620231.3772439878 1.1665381736118237e-08
3608184.4067088496 1.170432566839637e-08
3596179.059749017 1.1743402970305588e-08
3584212.487207663 1.1782609042893105e-08
3572286.110348388 1.1821943886158911e-08
3560399.9203594755 1.1861412099055808e-08
3548553.905918964 1.1901013681583796e-08
3536745.3101283545 1.1940744034790077e-08
3524976.896327415 1.1980607757627445e-08
3513248.6455501937 1.2020604850095904e-08
3501557.847693752 1.2060735312195451e-08
3489907.2036735862 1.2101003742878885e-08
3478295.360671006 1.2141400944240615e-08
3466720.998902205 1.2181936114186228e-08
3455185.4491229625 1.222260465376293e-08
3443688.7041346543 1.2263411161923519e-08
3432230.7542929235 1.2304351039715196e-08
3420810.3044408644 1.2345433485043555e-08
3409427.365738844 1.2386644701050208e-08
3398083.2127982546 1.2427998484593544e-08
3386775.310853612 1.2469490236720764e-08
3375506.1871325853 1.251111995743187e-08
3364274.5764500047 1.2552887646726863e-08
3353080.4772404153 1.2594797903558537e-08
3341923.8854848742 1.2636846128974095e-08
3330803.5782764405 1.2679032322973541e-08
3319720.779450055 1.2721361084509668e-08
3308674.277343091 1.2763832413582477e-08
3297665.2746806922 1.280644631019197e-08
3286692.570993641 1.284920277433814e-08
3275756.171675485 1.2892097207068199e-08
3264856.0796309854 1.2935138806287735e-08
3253992.2953169276 1.2978322973043952e-08
3243164.816782525 1.3021649707336852e-08
3232373.6397094266 1.3065123608119232e-08
3221618.7574513187 1.3108744675391087e-08
3210899.0306042335 1.3152508310199624e-08
3200214.4705136376 1.3196414512544845e-08
3189566.201509938 1.3240472480332338e-08
3178953.0996361286 1.3284677614609311e-08
3168375.168971324 1.3329029915375762e-08
3157832.4112024102 1.3373529382631692e-08
3147325.911809996 1.3418176016377097e-08
3136852.4093743735 1.3462969816611982e-08
3126415.157080079 1.3507919981241936e-08
3116011.9966461873 1.3553012713408573e-08
3105643.9971681433 1.359826180997028e-08
3095310.0961073427 1.3643658073021466e-08
3085011.343843796 1.3689210700467721e-08
3074745.650768906 1.3734910494403456e-08
3064515.0992892813 1.378076665273426e-08
3054317.622910329 1.3826774576507339e-08
3044155.2719462067 1.3872934265722693e-08
3034026.0028004856 1.3919250319333114e-08
3023929.8289125497 1.3965718138385811e-08
3013868.7532860916 1.401234232183358e-08
3003839.7767672758 1.4059122869676419e-08
2993844.8912597457 1.4106059781914328e-08
2983883.1050706385 1.4153153058547305e-08
2973954.420235412 1.4200407298528152e-08
2964058.836567906 1.4247813303951273e-08
2954196.3516970756 1.4295380272722259e-08
2944366.0105228797 1.4343103605888316e-08
2934568.7696241247 1.4390992501355035e-08
2924804.6201650524 1.443903316226403e-08
2915072.6195091875 1.4487239385473687e-08
2905372.7733439696 1.453560657203121e-08
2895705.0851375395 1.4584134721936602e-08
2886070.469486451 1.463282383518986e-08
2876467.092837976 1.4681673911790982e-08
2866895.87163851 1.4730689550692768e-08
2857356.800838158 1.4779870751895218e-08
2847848.984064224 1.4829212916445533e-08
2838372.429942464 1.4878720643296512e-08
2828928.022393198 1.4928393932448153e-08
2819514.876496283 1.4978232783900456e-08
2810133.860356684 1.5028237197653424e-08
2800783.236575281 1.5078407173707054e-08
2791463.874876305 1.512874731101414e-08
2782174.9225368677 1.517925760957469e-08
2772918.076689428 1.52299334704359e-08
2763690.7999703023 1.528077949255057e-08
2754494.7797491476 1.5331791076965904e-08
2745330.004018658 1.538297742158749e-08
2736194.8170709754 1.543433392746254e-08
2727090.051384118 1.5485865193543843e-08
2718016.5155266696 1.5537562021925804e-08
2708972.580563716 1.5589433610514025e-08
2699958.2572243125 1.5641479959308503e-08
2690974.348109989 1.569370106830923e-08
2682020.05515786 1.574609233856342e-08
2673096.1663932023 1.579866296797666e-08
2664201.890414832 1.5851408357596156e-08
2655336.4547123923 1.590432850742191e-08
2646501.409291019 1.5957423417453912e-08
2637695.209690985 1.6010697686644972e-08
2628918.6237265095 1.606415131499508e-08
2620170.891452813 1.6117779703551447e-08
2611452.7666366296 1.6171592050219657e-08
2602763.495557037 1.6225579157094122e-08
2594103.0803267434 1.627975022208044e-08
2585470.7881490183 1.6334100646225806e-08
2576868.0880882014 1.6388630429530222e-08
2568293.5153968073 1.644334417094649e-08
2559747.7974801646 1.6498241870474598e-08
2551230.926961224 1.655332352811456e-08
2542741.476797484 1.6608584544913573e-08
2534280.872792994 1.6664034118777227e-08
2525848.4025670597 1.671966765075273e-08
2517443.370635845 1.677548514084008e-08
2509067.168993653 1.6831491187992075e-08
2500718.4081391804 1.688768579220871e-08
2492397.0957014896 1.69440643545372e-08
2484103.9139889916 1.7000631473930326e-08
2475838.1811710875 1.7057387150388102e-08
2467600.566898762 1.7114335982863314e-08
2459389.731562465 1.717147337240317e-08
2451206.345614182 1.7228799319007673e-08
2443049.7511544884 1.728631842162961e-08
2434920.6061030007 1.7344030680268994e-08
2426818.903429106 1.7401931495973016e-08
2418743.9929219913 1.7460030066647274e-08
2410695.8769699247 1.7518321793338978e-08
2402673.9231634364 1.7576806676048117e-08
2394679.4004794084 1.76354847147747e-08
2386711.668743263 1.7694360508471514e-08
2378769.4823698495 1.7753434057138566e-08
2370854.708720222 1.7812705360775854e-08
2362965.4905990507 1.7872174419383382e-08
2355103.05899998 1.7931841232961143e-08
2347266.7982714646 1.7991705801509137e-08
2339456.1072373847 1.8051772723980168e-08
2331672.1873437245 1.8112037401421433e-08
2323913.8378366805 1.817250443278573e-08
2316181.0644071037 1.823317381807306e-08
2308473.870961373 1.8294045557283423e-08
2300792.8400941407 1.835511965041682e-08
2293136.807485885 1.8416400696426042e-08
2285506.9289452937 1.8477884096358297e-08
2277902.0522099147 1.8539574449166384e-08
2270322.184109687 1.8601467155897498e-08
2262767.8911251365 1.8663571414457238e-08
2255239.1653933553 1.8725878026940014e-08
2247734.8895282666 1.8788396191251413e-08
2240255.6249576267 1.885112130843864e-08
2232801.3700390863 1.8914053378501695e-08
2225372.1215043417 1.897720159934617e-08
2217967.335080631 1.9040556773066476e-08
2210587.0150797428 1.9104123498615404e-08
