data/xsec-infrared-dust-silicate_ism_10.ecsv
# %ECSV 0.9
# ---
# datatype:
# - {name: Wavelength, unit: micron, datatype: float64}
# - {name: Opacity, unit: cm2 / g, datatype: float64}
# schema: astropy-2.0
Wavelength Opacity
[from data line 2750]
3132.170377704717 0.00013714112190277967
3121.7492475454737 0.00013804199237021404
3111.361142033295 0.0001389458797506827
3101.0082016906613 0.00013985277944523285
3090.6904134713436 0.00014079320090671442
3080.4056813218995 0.00014175871425465203
3070.156096565835 0.00014272743767164135
3059.9406129946824 0.0001436994079493048
3049.7592295345107 0.00014467462048868955
3039.610929800986 0.00014565308908665397
3029.496734820378 0.00014663481834215094
3019.416636787023 0.00014761983124994438
3009.369632754613 0.00014860813240898707
2999.356716914662 0.00014959973101718465
2989.375915332483 0.0001505946316734899
2979.4291975567376 0.00015159286657057236
2969.515578235014 0.0001525944265105265
2959.635056228198 0.0001535993298891635
2949.7866741446346 0.00015460759510229442
2939.9713933046664 0.00015561922214991938
2930.189206044029 0.0001566342248288968
2920.4391674442763 0.00015768352189887537
2910.7212843940656 0.000158765535919046
2901.036484350944 0.00015985116011716166
2891.382918014077 0.00016094040829008077
2881.7624252305886 0.000162033285036756
2872.1731769258677 0.00016312982254985703
2862.6169843585603 0.0001642300070325254
2853.091145938428 0.0001653338706774308
2843.598349216327 0.0001664414318803843
2834.135924164489 0.0001675526860424331
2824.7056436813473 0.0001686676377625301
2815.306624552314 0.00016978631923334476
2805.938868068262 0.00017090873045487714
2796.602373432277 0.00017203489902084404
2787.2971377942517 0.00017316482033229258
2778.0223100778544 0.00017429849898817563
2768.778740879652 0.00017543597637906835
2759.565586280602 0.0001766071870887211
2750.3836815393465 0.00017781874441125483
2741.232189880826 0.00017903433961434357
2732.111113041696 0.0001802539956927514
2723.0196376891 0.00018147771264647824
2713.9593929777493 0.00018270553186609928
2704.928753896862 0.00018393744415370894
2695.9285271509857 0.0001851734633061656
2686.957912870086 0.00018641361691718603
2678.0169167274753 0.00018765790038781743
2669.1063234991984 0.0001889063505096822
2660.2253432551183 0.0001901589580848747
2651.373204908413 0.00019141575070711175
2642.5514529686693 0.00019267674217325167
2633.7585467197578 0.0001939419370822474
2624.9944952829255 0.00019521135382990994
2616.2600562495913 0.0001964850108120506
2607.554474157477 0.00019779180324908783
2598.878492741663 0.0001991492485522223
2590.2306270914264 0.00020051123302176655
2581.6116220078998 0.00020187776125667344
2573.0222007803704 0.00020324885165275418
2564.460181131872 0.00020462451340791437
2555.9270181944453 0.00020600477871482345
2547.4227037372534 0.00020738964297452883
2538.9465209333634 0.00020877913837969984
2530.498472128307 0.00021017326033138391
2522.077860304541 0.00021157205022015612
2513.6860836054198 0.00021297549884811084
2505.321748417897 0.00021438363380896485
2496.985547053393 0.00021579645970167105
2488.677472584298 0.00021721402251575727
2480.3961671351863 0.00021863630845436518
2472.142987449266 0.00022006334511121155
2463.91725560683 0.00022152230309941632
2455.718309722625 0.00022304277668022283
2447.5474742356714 0.000224568336702822
2439.4034267733623 0.0002260990061619777
2431.2861743792023 0.00022763478045873718
2423.1963660556953 0.0002291756825878644
2415.1333527003017 0.0002307217539399346
2407.0971358711317 0.00023227293932751407
2399.0877153293022 0.00023382932153175325
2391.1050890686647 0.00023539089135474659
2383.148630604123 0.0002369576625933524
2375.2189654983817 0.00023852967203919303
2367.316086535786 0.00024010696108284376
2359.4387640266305 0.00024168946993791807
2351.587618169212 0.0002432773227761416
2343.7632511285783 0.00024487044141531674
2335.9644523584916 0.00024646888104287707
2328.191824625888 0.0002480966527913715
2320.4447722694636 0.0002498000681154578
2312.723886633927 0.0002515091815420584
2305.028576541229 0.00025322397467536235
2297.358843420888 0.00025494453949442554
2289.7141121206723 0.00025667081621286153
2282.0955342243014 0.000258402860018104
2274.5019601368595 0.0002601406801080585
2266.9339593915574 0.00026188429947748897
2259.39040556801 0.000263633773313829
2251.8724245135077 0.00026538903263278654
2244.3800060194667 0.0002671501694134177
2236.912041037525 0.0002689172296452504
2229.4685382142397 0.0002706901581408509
2222.0500458297824 0.00027246898709288903
2214.656558248867 0.0002742537670898454
2207.287534053219 0.0002760445119285784
2199.9429751623543 0.0002778618433134261
2192.6228818469576 0.0002797708042337852
2185.3267291098223 0.0002816861852922478
2178.0555647767337 0.0002836079864888138
2170.8083404741506 0.0002855361342402385
2163.585060445158 0.0002874707757130116
2156.3857272801 0.00028941187871446317
2149.210341943607 0.00029135947543726306
2142.0594069173017 0.00029331354748559995
2134.9319104199426 0.0002952741868385298
2127.827858726229 0.000297241338308619
2120.7477496122424 0.0002992151168696876
2113.6910863653716 0.0003011954397405851
2106.657870446085 0.0003031824586867538
2099.6481017408432 0.0003051760541354212
2092.6617785881235 0.0003071763272635486
2085.6984208152703 0.00030918325047741933
2078.758507068463 0.0003112123452427205
2071.841560460176 0.00031334969935684385
2064.947582709415 0.00031549417724884856
2058.077038427142 0.00031764587089779054
2051.228532948758 0.00031980470212147216
2044.4034567455114 0.0003219707307062798
2037.6008858201747 0.00032414397964697746
2030.8208234844833 0.0003263245133289043
2024.06327150767 0.00032851232715310754
2017.3286763713743 0.0003307074349164455
2010.6161414115718 0.0003329098780094934
2003.9256728147486 0.00033511968402596796
1997.258149995839 0.0003373367885805301
1990.6122551432338 0.0003395613158449053
1983.988430214839 0.00034179335319919674
1977.3871040970723 0.0003440328040653955
1970.8074151628998 0.00034627972363093535
1964.249792267662 0.00034854269814068667
1957.713811005486 0.0003509363472951889
1951.1998916570587 0.000353337897450595
1944.7071978901633 0.00035574750957025286
1938.2365617723642 0.0003581651560604456
1931.7871551828769 0.0003605908553169845
1925.3593898637428 0.00036302467632416154
1918.9528577247952 0.0003654666466756933
1912.5675611345303 0.0003679166881893824
1906.2035010186278 0.000370374957229624
1899.8606768836955 0.0003728414629943235
1893.5390868407756 0.000375316136499189
1887.2387276286163 0.0003777990697232764
1880.958818757862 0.00038029033624983064
1874.7001404791752 0.00038278989468827634
1868.4623026462302 0.00038529775423651915
1862.245304262704 0.0003878140712589542
1856.048765239137 0.00039033873078176144
1849.872689408607 0.00039301918442949255
1843.7174519177897 0.0003957099213356758
1837.582676108725 0.0003984096353977172
1831.4683616852801 0.0004011184231936256
1825.3741416538371 0.0004038361421558641
1819.3003832499887 0.0004065630314299782
1813.2467216419745 0.00040929906342225124
1807.2135165303562 0.0004120441185599104
1801.2000495330012 0.00041479837160316184
1795.2066800585412 0.00041756181795305283
1789.2334056939608 0.0004203344898022529
1783.279874044127 0.0004231164101455264
1777.346087090738 0.0004259076387692592
1771.4320454776332 0.00042870812508497073
1765.5377485328324 0.0004315180300560089
1759.6628547712814 0.0004343372800991289
1753.8080422483126 0.00043716592120385874
1747.9722946391298 0.00044015964631816053
1742.155952375722 0.000443174774958776
1736.3590150731955 0.00044620009027983477
1730.5814810703419 0.0004492354773075174
1724.8230212431247 0.0004522809452397291
1719.083961983363 0.0004553365952534316
1713.3636541087005 0.0004584025285255863
1707.6627433489627 0.000461478620884468
1701.9805865973137 0.0004645649827049435
1696.3175030206355 0.0004676617657524551
1690.672861845703 0.00047076879066784396
1685.0472931064014 0.00047388626440398565
1679.4404811449658 0.0004770141869608802
1673.8524245807432 0.0004801524847552832
1668.282815644322 0.0004833012681620613
1662.731656624035 0.00048646063835817624
1657.1989485508777 0.0004896304573750442
1651.6846912191772 0.0004929699409584691
1646.1888832070504 0.000496346229961122
1640.7115218966626 0.0004997337817991727
1635.252017079777 0.0005031326470611022
1629.8109580125313 0.0005065428579395796
1624.387759882004 0.0005099644466272749
1618.9827143416837 0.0005133973947283769
1613.5958186636774 0.0005168419321905253
1608.226501774075 0.0005202978934514193
1602.8753333831303 0.0005237653796880205
1597.5420274419885 0.000527244436889857
1592.2263042419738 0.000530735129442268
1586.928166443708 0.0005342374251525835
1581.6478898007645 0.0005377515125778687
1576.3849241598102 0.0005412771847652473
1571.1398154220813 0.0005448147084539818
1565.9120184090814 0.000548364060649308
1560.7015353401355 0.0005520916728539674
1555.5083672534788 0.0005558738148419311
1550.3325140256643 0.0005596686499396124
1545.1739743907747 0.0005634760999648136
1540.0324859045656 0.0005672962201049683
1534.9080502561212 0.0005711292541045748
1529.800924590208 0.0005749749306254179
1524.7105933782423 0.0005788335026099015
1519.6370600154996 0.0005827049240684977
1514.5805782608863 0.0005865893513656015
1509.5411441825315 0.0005904866097410068
1504.5182563887174 0.0005943969521371169
1499.5119187356615 0.0005983203509602158
1494.5223788338924 0.0006022568016113501
1489.5496333617307 0.0006062064420591039
1484.5931946052617 0.0006101692355118548
1479.653306846674 0.0006141452785476115
1474.7299683725403 0.0006183087381077185
1469.8229395201704 0.0006225465811303512
1464.9322211842052 0.000626798450959012
1460.0575794198483 0.0006310645085570492
1455.199482000044 0.0006353449332836216
1450.3574606340064 0.0006396395273837593
1445.5315165495924 0.0006439485989872993
1440.7216498916855 0.000648272028521469
1435.9276336558137 0.000652609825184174
1431.1496949626826 0.0006569621867303844
1426.3876076946103 0.0006613291637485813
1421.6413722580403 0.0006657106228691331
1416.9109880048854 0.0006701067204564355
1412.1964532500263 0.0006745175530884967
1407.4975480682792 0.0006789430931716002
1402.8140573043388 0.000683383428085849
1398.1464135244912 0.0006878386682061102
1393.4941851412877 0.0006924823826098649
1388.857373941777 0.0006972261886222758
1384.235980664409 0.000701985741449061
1379.6302137201503 0.0007067611284703232
1375.039445690239 0.0007115526486179948
1370.4640944418065 0.0007163599845643322
1365.904156662018 0.0007211834582360316
1361.3590184362643 0.0007260229822529897
1356.8292922781388 0.000730878745172271
1352.3145709077694 0.0007357506182231975
1347.8148551660622 0.0007406387945617864
1343.330144888172 0.0007455432833859435
1338.860242368937 0.0007504640892946213
1334.4053446445646 0.0007554014468344127
1329.9652546577222 0.0007603550892660555
1325.5397795650604 0.0007653253845057731
1321.129113426757 0.0007703122221786986
1316.7332540983323 0.0007754945429391791
1312.3518208018122 0.0007808144827631326
1307.9851922307973 0.0007861521745448794
1303.6329907199058 0.0007915077102634755
1299.295217824279 0.0007968810899189209
1294.9718741196466 0.0008022725158651384
1290.662959218447 0.0008076818961230722
1286.3684717857925 0.0008131093870571176
1282.088049083729 0.0008185549932662271
1277.8220531910245 0.0008240188067294565
1273.5701242792181 0.0008295008872331925
1269.3324410891264 0.0008350012439753408
1265.1088257154454 0.0008405199321433344
1260.8992783425479 0.0008460571816848136
1256.7037982218742 0.0008516128730270054
1252.522211668563 0.000857187139539541
1248.3545195429765 0.0008627799996182317
1244.2007217728442 0.0008685655604180353
1240.0608173686835 0.0008745249202429601
1235.934469453446 0.0008805041337471057
1231.8220146854255 0.0008865032285241893
1227.723284095168 0.0008925224391208035
1223.6381122484029 0.0008985616735578923
1219.5665002733995 0.0009046210238145115
1215.5086103857748 0.0009107006462550566
1211.463955892085 0.000916800540879527
1207.4330212277846 0.000922920891646035
1203.4153243593562 0.0009290614824037989
1199.4110260593088 0.0009352226810690426
1195.4201252910395 0.0009414043634700406
1191.4424644987378 0.0009476067503565271
1187.4780440257484 0.0009538298095358324
1183.5267097451356 0.0009600735915964373
1179.5886158833937 0.0009663382896943591
1175.6636086092094 0.0009728010968818826
1171.7516878299325 0.0009794779393325407
1167.8528525894385 0.000986176957933582
1163.9669525277611 0.0009928984378200798
1160.0938403978002 0.0009996423330025065
1156.2338117757852 0.0010064088412358317
1152.386425494427 0.001013197870541
1148.5519744326286 0.0010200095726834537
1144.730311831064 0.0010268440350432956
1140.9212939448605 0.0010337013174069119
1137.124921775905 0.001040581608331368
1133.3413363138222 0.0010474848664260878
1129.570114349157 0.00105441105489945
1125.8115379141109 0.0010613605370687243
1122.0656046660213 0.0010683331703663747
1118.3319000618394 0.0010753291065578436
1114.6108370482955 0.0010823483180494142
1110.902004922319 0.001089560133684089
1107.2055406896216 0.0010970471920446628
1103.521443406048 0.0011045591031461472
1099.8495786864587 0.0011120962349047661
1096.1899466400696 0.0011196585459299442
1092.5424156831589 0.0011272460822112091
1088.9071169393114 0.001134858986316098
1085.283789810994 0.0011424973548226196
1081.6725646681857 0.0011501611923297262
1078.07344020682 0.001157850590816474
1074.4861611602 0.001165565780230503
1070.910981229232 0.0011733067237801906
1067.3475220333532 0.0011810733754760087
1063.7960348402532 0.00118886619981219
1060.2563937122611 0.001196684828872511
1056.728475240458 0.0012045298191302595
1053.2122801318317 0.001212400807268165
1049.7078083067797 0.0012204602972832805
1046.2149388939351 0.0012288437191375484
1042.7337918922874 0.001237255180807015
1039.264128066513 0.0012456946409011046
1035.8060666661593 0.0012541623753569851
1032.3594893080613 0.0012626583381851288
1028.924396056918 0.0012711826765520247
1025.5007862172695 0.0012797356250042662
1022.088429252933 0.0012883170455732682
1018.6875551230602 0.0012969270854255215
1015.2979348372435 0.0013055658963264673
1011.91956925957 0.0013142336806300293
1008.5525700286045 0.0013229303463571514
1005.1966019064347 0.0013316560314764175
1001.8518880623856 0.0013404108739564114
998.5183170630687 0.0013491949657761888
995.1958882696196 0.0013580083989148063
991.8843845640168 0.001366996408301567
988.584022487685 0.001376389309492504
985.2945863356279 0.0013858138054891511
982.0160768522337 0.0013952695743648122
978.7484940473418 0.0014047571220042949
975.4917328680066 0.0014142762184599597
972.2458976180296 0.0014238270936794458
969.0107802449302 0.0014334099316208656
965.7864843052813 0.0014430248242632748
962.5729067179252 0.0014526717256171456
959.3700473310263 0.0014623509576091737
956.1778050372328 0.001472062474249831
952.9961802826343 0.001481806367518173
949.8251728041306 0.0014915828673618407
946.6646833764748 0.0015013919737808326
943.5148099236653 0.0015112337787542062
940.3752592218642 0.0015211086961877116
937.2462267104075 0.0015311402999429837
934.1276149427641 0.001541662611961609
931.0194233927207 0.0015522200599795974
927.9215564418971 0.0015628127819655325
924.833920312172 0.0015734408698984703
921.7566093587404 0.0015841043697679385
918.6895296793128 0.001594803557511105
915.6326810989922 0.0016055384791174984
912.5859714522696 0.0016163091805766459
909.5496731804519 0.0016271159838152438
906.522789307007 0.0016379588888332916
903.5061387892424 0.0016488378036517333
900.5006072454753 0.001659753188165849
897.50352309497 0.0016707050883651665
894.5175490219158 0.0016816934582601576
891.5409189909947 0.0016927185277984622
888.574510187916 0.0017037804809381927
885.617455986172 0.001714975343813733
882.6714749033852 0.0017267654031601558
879.7339962206165 0.0017385949215215698
876.8067314144855 0.0017504638988979756
873.8896714289821 0.0017623724732579562
870.9811430672479 0.001774320828559624
868.0836482357532 0.0017863091487610907
865.1946972672372 0.0017983374338623563
862.3159423496407 0.0018104059138110604
859.446561648328 0.0018225146805862593
856.5873634579079 0.0018346639181460647
853.7367364228244 0.0018468536724800043
850.8962867520487 0.0018590841735357186
