data/xsec-infrared-dust-graphite_ism_10.ecsv
# %ECSV 1.0
# ---
# datatype:
# - {name: Wavelength, unit: micron, datatype: float64}
# - {name: Opacity, unit: cm2 / g, datatype: float64}
# schema: astropy-2.0
Wavelength Opacity
[from data line 2356]
11645.466044655766 9.60818999063549e-06
11606.717082071327 9.672657329110498e-06
11568.096003019884 9.737556325294958e-06
11529.604281730937 9.802893555691364e-06
11491.240449166382 9.868666996760488e-06
11453.00450484844 9.934882857088607e-06
11414.895011127646 1.0001542700319669e-05
11376.913398486124 1.0068649561762521e-05
11339.056821729513 1.0136206844642232e-05
11301.326703882565 1.020421891796396e-05
11263.723030978945 1.0272685137874309e-05
11226.244399033409 1.0341611666970029e-05
11188.889432793238 1.0411000620769406e-05
11151.659512445047 1.0480854528696477e-05
11114.553264424729 1.0551177299861122e-05
11077.570688747957 1.0621972797383687e-05
11040.710440662357 1.0693242676887175e-05
11003.97385832263 1.0764991399355807e-05
10967.358279664031 1.0837220942339278e-05
10930.865035338935 1.0909934847031245e-05
10894.494111418422 1.0983136976552054e-05
10858.242900560523 1.1056830044283858e-05
10822.112708981285 1.1131017867357475e-05
10786.1035248324 1.1205702883217889e-05
10750.214061279992 1.1280889828786478e-05
10714.443057493208 1.1356580681612945e-05
10678.791779016456 1.1432781006430176e-05
10643.258965895358 1.150949098719628e-05
10607.843383567055 1.1586715774738387e-05
10572.547499372255 1.1664459140197793e-05
10537.367619986475 1.17427230611242e-05
10502.304979566568 1.1821512780323797e-05
10467.359570672985 1.1900831517063537e-05
10432.530184844532 1.1980682260662744e-05
10397.816823302786 1.2061068736273177e-05
10363.219479580026 1.2141994807015186e-05
10328.736969879275 1.2223463278249979e-05
10294.368134054346 1.230547897887799e-05
10260.11414376985 1.2388044254365145e-05
10225.974985605708 1.2471164301528107e-05
10191.948360794973 1.2554842063696661e-05
10158.03541812902 1.2639081266022573e-05
10124.236144699758 1.2723885311730912e-05
10090.54828742263 1.2809258431858252e-05
10056.972972436506 1.2895204489524942e-05
10023.509085453712 1.2981726795976997e-05
9990.15662856751 1.3068829628240514e-05
9956.914509407974 1.3156517723236871e-05
9923.783816898354 1.3244793518411057e-05
9890.763458487641 1.3333660830893884e-05
9857.852363095833 1.3423126789062195e-05
9825.051597680513 1.3513190381146372e-05
9792.359039421119 1.3603860115209084e-05
9759.775747749178 1.369513829072673e-05
9727.30067193036 1.3787028126966272e-05
9694.933812410472 1.3879534222880502e-05
9662.675162474918 1.3972661177422219e-05
9630.523691405075 1.4066414049439497e-05
9598.478388583873 1.4160795598304014e-05
9566.540270151965 1.4255808583387446e-05
9534.708324699473 1.4351461282804833e-05
9502.98255066929 1.4447754616346724e-05
9471.361955886094 1.4544694562651759e-05
9439.846544529682 1.464228388109162e-05
9408.436313758148 1.4740529470095495e-05
9377.130289673127 1.4839434089035064e-05
9345.928474953527 1.4939000957177285e-05
9314.830865345746 1.5039236972951347e-05
9283.836504716994 1.5140145815519495e-05
9252.945394128295 1.5241731623939246e-05
9222.15659525259 1.5343998537268108e-05
9191.471040516852 1.5446951154458883e-05
9160.886870279432 1.5550595454150206e-05
9130.405009548882 1.5654936495190152e-05
9100.025444150091 1.5759974277578718e-05
9069.744545473533 1.586596358330082e-05
9039.565942245898 1.5972584325241834e-05
9009.489600559538 1.6079837423192324e-05
8979.506639124262 1.6187727936000366e-05
8949.625970401468 1.629625862303764e-05
8919.847541026898 1.6405433163466382e-05
8890.171291765284 1.6515252477077145e-05
8860.588549049478 1.6625722082613294e-05
8831.10796513649 1.6736843819655937e-05
8801.720968073494 1.684862228715788e-05
8772.436082414728 1.6961059784595517e-05
8743.244836740036 1.7074159531235803e-05
8714.155629850951 1.718792520624098e-05
8685.160089784747 1.730235864919216e-05
8656.258275411386 1.7417465378832705e-05
8627.458399947023 1.753324769463901e-05
8598.744130791423 1.7650880169155223e-05
8570.131775173119 1.7769592017892702e-05
8541.62120345074 1.788900980588439e-05
8513.196387865708 1.8009136752397255e-05
8484.873294419522 1.8129978376174644e-05
8456.636094814468 1.8251535597007126e-05
8428.500530940084 1.8373813473742772e-05
8400.450971578475 1.849681568554381e-05
8372.50293772033 1.862054545167721e-05
8344.640992865881 1.8745006451305203e-05
8316.880440283978 1.8870201443799467e-05
8289.206035850815 1.8996135488008083e-05
8261.625384206345 1.912281134330272e-05
8234.13101477539 1.9250232228950344e-05
8206.73041880421 1.9378403203799023e-05
8179.423547950526 1.9507327027220436e-05
8152.210348480176 1.9637006918481547e-05
8125.083522651343 1.9768648263110233e-05
8098.050341103733 1.990160858740086e-05
8071.103590667609 2.0035359931572435e-05
8044.243338360986 2.016990689457775e-05
8017.476692615042 2.0305252235788486e-05
7990.803566421802 2.0441399174471597e-05
7964.2169131324 2.057835506895156e-05
7937.716774954415 2.0716121758809486e-05
7911.303187682656 2.0854701543521782e-05
7884.976180801122 2.0994103161098756e-05
7858.742549489828 2.113432569174985e-05
7832.588722102844 2.1275375114113696e-05
7806.5282092149555 2.141725326777142e-05
7780.554245051628 2.1559970270419166e-05
7754.66682992281 2.170352428247582e-05
7728.859408488016 2.1847924501846974e-05
7703.145113063926 2.199317276811374e-05
7677.510870159989 2.2140489643348238e-05
7651.963206810248 2.2289409713527485e-05
7626.502094779358 2.243921232274832e-05
7601.127500579253 2.258990712881162e-05
7575.833092435131 2.2741501490041847e-05
7550.625203357711 2.2893990347590938e-05
7525.503783793597 2.3047385198840877e-05
7500.4626107695785 2.3201685124001104e-05
7475.507875513121 2.3356899320977213e-05
7450.633426384556 2.351303284861729e-05
7425.839315259449 2.3670088466292996e-05
7401.131594067409 2.3828066633899617e-05
7376.504216416281 2.3986977009238026e-05
7351.957216768268 2.414682281157518e-05
7327.496511002896 2.430761139923555e-05
7303.116156382779 2.4469342312323868e-05
7278.816170784013 2.4632022909164587e-05
7254.59656647581 2.4796875131515676e-05
7230.4573502118 2.496366811194675e-05
7206.398523320442 2.5131454006286525e-05
7182.420081794535 2.5300238333278357e-05
7158.516397476624 2.5470023392398636e-05
7134.698731087572 2.5640818381552953e-05
7110.9614066604445 2.581262192105548e-05
7087.298892065567 2.5985444128602367e-05
7063.716738762532 2.6159290982832235e-05
7040.209477110056 2.6334162483745102e-05
7016.787972979211 2.651006736935127e-05
6993.435985522361 2.6687005639650738e-05
6970.16966096086 2.6864995230559418e-05
6946.978254891641 2.7044028783752837e-05
6923.861814294738 2.7224111817974346e-05
6900.820380422858 2.740525307123425e-05
6877.859175833375 2.7587460821647597e-05
6854.972974720033 2.7771947353171457e-05
6832.166920625503 2.795876003501962e-05
6809.430762947439 2.8146683363968075e-05
6786.774719264171 2.8335724238445995e-05
6764.1886644955 2.8525886337615626e-05
6741.682670770813 2.871718069896369e-05
6719.251687548903 2.8909608242280724e-05
6696.890792215745 2.910317126704314e-05
6674.609842707549 2.9297881270632926e-05
6652.399021397091 2.949374377179344e-05
6630.263225812079 2.9690760150210517e-05
6608.202431267811 2.9888938224103913e-05
6586.216608531751 3.0088287651274494e-05
6564.300999112525 3.028881073119866e-05
6542.4556590806715 3.0490510223248093e-05
6520.689963356869 3.069339532532839e-05
6498.989877395702 3.089747293586873e-05
6477.364735294536 3.110392498573774e-05
6455.814480278619 3.1313159861943734e-05
6434.334512020635 3.1523639214776375e-05
6412.920346888363 3.173536764318847e-05
6391.585533711408 3.194835848414309e-05
6370.316560029058 3.2162609898059175e-05
6349.117946004651 3.237812556409892e-05
6327.994088321312 3.259492801713104e-05
6306.936177540254 3.2813007139459385e-05
6285.952962875659 3.303237488836122e-05
6265.035742303693 3.3253036782579906e-05
6244.188864803726 3.347500477939271e-05
6223.412313348809 3.369828301785714e-05
6202.7060665457875 3.392286827870625e-05
6182.065908143449 3.414877849785594e-05
6161.496054480596 3.437601505499206e-05
6140.99233587996 3.46045866881249e-05
6120.5589036683095 3.483561600163204e-05
6100.1957146125105 3.506996116010523e-05
6079.894615160004 3.53057057799143e-05
6059.663768393272 3.5542837443886683e-05
6039.503118423266 3.578139294364478e-05
6019.404659758433 3.602135434327268e-05
5999.376380613067 3.6262749236487135e-05
5979.414292767072 3.6505563826429796e-05
5959.518402953621 3.674981696880708e-05
5939.688713419138 3.699551556204823e-05
5919.925221997196 3.7242664205105996e-05
5900.227922181687 3.749126887661904e-05
5880.593011379464 3.774134383334104e-05
5861.028083450243 3.7992887235690846e-05
5841.525560517436 3.8245914720108005e-05
5822.089210749415 3.850042168763968e-05
5802.715314460087 3.8756425154411235e-05
5783.4075812102665 3.901495390616318e-05
5764.162331957604 3.927742304067091e-05
5744.983218601651 3.954145259986238e-05
5725.866602376234 3.980705638059597e-05
5706.816078453703 4.0074238521929234e-05
5687.824500678235 4.034300500250078e-05
5668.899002845638 4.0613361341053974e-05
5650.036025174875 4.0885324093818865e-05
5631.239051654888 4.11588882019474e-05
5612.501107730482 4.143407987947049e-05
5593.825692220596 4.171088762900618e-05
5575.2127995148585 4.1989333525527855e-05
5556.6624199630405 4.226941297008274e-05
5538.171176855302 4.25511540162829e-05
5519.742460437306 4.2834540107898256e-05
5501.376248893843 4.311959653916918e-05
5483.0725166401035 4.3406321930409845e-05
5464.827959785578 4.36956333128078e-05
5446.642610661804 4.3989602974493024e-05
5428.51972838354 4.4285323457507754e-05
5410.456062291435 4.458279660143312e-05
5392.454820452541 4.488204126197556e-05
5374.5096201954275 4.5183065257354856e-05
5356.626828712459 4.548586214903709e-05
5338.803265099681 4.5790468728644616e-05
5321.0389328516385 4.6096868899842654e-05
5303.333831490057 4.6405073700117915e-05
5285.687956629539 4.6715106584129674e-05
5268.10130004263 4.7026968931563754e-05
5250.570826861275 4.734066028252487e-05
5233.099584393199 4.7656210070310924e-05
5215.687552864596 4.7973609097016324e-05
5198.331745904176 4.829287805792868e-05
5181.0351390074 4.861401511346682e-05
5163.7947776595665 4.893776989293657e-05
5146.613590332944 4.9267022260578866e-05
5129.488654099794 4.959822964305484e-05
5112.419985301793 4.993140399764174e-05
5095.410443133097 5.0266554522245155e-05
5078.454323424036 5.060369961267627e-05
5061.557305764126 5.0942838349144555e-05
5044.713753980594 5.1283992346728116e-05
5027.929264974077 5.1627158386160014e-05
5011.198269817861 5.1972353943460874e-05
4994.523548740416 5.2319590056117395e-05
4977.905087942991 5.266888374025494e-05
4961.34287013685 5.302022717765375e-05
4944.834193528449 5.337362312768548e-05
4928.379087460896 5.372912079914509e-05
4911.980222816472 5.408670041653552e-05
4895.637568220871 5.444638589441133e-05
4879.348478574203 5.4808666101454736e-05
4863.112968194601 5.517742761267385e-05
4846.931047622692 5.554837684573807e-05
4830.802723682852 5.592152621782001e-05
4814.727999543868 5.629690056326474e-05
4798.706874779007 5.6674499882072266e-05
4782.7393454254825 5.705433475183402e-05
4766.825404043334 5.743643552563845e-05
4750.965039773704 5.782078242798855e-05
4735.155779875484 5.820741041092556e-05
4719.400098010348 5.8596313955706125e-05
4703.697973077518 5.8987499500864156e-05
4688.046970940792 5.938101119634649e-05
4672.4471122022605 5.977683386560891e-05
4656.8984137439775 6.0174984524776784e-05
4641.403250916193 6.0575475131127335e-05
4625.959239820988 6.097832592005289e-05
4610.566386847753 6.138374476421985e-05
4595.227010260658 6.179675831903444e-05
4579.936463425291 6.221222679485164e-05
4564.697073288414 6.263014881198558e-05
4549.508832631951 6.305056254174451e-05
4534.369476533892 6.347347994140569e-05
4519.28127570589 6.389888905369184e-05
4504.244213009265 6.432683356865452e-05
4489.256058403646 6.475731118681737e-05
4474.319027777573 6.519032006859923e-05
4459.430914026866 6.562589792541303e-05
4444.5938971632095 6.606404429736352e-05
4429.803641182019 6.650476884225153e-05
4415.064471075761 6.69480940949458e-05
4400.374224807978 6.739402051534158e-05
4385.730794033675 6.784255638155395e-05
4371.138408359227 6.829374032478634e-05
4356.592857767275 6.874757878357269e-05
4342.098309485914 6.92099685351883e-05
4327.648549383594 6.967528322078225e-05
4313.249764119154 7.014337429417926e-05
4298.89784178359 7.061423761632184e-05
4284.592801602213 7.108790400019369e-05
4270.336658920438 7.156436792705145e-05
4256.127400080176 7.204365745050719e-05
4241.965034486897 7.252578038878067e-05
4227.849568291128 7.301076341579813e-05
4213.782951366846 7.349860331229255e-05
4199.761276727428 7.398930283763564e-05
4185.786501022121 7.448291947873735e-05
4171.858617907154 7.497943162051955e-05
4157.977618044164 7.54788714556518e-05
4144.141606045721 7.598124174350579e-05
4130.352474860103 7.648656685853132e-05
4116.610206214186 7.699485691842455e-05
4102.912933218344 7.751227819909462e-05
4089.2606688452142 7.803342693100603e-05
4075.653422878537 7.85576735175209e-05
4062.09120196477 7.908503911382219e-05
4048.5758069184476 7.961553337771071e-05
4035.1036318144916 8.01491645873015e-05
4021.678256919977 8.068596539515943e-05
4008.296118149802 8.122592522369309e-05
3994.9589925344203 8.176908638326814e-05
3981.6651306112767 8.231546037126662e-05
3968.4162799056285 8.286505776527996e-05
3955.2124235303913 8.341789466164292e-05
3942.05183798167 8.397398715669031e-05
3928.9345349899186 8.453335088686162e-05
3915.8622045874836 8.50959968896436e-05
3902.8314785611738 8.5661949539486e-05
3889.8457113171485 8.623122953167648e-05
3876.9015734609084 8.681026620222406e-05
3864.002369243558 8.739394091666658e-05
3851.1448076897905 8.798108738057497e-05
3838.3305282376136 8.85717166314359e-05
3825.559519539926 8.916585856244257e-05
3812.8301735339423 8.976351961212888e-05
3800.1425053439507 9.036470713881929e-05
3787.498100021512 9.096945747424092e-05
3774.895372897162 9.157779315326248e-05
3762.3343304344385 9.218971969462727e-05
3749.8165180239953 9.280525273477486e-05
3737.3388426297583 9.342442032731726e-05
3724.902854370185 9.40472293706837e-05
3712.5085485394206 9.467370745859092e-05
3700.155917754297 9.530386608842096e-05
3687.8434607499426 9.593771123881239e-05
3675.5726759861777 9.65752847602357e-05
3663.3420766168715 9.722322340147106e-05
3651.153135848119 9.787692407066478e-05
3639.0043811697483 9.853450073727512e-05
3626.895818610668 9.91959961715631e-05
3614.827451443592 9.98614154323768e-05
3602.7992802302315 0.00010053077967489904
3590.8113028660346 0.00010120409809703546
3578.8635146244847 0.0001018814102497801
3566.954513116576 0.00010256273038988659
3555.0857021235793 0.0001032480649558889
3543.2570691280907 0.00010393743878213209
3531.4672317014233 0.00010463088498107632
3519.71619972537 0.0001053284187292658
3508.0039803536397 0.00010603003266837605
3496.331918443458 0.00010673580176133765
3484.6986576268287 0.0001074456993342244
3473.10287467811 0.00010815975941928697
3461.5459066650324 0.00010888482157912389
3450.029052876235 0.00010961693715286429
3438.548389650874 0.00011035340011668297
3427.107821622044 0.00011109425554031726
3415.7034719951644 0.00011183948686753713
3404.3379178666146 0.0001125891410076611
3393.0111411306616 0.00011334324601430122
3381.7206135153137 0.00011410180740620083
3370.4688536525427 0.00011486484863801924
3359.2533617396516 0.00011563239822326374
3348.0753889659627 0.00011640447593743137
3336.9349301347547 0.00011718111351329642
3325.8319776556605 0.00011796230773159194
3314.7653167963376 0.00011874810550163642
3303.7361560957374 0.00011953853441714669
3292.7432920284205 0.00012033358665990298
3281.7867313620063 0.00012113330913922375
3270.8664783527456 0.00012194463707592577
3259.9825347865517 0.00012276456965330942
3249.136057572411 0.00012358938263940037
3238.3247208809094 0.00012441909443000986
3227.5485424008575 0.00012525372893969235
3216.8098064729124 0.00012609330594394496
3206.1062261739203 0.00012693786223438996
3195.437811769793 0.00012778741758652444
3184.805683201931 0.00012864199039615956
3174.2076140609047 0.0001295016013585829
3163.645824299714 0.00013036629094457906
