data/xsec-infrared-dust-pah1_c120.ecsv
# %ECSV 0.9
# ---
# datatype:
# - {name: Wavelength, unit: micron, datatype: float64}
# - {name: Opacity, unit: cm2 / g, datatype: float64}
# schema: astropy-2.0
Wavelength Opacity
[from data line 2750]
3132.170377704717 1.4325452825056543e-05
3121.7492475454737 1.4373277335184114e-05
3111.361142033295 1.4421262808659556e-05
3101.0082016906613 1.446940924548286e-05
3090.6904134713436 1.4517716645654034e-05
3080.4056813218995 1.4566180410220279e-05
3070.156096565835 1.4614809737087185e-05
3059.9406129946824 1.4663600027301955e-05
3049.7592295345107 1.4712555879817392e-05
3039.610929800986 1.4761672695680697e-05
3029.496734820378 1.481095507384466e-05
3019.416636787023 1.4860398415356492e-05
3009.369632754613 1.4910011918121784e-05
2999.356716914662 1.4959786384234942e-05
2989.375915332483 1.5009731011601557e-05
2979.4291975567376 1.5059836602316043e-05
2969.515578235014 1.5110116953236779e-05
2959.635056228198 1.5160558267505385e-05
2949.7866741446346 1.5211174341980245e-05
2939.9713933046664 1.5261955978755767e-05
2930.189206044029 1.5312903177831954e-05
2920.4391674442763 1.5364025137114396e-05
2910.7212843940656 1.5415317257650293e-05
2901.036484350944 1.546678413839245e-05
2891.382918014077 1.5518416581435268e-05
2881.7624252305886 1.557022378468434e-05
2872.1731769258677 1.562220574813967e-05
2862.6169843585603 1.5674357872848458e-05
2853.091145938428 1.57266847577635e-05
2843.598349216327 1.5779191001837596e-05
2834.135924164489 1.5831867407165146e-05
2824.7056436813473 1.5884723171651752e-05
2815.306624552314 1.5937753696344614e-05
2805.938868068262 1.5990958981243727e-05
2796.602373432277 1.6044343625301893e-05
2787.2971377942517 1.609790762851911e-05
2778.0223100778544 1.615165099089538e-05
2768.778740879652 1.6205569113477903e-05
2759.565586280602 1.6259671194172278e-05
2750.3836815393465 1.6313952634025698e-05
2741.232189880826 1.636841803199097e-05
2732.111113041696 1.6423062789115292e-05
2723.0196376891 1.6477891504351463e-05
2713.9593929777493 1.6532899578746682e-05
2704.928753896862 1.6588096210206547e-05
2695.9285271509857 1.6643472200825465e-05
2686.957912870086 1.6699036748509025e-05
2678.0169167274753 1.675478525430443e-05
2669.1063234991984 1.681071771821169e-05
2660.2253432551183 1.6866838739183586e-05
2651.373204908413 1.692314831722013e-05
2642.5514529686693 1.6979646452321315e-05
2633.7585467197578 1.7036333144487146e-05
2624.9944952829255 1.709320839371762e-05
2616.2600562495913 1.7150272200012737e-05
2607.554474157477 1.72075245633725e-05
2598.878492741663 1.7264974681702498e-05
2590.2306270914264 1.7322608758144342e-05
2581.6116220078998 1.7380440589556422e-05
2573.0222007803704 1.7438465576985945e-05
2564.460181131872 1.7496679121480107e-05
2555.9270181944453 1.7555095019897306e-05
2547.4227037372534 1.7613699475379147e-05
2538.9465209333634 1.7672501685831224e-05
2530.498472128307 1.7731501651253537e-05
2522.077860304541 1.7790694772693293e-05
2513.6860836054198 1.785008564910328e-05
2505.321748417897 1.7909678879436303e-05
2496.985547053393 1.7969469864739564e-05
2488.677472584298 1.8029458605013055e-05
2480.3961671351863 1.8089649699209582e-05
2472.142987449266 1.8150038548376345e-05
2463.91725560683 1.8210634350418937e-05
2455.718309722625 1.8271427907431766e-05
2447.5474742356714 1.8332423818367625e-05
2439.4034267733623 1.8393626682179313e-05
2431.2861743792023 1.8455031899914034e-05
2423.1963660556953 1.8516644070524582e-05
2415.1333527003017 1.8578458595058162e-05
2407.0971358711317 1.8640480072467573e-05
2399.0877153293022 1.870271310170561e-05
2391.1050890686647 1.8765148484866676e-05
2383.148630604123 1.8827795419856366e-05
2375.2189654983817 1.8890649307721885e-05
2367.316086535786 1.895371474741603e-05
2359.4387640266305 1.9016987139986003e-05
2351.587618169212 1.90804756833374e-05
2343.7632511285783 1.9144175778517418e-05
2335.9644523584916 1.920808742552606e-05
2328.191824625888 1.927221062436333e-05
2320.4447722694636 1.933654997398202e-05
2312.723886633927 1.9401100875429333e-05
2305.028576541229 1.946586792765807e-05
2297.358843420888 1.953085572962102e-05
2289.7141121206723 1.9596055083412597e-05
2282.0955342243014 1.9661475186938392e-05
2274.5019601368595 1.97271160401984e-05
2266.9339593915574 1.9792973044239834e-05
2259.39040556801 1.9859046199062687e-05
2251.8724245135077 1.9925344702572553e-05
2244.3800060194667 1.9991863955816636e-05
2236.912041037525 2.0058603958794936e-05
2229.4685382142397 2.012556931046025e-05
2222.0500458297824 2.019275541185978e-05
2214.656558248867 2.0260166861946324e-05
2207.287534053219 2.0327803660719882e-05
2199.9429751623543 2.0395665808180453e-05
2192.6228818469576 2.0463753304328035e-05
2185.3267291098223 2.0532070748115427e-05
2178.0555647767337 2.0600613540589833e-05
2170.8083404741506 2.066938628070405e-05
2163.585060445158 2.0738388968458076e-05
2156.3857272801 2.080762160385191e-05
2149.210341943607 2.087708878583835e-05
2142.0594069173017 2.0946781316511806e-05
2134.9319104199426 2.1016712992730662e-05
2127.827858726229 2.1086874616589325e-05
2120.7477496122424 2.1157270787040598e-05
2113.6910863653716 2.1227901504084475e-05
2106.657870446085 2.1298766767720957e-05
2099.6481017408432 2.136987117690284e-05
2092.6617785881235 2.1441210132677328e-05
2085.6984208152703 2.151278823399722e-05
2078.758507068463 2.1584605480862515e-05
2071.841560460176 2.1656666472226004e-05
2064.947582709415 2.1728962010182103e-05
2058.077038427142 2.1801501292636396e-05
2051.228532948758 2.187428431958889e-05
2044.4034567455114 2.194731109103958e-05
2037.6008858201747 2.2020577008035674e-05
2030.8208234844833 2.2094091268482764e-05
2024.06327150767 2.2167849273428045e-05
2017.3286763713743 2.224185102287153e-05
2010.6161414115718 2.2316105714718803e-05
2003.9256728147486 2.2390604151064277e-05
1997.258149995839 2.2465350930860742e-05
1990.6122551432338 2.2540350653060998e-05
1983.988430214839 2.261559871871225e-05
1977.3871040970723 2.2691095127814493e-05
1970.8074151628998 2.276684447932053e-05
1964.249792267662 2.284285137218315e-05
1957.713811005486 2.2919106608496765e-05
1951.1998916570587 2.299561938616697e-05
1944.7071978901633 2.307238970519376e-05
1938.2365617723642 2.3149412966624338e-05
1931.7871551828769 2.3226693769411505e-05
1925.3593898637428 2.330423211355526e-05
1918.9528577247952 2.3382027999055596e-05
1912.5675611345303 2.346008602486532e-05
1906.2035010186278 2.3538406190984423e-05
1899.8606768836955 2.3616983898460117e-05
1893.5390868407756 2.369582374624519e-05
1887.2387276286163 2.3774930333292442e-05
1880.958818757862 2.385429906064908e-05
1874.7001404791752 2.3933934527267894e-05
1868.4623026462302 2.4013832134196095e-05
1862.245304262704 2.4094001079339265e-05
1856.048765239137 2.417443216479182e-05
1849.872689408607 2.4255134588459353e-05
1843.7174519177897 2.4336108350341857e-05
1837.582676108725 2.4417348851486547e-05
1831.4683616852801 2.4498860690846205e-05
1825.3741416538371 2.458064846737364e-05
1819.3003832499887 2.4662707582116043e-05
1813.2467216419745 2.4745038035073427e-05
1807.2135165303562 2.482764442519858e-05
1801.2000495330012 2.4910526752491506e-05
1795.2066800585412 2.49936850169522e-05
1789.2334056939608 2.5077123817533467e-05
1783.279874044127 2.51608385552825e-05
1777.346087090738 2.5244833829152105e-05
1771.4320454776332 2.5329109639142272e-05
1765.5377485328324 2.541366598525301e-05
1759.6628547712814 2.5498507466437116e-05
1753.8080422483126 2.5583629483741783e-05
1747.9722946391298 2.5669032037167018e-05
1742.155952375722 2.5754724324618416e-05
1736.3590150731955 2.5840701747143173e-05
1730.5814810703419 2.59269643047413e-05
1724.8230212431247 2.6013516596365586e-05
1719.083961983363 2.610035862201603e-05
1713.3636541087005 2.618749038169263e-05
1707.6627433489627 2.6274911875395396e-05
1701.9805865973137 2.6362627702077117e-05
1696.3175030206355 2.6450633262784993e-05
1690.672861845703 2.6538933156471832e-05
1685.0472931064014 2.6627527383137626e-05
1679.4404811449658 2.6716415942782373e-05
1673.8524245807432 2.6805603434358873e-05
1668.282815644322 2.6895089857867125e-05
1662.731656624035 2.6984875213307133e-05
1657.1989485508777 2.707495490172609e-05
1651.6846912191772 2.7165342719982397e-05
1646.1888832070504 2.725602487121766e-05
1640.7115218966626 2.7347015152290265e-05
1635.252017079777 2.7438308964247423e-05
1629.8109580125313 2.752990170813633e-05
1624.387759882004 2.762180718081538e-05
1618.9827143416837 2.7714016184378974e-05
1613.5958186636774 2.7806533317779917e-05
1608.226501774075 2.7899358581018202e-05
1602.8753333831303 2.7992491974093834e-05
1597.5420274419885 2.8085938095959606e-05
1592.2263042419738 2.817969694661552e-05
1586.928166443708 2.827376852606157e-05
1581.6478898007645 2.8368157433250562e-05
1576.3849241598102 2.84628544702769e-05
1571.1398154220813 2.855787343399897e-05
1565.9120184090814 2.8653205126511176e-05
1560.7015353401355 2.874885874571912e-05
1555.5083672534788 2.884482969267e-05
1550.3325140256643 2.894111796736382e-05
1545.1739743907747 2.9037732767706163e-05
1540.0324859045656 2.9134669494744243e-05
1534.9080502561212 2.9231928148478056e-05
1529.800924590208 2.9329508728907602e-05
1524.7105933782423 2.9427420433938476e-05
1519.6370600154996 2.952565406566508e-05
1514.5805782608863 2.9624218821993013e-05
1509.5411441825315 2.972311010396947e-05
1504.5182563887174 2.9822332510547257e-05
1499.5119187356615 2.9921886041726365e-05
1494.5223788338924 3.00217752964596e-05
1489.5496333617307 3.0121995675794158e-05
1484.5931946052617 3.0222547179730043e-05
1479.653306846674 3.0323439006172842e-05
1474.7299683725403 3.0424661957216975e-05
1469.8229395201704 3.052622982972082e-05
1464.9322211842052 3.062813342577878e-05
1460.0575794198483 3.0730377344343664e-05
1455.199482000044 3.0832961585415466e-05
1450.3574606340064 3.093588614899418e-05
1445.5315165495924 3.103915563403262e-05
1440.7216498916855 3.1142774639483554e-05
1435.9276336558137 3.124673396744142e-05
1431.1496949626826 3.135104281581179e-05
1426.3876076946103 3.145569658564187e-05
1421.6413722580403 3.156070447483727e-05
1416.9109880048854 3.1666057285492374e-05
1412.1964532500263 3.177176881446558e-05
1407.4975480682792 3.1877825264898506e-05
1402.8140573043388 3.198424043364953e-05
1398.1464135244912 3.209100972176586e-05
1393.4941851412877 3.21981377282003e-05
1388.857373941777 3.230561985400004e-05
1384.235980664409 3.241346069811789e-05
1379.6302137201503 3.252166485950663e-05
1375.039445690239 3.263022773921347e-05
1370.4640944418065 3.273915393619122e-05
1365.904156662018 3.284844345043986e-05
1361.3590184362643 3.295809628195941e-05
1356.8292922781388 3.306811702970264e-05
1352.3145709077694 3.317850109471678e-05
1347.8148551660622 3.328925767490741e-05
1343.330144888172 3.3400382171321735e-05
1338.860242368937 3.351187918291255e-05
1334.4053446445646 3.362374411072706e-05
1329.9652546577222 3.3735986152670864e-05
1325.5397795650604 3.384860070979115e-05
1321.129113426757 3.396159238104072e-05
1316.7332540983323 3.4074961166419594e-05
1312.3518208018122 3.418871166488054e-05
1307.9851922307973 3.4302839277470775e-05
1303.6329907199058 3.44173440041903e-05
1299.295217824279 3.45322350429447e-05
1294.9718741196466 3.464750779478118e-05
1290.662959218447 3.476316685865255e-05
1286.3684717857925 3.4879207635606004e-05
1282.088049083729 3.4995639323547125e-05
1277.8220531910245 3.511246192247593e-05
1273.5701242792181 3.522967083343961e-05
1269.3324410891264 3.534727065539097e-05
1265.1088257154454 3.5465265987282804e-05
1260.8992783425479 3.558365223016231e-05
1256.7037982218742 3.570243398298229e-05
1252.522211668563 3.582161124574274e-05
1248.3545195429765 3.594118861739646e-05
1244.2007217728442 3.606116149899065e-05
1240.0608173686835 3.618153908843091e-05
1235.934469453446 3.6302316786764436e-05
1231.8220146854255 3.642349459399123e-05
1227.723284095168 3.654508170801688e-05
1223.6381122484029 3.6667073529888605e-05
1219.5665002733995 3.678947005960639e-05
1215.5086103857748 3.691227589612303e-05
1211.463955892085 3.703549103943854e-05
1207.4330212277846 3.71591200885057e-05
1203.4153243593562 3.728315844437173e-05
1199.4110260593088 3.74076107059894e-05
1195.4201252910395 3.7532481472311536e-05
1191.4424644987378 3.765776614438533e-05
1187.4780440257484 3.778346932116358e-05
1183.5267097451356 3.790959560159907e-05
1179.5886158833937 3.803614038673901e-05
1175.6636086092094 3.816310367658342e-05
1171.7516878299325 3.829049466903786e-05
1167.8528525894385 3.8418308765149554e-05
1163.9669525277611 3.8546550563871294e-05
1160.0938403978002 3.867522466415588e-05
1156.2338117757852 3.880432186809771e-05
1152.386425494427 3.893385137360239e-05
1148.5519744326286 3.9063813180669904e-05
1144.730311831064 3.9194211888253055e-05
1140.9212939448605 3.932503829844625e-05
1137.124921775905 3.9456306208107884e-05
1133.3413363138222 3.958801561723795e-05
1129.570114349157 3.972015732793086e-05
1125.8115379141109 3.9852745137045006e-05
1122.0656046660213 3.998577444562758e-05
1118.3319000618394 4.0119245253678585e-05
1114.6108370482955 4.025316216015083e-05
1110.902004922319 4.0387529763997086e-05
1107.2055406896216 4.052234346626458e-05
1103.521443406048 4.065760326695331e-05
1099.8495786864587 4.0793318363968855e-05
1096.1899466400696 4.092948415835843e-05
1092.5424156831589 4.106610524907483e-05
1088.9071169393114 4.120318623507085e-05
1085.283789810994 4.1340717918440896e-05
1081.6725646681857 4.147871409604335e-05
1078.07344020682 4.161716556997263e-05
1074.4861611602 4.175608153813433e-05
1070.910981229232 4.189546200052844e-05
1067.3475220333532 4.2035306957154966e-05
1063.7960348402532 4.21756210069667e-05
1060.2563937122611 4.2316399551010854e-05
1056.728475240458 4.245764718824022e-05
1053.2122801318317 4.2599368517607594e-05
1049.7078083067797 4.2741563539112974e-05
1046.2149388939351 4.288423225275636e-05
1042.7337918922874 4.3027374658537755e-05
1039.264128066513 4.3170995355409946e-05
1035.8060666661593 4.331509894232575e-05
1032.3594893080613 4.3459680820332346e-05
1028.924396056918 4.360474098942975e-05
1025.5007862172695 4.375028864752355e-05
1022.088429252933 4.3896323794613756e-05
1018.6875551230602 4.404284643070035e-05
1015.2979348372435 4.418985655578333e-05
1011.91956925957 4.433735416986272e-05
1008.5525700286045 4.44853484708441e-05
1005.1966019064347 4.463383485977466e-05
1001.8518880623856 4.478281793560722e-05
998.5183170630687 4.493229769834176e-05
995.1958882696196 4.508227414797829e-05
991.8843845640168 4.523275188346961e-05
988.584022487685 4.5383730904815705e-05
985.2945863356279 4.5535215810969386e-05
982.0160768522337 4.568720200297786e-05
978.7484940473418 4.58396986787467e-05
975.4917328680066 4.599270123932313e-05
972.2458976180296 4.614621428365993e-05
969.0107802449302 4.630023321280431e-05
965.7864843052813 4.645480401628423e-05
962.5729067179252 4.660983471504378e-05
959.3700473310263 4.676541728813887e-05
956.1778050372328 4.692150574604153e-05
952.9961802826343 4.707814607827974e-05
949.8251728041306 4.7235246305797566e-05
946.6646833764748 4.739294439717891e-05
943.5148099236653 4.7551102383839856e-05
940.3752592218642 4.770981224483635e-05
937.2462267104075 4.786907398016839e-05
934.1276149427641 4.802884160030801e-05
931.0194233927207 4.818916109478317e-05
927.9215564418971 4.8349986474065914e-05
924.833920312172 4.85113637276842e-05
921.7566093587404 4.867329285563803e-05
918.6895296793128 4.88357738579274e-05
915.6326810989922 4.899876074502434e-05
912.5859714522696 4.916229950645684e-05
909.5496731804519 4.9326390142224884e-05
906.522789307007 4.9491032652328464e-05
903.5061387892424 4.965622703676758e-05
900.5006072454753 4.982197329554225e-05
897.50352309497 4.998827142865245e-05
894.5175490219158 5.0155075446570246e-05
891.5409189909947 5.032247732835154e-05
888.574510187916 5.0490477073996335e-05
885.617455986172 5.065898270444872e-05
882.6714749033852 5.08280861987646e-05
879.7339962206165 5.099769557788806e-05
876.8067314144855 5.116790282087503e-05
873.8896714289821 5.13387079277255e-05
870.9811430672479 5.151006490891152e-05
868.0836482357532 5.168197376443308e-05
865.1946972672372 5.185448048381814e-05
862.3159423496407 5.202753907753874e-05
859.446561648328 5.220119553512286e-05
