data/xsec-infrared-dust-silicate_orion_10.ecsv
# %ECSV 1.0
# ---
# datatype:
# - {name: Wavelength, unit: micron, datatype: float64}
# - {name: Opacity, unit: cm2 / g, datatype: float64}
# schema: astropy-2.0
Wavelength Opacity
[from data line 2356]
11645.466044655766 9.84934173721562e-06
11606.717082071327 9.916126350036045e-06
11568.096003019884 9.983363959706893e-06
11529.604281730937 1.0051055945914006e-05
11491.240449166382 1.0119208747191291e-05
11453.00450484844 1.0187822363538761e-05
11414.895011127646 1.0256902313699762e-05
11376.913398486124 1.0326449977360134e-05
11339.056821729513 1.0396468573786839e-05
11301.326703882565 1.0466962701932669e-05
11263.723030978945 1.0537934661274022e-05
11226.244399033409 1.0609388590868418e-05
11188.889432793238 1.0681326330296969e-05
11151.659512445047 1.07537520186172e-05
11114.553264424729 1.082666887509606e-05
11077.570688747957 1.0900079659105234e-05
11040.710440662357 1.0973988509702234e-05
11003.97385832263 1.1048397266468182e-05
10967.358279664031 1.1123312367936987e-05
10930.865035338935 1.1198734274003935e-05
10894.494111418422 1.1274668503412377e-05
10858.242900560523 1.1351118275429273e-05
10822.112708981285 1.1428084969740458e-05
10786.1035248324 1.150557364519401e-05
10750.214061279992 1.1583588440847448e-05
10714.443057493208 1.166213165617717e-05
10678.791779016456 1.174120789013597e-05
10643.258965895358 1.1820819902095522e-05
10607.843383567055 1.190097229100863e-05
10572.547499372255 1.1981667356351686e-05
10537.367619986475 1.206291107676333e-05
10502.304979566568 1.2144703452243556e-05
10467.359570672985 1.2227051841116845e-05
10432.530184844532 1.230995808296431e-05
10397.816823302786 1.2393427236634029e-05
10363.219479580026 1.2477461601602398e-05
10328.736969879275 1.2562065316926939e-05
10294.368134054346 1.2647243901350999e-05
10260.11414376985 1.2732998734560426e-05
10225.974985605708 1.2819335795193847e-05
10191.948360794973 1.2906259682204063e-05
10158.03541812902 1.2993771315381632e-05
10124.236144699758 1.308187575357463e-05
10090.54828742263 1.3170578515526412e-05
10056.972972436506 1.3259882820503935e-05
10023.509085453712 1.3349792807564719e-05
9990.15662856751 1.3440312155870996e-05
9956.914509407974 1.3531445004480283e-05
9923.783816898354 1.362319687213594e-05
9890.763458487641 1.3715568678628522e-05
9857.852363095833 1.3808568702073066e-05
9825.051597680513 1.3902199241945962e-05
9792.359039421119 1.3996463977409456e-05
9759.775747749178 1.4091367507416339e-05
9727.30067193036 1.418691581060525e-05
9694.933812410472 1.4283111646347863e-05
9662.675162474918 1.4379959153701698e-05
9630.523691405075 1.4477463391514827e-05
9598.478388583873 1.4575629418635327e-05
9566.540270151965 1.4674459534539597e-05
9534.708324699473 1.4773961557447393e-05
9502.98255066929 1.487413686704455e-05
9471.361955886094 1.4974992821655542e-05
9439.846544529682 1.5076532640547328e-05
9408.436313758148 1.5178758623196305e-05
9377.130289673127 1.5281679507612787e-05
9345.928474953527 1.5385298972959006e-05
9314.830865345746 1.548961977860665e-05
9283.836504716994 1.5594648363089624e-05
9252.945394128295 1.570038932536073e-05
9222.15659525259 1.58068463445822e-05
9191.471040516852 1.5914026319183233e-05
9160.886870279432 1.6021932468430783e-05
9130.405009548882 1.613056985117293e-05
9100.025444150091 1.6239945365838863e-05
9069.744545473533 1.635121150999931e-05
9039.565942245898 1.6462849249545686e-05
9009.489600559538 1.6574860883954392e-05
8979.506639124262 1.6687244573644314e-05
8949.625970401468 1.6800004457672965e-05
8919.847541026898 1.691314099593562e-05
8890.171291765284 1.702665418843229e-05
8860.588549049478 1.714054633463936e-05
8831.10796513649 1.725482065382379e-05
8801.720968073494 1.7369474846509192e-05
8772.436082414728 1.7484512131962513e-05
8743.244836740036 1.7599933889869593e-05
8714.155629850951 1.7715740120230438e-05
8685.160089784747 1.7831932662626162e-05
8656.258275411386 1.7948515656114286e-05
8627.458399947023 1.8065485421532567e-05
8598.744130791423 1.8188051652608527e-05
8570.131775173119 1.8312713626473717e-05
8541.62120345074 1.843779134567168e-05
8513.196387865708 1.8563286649783535e-05
8484.873294419522 1.8689201378390404e-05
8456.636094814468 1.8815536911178127e-05
8428.500530940084 1.8942294167937255e-05
8400.450971578475 1.9069473608563073e-05
8372.50293772033 1.9197078912217824e-05
8344.640992865881 1.9325109159110938e-05
8316.880440283978 1.9453565728928264e-05
8289.206035850815 1.958245276072731e-05
8261.625384206345 1.9711770714403357e-05
8234.13101477539 1.984151867016585e-05
8206.73041880421 1.9971701686862862e-05
8179.423547950526 2.010231884470384e-05
8152.210348480176 2.0233371063479325e-05
8125.083522651343 2.037017565241229e-05
8098.050341103733 2.0509807217629077e-05
8071.103590667609 2.0649905116659392e-05
8044.243338360986 2.0790468889607963e-05
8017.476692615042 2.0931503595322866e-05
7990.803566421802 2.1073008773908818e-05
7964.2169131324 2.1214987184737493e-05
7937.716774954415 2.1357438827808898e-05
7911.303187682656 2.1500366462494713e-05
7884.976180801122 2.1643770088794934e-05
7858.742549489828 2.178765338587179e-05
7832.588722102844 2.1932017273515855e-05
7806.5282092149555 2.2076862671517676e-05
7780.554245051628 2.222219187935366e-05
7754.66682992281 2.236800581681436e-05
7728.859408488016 2.251430724327146e-05
7703.145113063926 2.266109661862023e-05
7677.510870159989 2.2813789209778187e-05
7651.963206810248 2.297021201154914e-05
7626.502094779358 2.3127157714253015e-05
7601.127500579253 2.3284626777785102e-05
7575.833092435131 2.344262196151707e-05
7550.625203357711 2.360114418523948e-05
7525.503783793597 2.3760196208324012e-05
7500.4626107695785 2.3919778490665943e-05
7475.507875513121 2.4079894251532234e-05
7450.633426384556 2.424054441071344e-05
7425.839315259449 2.4401728968209566e-05
7401.131594067409 2.45634548224498e-05
7376.504216416281 2.4725718294271916e-05
7351.957216768268 2.488852490241926e-05
7327.496511002896 2.5051874186996545e-05
7303.116156382779 2.521576890737547e-05
7278.816170784013 2.538020998334657e-05
7254.59656647581 2.5550618660466017e-05
7230.4573502118 2.572586221666009e-05
7206.398523320442 2.5901691219545124e-05
7182.420081794535 2.6078107508702224e-05
7158.516397476624 2.625511292371252e-05
7134.698731087572 2.6432708384366564e-05
7110.9614066604445 2.6610898029721882e-05
7087.298892065567 2.678968093998791e-05
7063.716738762532 2.6969062174012716e-05
7040.209477110056 2.714904127190102e-05
7016.787972979211 2.73296214529198e-05
6993.435985522361 2.7510805476440713e-05
6970.16966096086 2.7692592422673203e-05
6946.978254891641 2.7874987810360633e-05
6923.861814294738 2.8057991639503004e-05
6900.820380422858 2.8241606669471982e-05
6877.859175833375 2.842583473984869e-05
6854.972974720033 2.8616047887394366e-05
6832.166920625503 2.8812358786452504e-05
6809.430762947439 2.900932595607466e-05
6786.774719264171 2.9206949856156113e-05
6764.1886644955 2.9405234165859098e-05
6741.682670770813 2.960418026486945e-05
6719.251687548903 2.980379045266358e-05
6696.890792215745 3.000406840840371e-05
6674.609842707549 3.0205011832613448e-05
6652.399021397091 3.040662854351256e-05
6630.263225812079 3.060891624162462e-05
6608.202431267811 3.081188044569301e-05
6586.216608531751 3.1015523455194114e-05
6564.300999112525 3.1219848489394895e-05
6542.4556590806715 3.142485140923783e-05
6520.689963356869 3.1630539113152124e-05
6498.989877395702 3.1836914360509445e-05
6477.364735294536 3.2049221797078565e-05
6455.814480278619 3.22691221047142e-05
6434.334512020635 3.248975502553027e-05
6412.920346888363 3.271112561837484e-05
6391.585533711408 3.2933231583771526e-05
6370.316560029058 3.3156084419102316e-05
6349.117946004651 3.3379675386356894e-05
6327.994088321312 3.360402242145116e-05
6306.936177540254 3.382910758846922e-05
6285.952962875659 3.4054954342070325e-05
6265.035742303693 3.4281545666129136e-05
6244.188864803726 3.4508901796037946e-05
6223.412313348809 3.473700755525254e-05
6202.7060665457875 3.496588225937466e-05
6182.065908143449 3.519552222924207e-05
6161.496054480596 3.5425921026320844e-05
6140.99233587996 3.565709474694578e-05
6120.5589036683095 3.589400704086979e-05
6100.1957146125105 3.614033661043456e-05
6079.894615160004 3.6387485713387624e-05
6059.663768393272 3.663546216794871e-05
6039.503118423266 3.688426413453672e-05
6019.404659758433 3.713390219074308e-05
5999.376380613067 3.738437173761499e-05
5979.414292767072 3.763567001578075e-05
5959.518402953621 3.7887815880946874e-05
5939.688713419138 3.81408033544747e-05
5919.925221997196 3.839463105667838e-05
5900.227922181687 3.864931278441631e-05
5880.593011379464 3.890483979967818e-05
5861.028083450243 3.9161218081102635e-05
5841.525560517436 3.9418449928166055e-05
5822.089210749415 3.967655051741268e-05
5802.715314460087 3.9935507431669955e-05
5783.4075812102665 4.0199880532635296e-05
5764.162331957604 4.047587702689773e-05
5744.983218601651 4.0752793311719395e-05
5725.866602376234 4.103064318395869e-05
5706.816078453703 4.1309411467071394e-05
5687.824500678235 4.158911333760172e-05
5668.899002845638 4.186975569397886e-05
5650.036025174875 4.215131784091524e-05
5631.239051654888 4.243383381066155e-05
5612.501107730482 4.271729118604525e-05
5593.825692220596 4.300169548580967e-05
5575.2127995148585 4.328704808964067e-05
5556.6624199630405 4.357335175690993e-05
5538.171176855302 4.386061568552302e-05
5519.742460437306 4.4148832517155486e-05
5501.376248893843 4.443801374918932e-05
5483.0725166401035 4.472816444047258e-05
5464.827959785578 4.502326728412678e-05
5446.642610661804 4.533245304103348e-05
5428.51972838354 4.5642668503471236e-05
5410.456062291435 4.595391183185895e-05
5392.454820452541 4.626620142200778e-05
5374.5096201954275 4.657952485674521e-05
5356.626828712459 4.689389915219656e-05
5338.803265099681 4.720931924951377e-05
5321.0389328516385 4.752580078513634e-05
5303.333831490057 4.784333640073979e-05
5285.687956629539 4.8161931615067495e-05
5268.10130004263 4.848158872759583e-05
5250.570826861275 4.880231141748704e-05
5233.099584393199 4.912410704306561e-05
5215.687552864596 4.944697192516929e-05
5198.331745904176 4.9770921700237596e-05
5181.0351390074 5.009595728806107e-05
5163.7947776595665 5.0425359581564535e-05
5146.613590332944 5.077175684523103e-05
5129.488654099794 5.11193167241644e-05
5112.419985301793 5.1468037838678835e-05
5095.410443133097 5.1817917889297876e-05
5078.454323424036 5.2168965154136604e-05
5061.557305764126 5.2521187451414756e-05
5044.713753980594 5.287458938008514e-05
5027.929264974077 5.322916358182326e-05
5011.198269817861 5.358492477327809e-05
4994.523548740416 5.3941877553402386e-05
4977.905087942991 5.4300024681567884e-05
4961.34287013685 5.4659356499973666e-05
4944.834193528449 5.501988864505926e-05
4928.379087460896 5.5381632614206635e-05
4911.980222816472 5.574457828971966e-05
4895.637568220871 5.610873302992281e-05
4879.348478574203 5.647629283477626e-05
4863.112968194601 5.6864093090781004e-05
4846.931047622692 5.72532035884374e-05
4830.802723682852 5.7643606391829514e-05
4814.727999543868 5.8035312078548803e-05
4798.706874779007 5.8428330306396096e-05
4782.7393454254825 5.8822652797256416e-05
4766.825404043334 5.921829380788339e-05
4750.965039773704 5.961526023670624e-05
4735.155779875484 6.0013547024876855e-05
4719.400098010348 6.041316429009142e-05
4703.697973077518 6.081411387193104e-05
4688.046970940792 6.121640036934852e-05
4672.4471122022605 6.162003390003998e-05
4656.8984137439775 6.20250250415969e-05
4641.403250916193 6.243135171904583e-05
4625.959239820988 6.283904014641768e-05
4610.566386847753 6.324910347301353e-05
4595.227010260658 6.368396389319113e-05
4579.936463425291 6.412026976423256e-05
4564.697073288414 6.455804224132073e-05
4549.508832631951 6.499726660780662e-05
4534.369476533892 6.543795252149117e-05
4519.28127570589 6.588012021776664e-05
4504.244213009265 6.632376509768023e-05
4489.256058403646 6.676889130028948e-05
4474.319027777573 6.721550112507079e-05
4459.430914026866 6.766359457202414e-05
4444.5938971632095 6.811319509580881e-05
4429.803641182019 6.856428935946169e-05
4415.064471075761 6.90168920796317e-05
4400.374224807978 6.947099911726135e-05
4385.730794033675 6.992663208742878e-05
4371.138408359227 7.038378225212368e-05
4356.592857767275 7.084245742956577e-05
4342.098309485914 7.13286660775034e-05
4327.648549383594 7.181721651220482e-05
4313.249764119154 7.230740463399699e-05
4298.89784178359 7.27992161861262e-05
4284.592801602213 7.32926796820998e-05
4270.336658920438 7.378779512191779e-05
4256.127400080176 7.428455422746516e-05
4241.965034486897 7.478297953361056e-05
4227.849568291128 7.528306230234374e-05
4213.782951366846 7.578480805240799e-05
4199.761276727428 7.628823012076645e-05
4185.786501022121 7.679335288186896e-05
4171.858617907154 7.730015242116095e-05
4157.977618044164 7.780863379749051e-05
4144.141606045721 7.831881402698299e-05
4130.352474860103 7.883069586901005e-05
4116.610206214186 7.93443023183357e-05
4102.912933218344 7.988674880064622e-05
4089.2606688452142 8.04338586210921e-05
4075.653422878537 8.098278962684525e-05
4062.09120196477 8.15335602137169e-05
4048.5758069184476 8.20861611838014e-05
4035.1036318144916 8.264061553186279e-05
4021.678256919977 8.319691405999547e-05
4008.296118149802 8.375507976296338e-05
3994.9589925344203 8.431510344286095e-05
3981.6651306112767 8.487698509968819e-05
3968.4162799056285 8.544075692611465e-05
3955.2124235303913 8.600640052632916e-05
3942.05183798167 8.65739434940485e-05
3928.9345349899186 8.714337663136707e-05
3915.8622045874836 8.77147045372377e-05
3902.8314785611738 8.828794100851872e-05
3889.8457113171485 8.886309984206854e-05
3876.9015734609084 8.946896588343853e-05
3864.002369243558 9.008219024928243e-05
3851.1448076897905 9.069745655016782e-05
3838.3305282376136 9.131476938504753e-05
3825.559519539926 9.193415174868552e-05
3812.8301735339423 9.255559444317621e-05
3800.1425053439507 9.317910666642517e-05
3787.498100021512 9.3804720611102e-05
3774.895372897162 9.44324132824427e-05
3762.3343304344385 9.506220307625847e-05
3749.8165180239953 9.569409459150208e-05
3737.3388426297583 9.632808782817358e-05
3724.902854370185 9.696420118208407e-05
3712.5085485394206 9.760244385113926e-05
3700.155917754297 9.824281123638627e-05
3687.8434607499426 9.888532173363629e-05
3675.5726759861777 9.952997534288933e-05
3663.3420766168715 0.00010020612258089069
3651.153135848119 0.00010089293019147362
3639.0043811697483 0.00010158202808054903
3626.895818610668 0.00010227342084706976
3614.827451443592 0.00010296713608475254
3602.7992802302315 0.00010366314619988063
3590.8113028660346 0.00010436149718198201
3578.8635146244847 0.00010506217983315103
3566.954513116576 0.00010576519875234053
3555.0857021235793 0.00010647055393955047
3543.2570691280907 0.00010717826838954485
3531.4672317014233 0.0001078883467012765
3519.71619972537 0.00010860079807265098
3508.0039803536397 0.00010931562710262109
3496.331918443458 0.0001100328383901396
3484.6986576268287 0.00011075245492997053
3473.10287467811 0.0001114744583263027
3461.5459066650324 0.0001122291464801574
3450.029052876235 0.0001129985144913375
3438.548389650874 0.0001137704533171307
3427.107821622044 0.00011454496755648973
3415.7034719951644 0.00011532206640732024
3404.3379178666146 0.00011610176366648059
3393.0111411306616 0.0001168840639329236
3381.7206135153137 0.00011766898100350762
3370.4688536525427 0.00011845650568032707
3359.2533617396516 0.00011924666095814598
3348.0753889659627 0.00012003946523277547
3336.9349301347547 0.00012083490470735717
3325.8319776556605 0.0001216329977777023
3314.7653167963376 0.0001224337674385748
3303.7361560957374 0.00012323719529416346
3292.7432920284205 0.00012404331813609072
3281.7867313620063 0.00012485212216749818
3270.8664783527456 0.00012569487566844708
3259.9825347865517 0.00012655747824966433
3249.136057572411 0.00012742296437428483
3238.3247208809094 0.0001282913386412613
3227.5485424008575 0.00012916261484745213
3216.8098064729124 0.00013003681138866861
3206.1062261739203 0.00013091391906700503
3195.437811769793 0.0001317939608772255
3184.805683201931 0.00013267694601723544
3174.2076140609047 0.00013356288368494056
3163.645824299714 0.00013445178307824643
