data/xsec-infrared-dust-pah1_ab08_10.ecsv
# %ECSV 0.9
# ---
# datatype:
# - {name: Wavelength, unit: micron, datatype: float64}
# - {name: Opacity, unit: cm2 / g, datatype: float64}
# schema: astropy-2.0
Wavelength Opacity
[from data line 4326]
16.39078507187683 0.0018935655579575955
16.336245794581025 0.00189515582984499
16.28188804202441 0.0018967157946334573
16.227708919741705 0.0018982451763858296
16.17371420302161 0.0018997436991649403
16.11989810527566 0.0019012109950545648
16.066260641255198 0.0019026469260861188
16.01279900214979 0.0019040511243433793
15.95951882050756 0.0019054231299310662
15.906414470930331 0.0019067629888387086
15.853485976444363 0.0019080701032024412
15.800736085606724 0.001909344381043209
15.748159304373413 0.001910585408455261
15.69575837619119 0.0019117929554909566
15.643533277243035 0.0019129667002236006
15.591481306976437 0.001914106366716024
15.539599824634255 0.001915211587052004
15.487894138884975 0.0019162822232629566
15.43635895560168 0.001917317769464075
15.384996895165921 0.0019183181796658298
15.333802762909144 0.0019192829019938865
15.28278173439464 0.0019202117524901331
15.231928661128503 0.0019211045012069291
15.181246100650332 0.0019219607802280518
15.130731511141994 0.0019227803596058605
15.080384900367768 0.0019235627794450764
15.03020626486025 0.0019243080397456987
14.98019559010637 0.002337375678245165
14.9303504064837 0.0025839132584449115
14.880670726653175 0.002758364323093148
14.83115655212688 0.0029001487960824118
14.781805477599002 0.003021983379758029
14.73261991052195 0.0031299250329211658
14.683599819739493 0.0032274287188599603
14.634740466838592 0.003316689609723088
14.586044226421468 0.003399207010111635
14.537511082461162 0.0034760599723201715
14.489138706494854 0.003548056624334045
14.440927107520304 0.0036158213199848632
14.392876283759344 0.0036798482627401078
14.34498396649188 0.003740537653472102
14.297252419245606 0.003798217995379077
14.2496793822139 0.003853164581775413
14.202264856355459 0.0039056092458715657
14.155008832135719 0.003955750340501636
14.107909107320506 0.00400375963655256
14.06096569540649 0.004049786783948327
14.014178599335095 0.004093962071021652
13.967547811666611 0.004136402081225918
13.921071189793656 0.0041772083134493385
13.874750859222853 0.004216474172423203
13.828582588480183 0.004254281611486341
13.78256849649406 0.004290705087684521
13.736708567142305 0.004325813263382991
13.69100071907778 0.0043596661089262126
13.64544495746197 0.005247936319500037
13.600041277318264 0.008162898388528503
13.554787649091518 0.01106935101519818
13.509686089408051 0.013959705467500074
13.464732587753295 0.0155688257030343
13.419931128678012 0.015597272525555128
13.375275773401123 0.015623992901196272
13.330770473220428 0.015653577504638874
13.286413258441861 0.015677005949868504
13.242204124220587 0.01570116838796441
13.198143056003977 0.015722652395951803
13.154226235094582 0.015744024649386252
13.11045747302545 0.014107393478225223
13.066832982233835 0.011356713361401115
13.023354644796573 0.008612248269385777
12.98002058870371 0.00588050526049054
12.936828981787867 0.004784197649039797
12.893783499802636 0.0048019864444449846
12.850880468493502 0.004819112070856962
12.808119898608002 0.0048355910385162685
12.765501791299442 0.004851438156050906
12.723026138285345 0.004866668278078406
12.68069115884693 0.0048812935918236796
12.638496861439945 0.004895328078103227
12.596443245081344 0.004908784797942989
12.55453029950539 0.004921673317164782
12.512754571785962 0.0049340071107002986
12.471119512707416 0.004945795330465603
12.429623390588649 0.004957048554052127
12.388264510094398 0.004967777864936109
12.347044554824736 0.005665882251188534
12.305960173217183 0.008283798878901688
12.265013041662716 0.010898608454105733
12.224201506311147 0.013488924006717277
12.183527203264653 0.016061551526979398
12.14298686586846 0.01606845639470759
12.102582123053004 0.016075258705788437
12.062311361057253 0.016081420382744772
12.022176169436754 0.016087197127352067
11.98217178965823 0.016097633990827743
11.942302963131544 0.016104991855406363
11.902564976650353 0.01610932774810261
11.862960948225199 0.016114243108851175
11.823487773320922 0.015360661003143984
11.784145465972507 0.012862205393578808
11.744935543871005 0.01037494777417707
11.705854968307555 0.00789561323065261
11.666903757254715 0.005427608621247315
11.628083402428205 0.005082520403504723
11.58939240195876 0.005084323238990357
11.550829284949206 0.005085741510043173
11.512395517436737 0.0050867764123908995
11.474088187426212 0.008987622154935229
11.435908753485945 0.029851402491171967
11.397857202845866 0.05072799091094609
11.359932099493573 0.052179975047130685
11.322132036916111 0.052179307279184683
11.284458430133858 0.05190900014942641
11.246909874515563 0.05149748585322338
11.209487749762935 0.043680344094236864
11.172189284816959 0.02286348779317021
11.135014492612065 0.003180126695759561
11.097963377694361 0.002772313590777382
11.061035936359747 0.0023657875947142716
11.024230824184553 0.001960544614502242
10.98754804793318 0.0017888705355209283
10.950988921129467 0.001784910929142465
10.914549489403733 0.0017808938818435773
10.878232382660908 0.001776819623571905
10.84203628658355 0.001772688016358865
10.805959913443312 0.0017684990602044558
10.770003273514153 0.0017642526631296222
10.734167632388656 0.0017599490090924761
10.698450449106168 0.0017555878681453777
10.662851735268049 0.0017511697001836063
10.627372732841716 0.0017466941372909388
10.592010952510975 0.0017421614554045427
10.556766406887643 0.001737571470566306
10.521639100625979 0.0017329244587133965
10.486630236358526 0.0017282203738562861
10.451736185801614 0.0017234593079740307
10.416959358096 0.0017186413070561588
10.38229736334045 0.001713766555060782
10.347751389372835 0.0017088350979774284
10.313319086176602 0.0017038468438270416
10.279002792462425 0.0016988022984944296
10.244800174161604 0.0016937010940633684
10.210711237615454 0.0016885436904291375
10.176735981546186 0.0016833302255603213
10.142873269135915 0.0016780606534673918
10.109124227281047 0.0016727352960770442
10.075486606231424 0.001667354061410223
10.041961525413596 0.0016619174553517359
10.00854787054426 0.0016564253399329984
9.975244549354654 0.0016454678290112694
9.942052658866807 0.0016344274449601535
9.908971106548494 0.0016233877507519567
9.875999890844211 0.001612349666177239
9.843139002931032 0.001601313789099863
9.81038631623221 0.0015902799355617175
9.77774289811013 0.001579249393269585
9.74520873927239 0.001568222484150162
9.712781754539476 0.0015571993461720318
9.680462989371552 0.0015461807151676416
9.648252433829864 0.0015351672809799113
9.61614905705856 0.001524159319546008
9.58415184827531 0.00151315756669838
9.552260816940349 0.0015021623903532502
9.520476959193067 0.001491174296395427
9.488798275951943 0.0017884507431096923
9.457224775315732 0.002293992146885232
9.425756458296817 0.00279782384396926
9.394393318938212 0.003299951675031829
9.363134383154243 0.0038003825844916597
9.331978695665654 0.004299122091092107
9.300927216777078 0.004796176219461335
9.269978990080512 0.005291551776049483
9.23913401353756 0.005785254509547543
9.208391348554779 0.006277292330154329
9.177751921742757 0.00676766854911585
9.147212958551693 0.007256390524756582
9.116772662477484 0.007743464695610439
9.086443763182567 0.008228896120525499
9.056208070352438 0.008712693537512072
9.026074667015042 0.009194858786151276
8.996043516387694 0.009492187063063554
8.966105760722952 0.009481421374462954
8.936270282981893 0.009611633364562581
8.906537027072163 0.010241516977015391
8.87689729079431 0.010871235027167534
8.847359761586938 0.011493307318296016
8.817924365027261 0.01211219943356593
8.788582551965385 0.012734027520300933
8.75934281877957 0.013014502014901013
8.730196716603649 0.01300374276483433
8.70114431496616 0.012993006049636347
8.672193922427606 0.012984092359326772
8.64333723799884 0.012974237723275097
8.614574310621526 0.012963589767866083
8.58591326533014 0.012952968486383283
8.557345946661087 0.01294255277809047
8.528872383941405 0.012931985304355386
8.500492599817873 0.012921778388519524
8.47220661036489 0.012911265642322716
8.444014425191309 0.012901073443135801
8.415916047546235 0.01307900324765813
8.387919189020655 0.014239256032483402
8.360008360008361 0.015386499759534092
8.332191311497876 0.016535348521110656
8.30446046047869 0.0176752596778231
8.276830953895693 0.018816402893989642
8.249287684862738 0.020421143086880783
8.221838175833746 0.022143437572090596
8.194482381862878 0.02385999900274468
8.167220252556959 0.02557084853402589
8.140044466777997 0.02727600594143127
8.112955108315068 0.028975490080667257
8.085959423024237 0.03066932072723089
8.059057337718686 0.03188874961737058
8.032241700016911 0.03187886508812572
8.005512567864715 0.03186901919008436
7.978876973066041 0.031859209623770084
7.95232788703509 0.03184943776886875
7.925865348933614 0.03183970270558977
7.899489391557421 0.03183000627351429
7.87320683829452 0.03182034893253757
7.8470108223357595 0.0318107311425549
7.820901358881612 0.03180115290356628
7.794878457161074 0.031791618354629216
7.768942120529345 0.031782122896790915
7.743092346564513 0.03177266882952779
7.717322596777511 0.031763257992420954
7.691645961632857 0.031753888085994
7.666049403989876 0.03174456140972332
7.640545829870513 0.03173528072298061
7.615122363827501 0.03172604188670835
7.589779097482058 0.031716849499859326
7.564528664338142 0.027623764035230154
7.539358427051748 0.022848830470713476
7.514268458775751 0.018089800544861298
7.489264976271676 0.013346621829611747
7.464347917185024 0.008932156024841507
7.439511145807076 0.008923240954846094
7.414754711458723 0.008914372794169203
7.390084645640579 0.008905554762077788
7.365494917646982 0.008896785018990737
7.3409855595086695 0.00888806494459388
7.316556597416101 0.008879394538887225
7.292213882552178 0.008870774261766046
7.267951521488272 0.00886220411323035
7.243763770696751 0.008853685932861247
7.219662179973828 0.008845217881077623
7.195640956452172 0.008836803177146434
7.171700093971291 0.008828439981486564
7.147833979015778 0.008820129213888571
7.124048271676205 0.008811871334247733
7.100342949678655 0.00880366818214517
7.076717985804662 0.008795517917999764
7.053173347975886 0.008787421921497353
7.029703580832342 0.008779380652533215
7.006314133318173 0.00877139411110735
6.98299961180035 0.008670909751882293
6.959765382645917 0.008568005423695875
6.936606113340493 0.008465473150790673
6.913527088973001 0.00836331385295724
6.890523037542018 0.008261522471347505
6.867593992662519 0.00816010222522842
6.844739982437839 0.008059051734914148
6.821966132528661 0.007958369620718853
6.799267289485514 0.007858054502956693
6.7766434660748 0.0077581073014182265
6.7540946698936235 0.00765852571662706
6.7316209034543855 0.007559308368897348
6.709222164268537 0.007460456637914934
6.686898444929506 0.0073619682242034214
6.664644862852278 0.007263843127762805
6.64247117407863 0.00716608088869781
6.620367648179726 0.007068678747636757
6.598339128585134 0.006971637164474925
6.57638558387055 0.006874957059002872
6.554502267484064 0.006778635211953642
6.532693912489122 0.006682671163431958
6.510955825449271 0.006587064913437815
6.489292667099287 0.006491814622390097
6.467699796607862 0.006396920750184085
6.446177247256134 0.006302380997343379
6.424729573128851 0.006208195363867981
6.403352211052243 0.006114363849757888
6.3820451795615005 0.006578374272338857
6.360808492237304 0.008154797793073295
6.3396421577861855 0.009726017138823565
6.318546180120135 0.011292049325715012
6.2975249069872135 0.012852911829768266
6.276569606950475 0.013584412983415117
6.255684647644447 0.013493029031983156
6.234870014582213 0.01340199046190619
6.214121454731284 0.013311298192974776
6.193447441264115 0.01322094854602668
6.172839506172839 0.013130942900747733
6.1522977010509505 0.013041279417556829
6.131826195000142 0.01295195809645396
6.111424947077874 0.012862977097858006
6.091089844243085 0.012774335042083135
6.070820918770819 0.011737263368322677
6.050622212285284 0.010061163064474186
6.030489679729421 0.00838737971304442
6.010423339422841 0.00672315712458265
5.990423205007784 0.0050645164690877285
5.970489285524903 0.004222225162894839
5.950621585488313 0.004135967480186678
5.930823961829425 0.004050041749891347
5.911088670867083 0.003964445672532447
5.891419586644565 0.003879180121911008
5.871816696304747 0.0037942431204773305
5.852279982828178 0.003709633472503685
5.832805694660297 0.0036253502122099842
5.81339758667508 0.0035413926497533106
5.794055629287172 0.0034577593134687674
5.774776132444998 0.003374449467523909
5.755559131743612 0.0032914620541595906
5.736408266214631 0.003208795785669031
5.71731990599021 0.0031264497882511977
5.698297633581968 0.003044422866178364
5.679337858951901 0.002962713777733275
5.660440595786199 0.0028813220630206507
5.641605853413512 0.0028002461124070135
5.622833636875924 0.002719484822143691
5.604123946999244 0.0026390372724401246
5.58547678046259 0.0025589021296000035
5.566888731811472 0.0024790787037804077
5.548366608323645 0.0023995654773269156
5.529903620813539 0.0023203615304489664
5.511503147660542 0.002241465713408363
5.4931651653822176 0.0021628767384983204
5.474886360089039 0.002084593823896864
5.456670031214307 0.0020066156359076835
5.438512900665443 0.00192894079484494
5.420418216171271 0.0018515685188866579
5.4023827351221225 0.0017744974743365254
5.384406475457261 0.0016977266494249286
5.366489450905743 0.0016212546184765004
5.34863167105446 0.001545080599669265
5.330836257402234 0.0014692031213383281
5.31309695877631 0.0013936213096826578
5.295419984287931 0.0013183336470478323
5.277799157751218 0.0012433392596328196
5.260237564325437 0.0011686369057203646
5.24273519013538 0.001094225297603685
5.225289023799129 0.0010201033315341095
5.207902077735933 0.0009462699037629668
5.190574326804707 0.000872723726583474
5.173302807821444 0.0007994637882260162
5.156087547200532 0.0007264887549942821
5.13893146288249 0.0006537973851710171
5.12183163887942 0.0005813887589656619
5.104790947056266 0.000509261528885047
5.087803664334386 0.0004373738996461609
5.0708754933261275 0.0003657882376478725
5.054000779158454 0.0002944893525490961
5.03718514140848 0.00022345889452817487
5.020425756325489 0.00015272208424224314
5.003719870693344 8.3513915277284e-05
4.987070254805386 8.140254984541187e-05
4.970476893277539 7.932570875218067e-05
4.953937076308013 7.725826791846493e-05
4.937453508353067 7.526812628334753e-05
4.921023508139384 7.332214839193193e-05
4.904649737020426 7.141362437208853e-05
4.8883295420192665 6.956073388422061e-05
4.872065542102766 6.773921745232829e-05
4.855852526906854 6.596508863004789e-05
4.839695693519903 6.423103048348072e-05
4.823592444519431 6.25366061121111e-05
4.807542781595756 6.087852726468975e-05
4.791544185445369 5.926889378602347e-05
4.775601702250659 5.7694345718239315e-05
4.759710304825 5.616934216892851e-05
4.743872498023387 5.4685921890905576e-05
4.728088265942523 5.3243359629314547e-05
4.712355154500144 5.18274712939414e-05
4.696675608546508 5.045608702477699e-05
4.681047199532716 4.912885546182768e-05
4.6654723330328745 4.78382186860682e-05
4.649948605831199 4.6568656151601984e-05
4.634476029798868 4.534556603514126e-05
4.619054613230148 4.416405827017784e-05
4.603686684795365 4.2984930463286444e-05
4.588367582579297 4.187889933192824e-05
4.573099643930037 4.080831232977028e-05
4.557882863409946 3.9767680146755005e-05
4.542717232289753 3.876622460302935e-05
4.52760273860392 3.779664854019162e-05
4.512537134420168 3.6845335838698096e-05
4.49752044596466 3.594742617707394e-05
4.482557102223437 3.5079040872610744e-05
4.467640468592781 3.423794023529679e-05
4.452774952750296 3.342901065247801e-05
4.437958363970007 3.2658154880068336e-05
4.423192856543537 3.1929783313799294e-05
4.408474131392832 3.121758672440972e-05
4.393804350444439 3.053685341068001e-05
4.37918561552767 2.9895782385655195e-05
4.364613702972724 2.9284172252242766e-05
4.350090722286774 2.8686829450089958e-05
4.335616663029883 2.8141248321553533e-05
4.3211894642577935 2.7605377881846268e-05
4.306811184108623 2.710594448524793e-05
4.2924797825143575 2.665405828192356e-05
4.278197284001466 2.621905161504704e-05
