data/xsec-infrared-dust-silicate_ism_10.ecsv
# %ECSV 0.9
# ---
# datatype:
# - {name: Wavelength, unit: micron, datatype: float64}
# - {name: Opacity, unit: cm2 / g, datatype: float64}
# schema: astropy-2.0
Wavelength Opacity
[from data line 1964]
43010.3875745254 6.965774603408454e-07
42867.27548852008 7.013006814405406e-07
42724.632249601804 7.060559296475084e-07
42582.47787065199 7.108432785449937e-07
42440.77255236108 7.156632754083791e-07
42299.55599380534 7.205158972429007e-07
42158.808347998776 7.254013831941039e-07
42018.52961868645 7.303200597876371e-07
41878.71977855709 7.352720465962733e-07
41739.37876975927 7.402576057603215e-07
41600.48752852051 7.452769948211386e-07
41462.06516545501 7.503303425494025e-07
41324.11153160207 7.554180444550542e-07
41186.60784930037 7.60540220110866e-07
41049.55428375954 7.656971270581945e-07
40912.96932155351 7.708889860467744e-07
40776.8344657251 7.761160592169145e-07
40641.14978803769 7.813785581204436e-07
40505.91532931265 7.866767908871993e-07
40371.131099936254 7.920108862878595e-07
40236.81483256059 7.973812352334121e-07
40102.9132216051 8.027879251039601e-07
39969.479445739016 8.082313468104915e-07
39836.47824565741 8.137115831341562e-07
39703.92711891414 8.192289468037446e-07
39571.825901322096 8.247838379281499e-07
39440.15734546983 8.303763806790974e-07
39308.92157352924 8.360067866084163e-07
39178.11867705116 8.416754190333768e-07
39047.74871746128 8.473824435162802e-07
38917.828333971294 8.531281359942938e-07
38788.32420404189 8.589128459878302e-07
38659.26940763147 8.647367850487184e-07
38530.63100668034 8.706002245151726e-07
38402.42541634209 8.76503449522267e-07
38274.63646439725 8.824465796427738e-07
38147.28029132476 8.88430047178256e-07
38020.35673266728 8.944541050711173e-07
37893.849853099004 9.00519043055384e-07
37767.75975066653 9.066251278703181e-07
37642.0864942505 9.127725526719374e-07
37516.83012404002 9.189616623817012e-07
37392.00598272096 9.251927651294469e-07
37267.5832912098 9.314661506492008e-07
37143.57743967529 9.377820258938388e-07
37019.988358187875 9.441407403837731e-07
36896.80102307709 9.505424918739745e-07
36774.03043776822 9.569878230408724e-07
36651.66172284512 9.634766511033167e-07
36529.70962886296 9.700096567063212e-07
36408.15941983279 9.765867570687355e-07
36287.01115984747 9.832085822470926e-07
36166.27922746924 9.898754357722774e-07
36045.93485250612 9.96587290050573e-07
35925.992455541586 1.0033447613416535e-06
35806.451992852846 1.0101480703952541e-06
35687.31339487308 1.0169974103673917e-06
35568.56269466183 1.0238932411533458e-06
35450.213828537584 1.0308358892787653e-06
35332.252961884944 1.0378255295038563e-06
35214.69379433692 1.0448625021511254e-06
35097.50911592376 1.0519473452980503e-06
34980.72608020252 1.0590801233299699e-06
34864.33111328079 1.0662612961421637e-06
34748.32421253325 1.0734911396717995e-06
34632.705349727665 1.0807700034392897e-06
34517.46140724511 1.088098315147245e-06
34402.6185221133 1.0954761805715788e-06
34288.137657849504 1.1029042481646363e-06
34174.04481296455 1.1103824489421247e-06
34060.33983405295 1.117911518736492e-06
33947.009908655746 1.1254916645006133e-06
33834.04253740479 1.133123212760138e-06
33721.46293467686 1.1408063198794609e-06
33609.25846625328 1.1485417308889345e-06
33497.42910904552 1.1563294595854176e-06
33385.97481555347 1.1641699750620956e-06
33274.883373722914 1.172063801599587e-06
33164.16699030821 1.180011040374853e-06
33053.813565618526 1.1880122064706074e-06
32943.823195702564 1.1960675988187815e-06
32834.207772130605 1.20417763592408e-06
32724.955362012643 1.212342704098538e-06
32616.0659874514 1.2205630424877004e-06
32507.539646188226 1.2288391293826579e-06
32399.376312005996 1.2371713832881156e-06
32291.56450151491 1.2455601951150609e-06
32184.115727304554 1.254005712029983e-06
32077.029892133953 1.2625087296517158e-06
31970.2956691467 1.271069261777118e-06
31863.913140090815 1.279687740707752e-06
31757.893420927547 1.2883648148959623e-06
31652.21435351567 1.2971007418831054e-06
31546.8979921368 1.305895687231482e-06
31441.933265186162 1.3147504649557371e-06
31337.309368996473 1.3236652130244545e-06
31233.037156012793 1.3326404833119696e-06
31129.105918830854 1.3416765517554506e-06
31025.526319818062 1.3507738322606488e-06
30922.29823200404 1.3599329686809557e-06
30819.40067755371 1.3691540529954271e-06
30716.854594089564 1.378437683067927e-06
30614.64951261612 1.3877842728042065e-06
30512.775217202783 1.3971942820995454e-06
30411.25216330042 1.4066680788701674e-06
30310.05994877866 1.4162060770218244e-06
30209.20870753942 1.4258087824393239e-06
30108.688403466986 1.4354765630388893e-06
30008.499117677737 1.4452100626739121e-06
29908.650716479442 1.4550093273339206e-06
29809.13329618087 1.4648750928513624e-06
29709.94687066628 1.474807819121516e-06
29611.081817497034 1.4848079200501339e-06
29512.557399011715 1.4948757175639122e-06
29414.35439846194 1.5050118095267134e-06
29316.482356427994 1.5152166558338178e-06
29218.9318173663 1.5254907623700327e-06
29121.712152311666 1.5358344970515823e-06
29024.813988178117 1.5462483657632736e-06
28928.228177743662 1.5567327364213299e-06
28831.97314074081 1.5672882988686718e-06
28736.03962548622 1.5779154210215226e-06
28640.418602328733 1.5886146087646892e-06
28545.128063397726 1.5993863219934523e-06
28450.141127673753 1.6102311125821463e-06
28355.47568486869 1.6211493944365236e-06
28261.12285903402 1.6321417194309194e-06
28167.09138646022 1.6432085934501416e-06
28073.363826177858 1.6543505223789978e-06
27979.957514643458 1.665567920123239e-06
27886.85520056214 1.6768614765257853e-06
27794.057008902328 1.6882316054923883e-06
27701.579870914287 1.6996786749392714e-06
27609.406815527385 1.7112035126779381e-06
27517.537904503282 1.7228064866246117e-06
27425.973178480835 1.7344881026641008e-06
27334.712657320713 1.746248958660268e-06
27243.764478850986 1.758089560497921e-06
27153.112291517242 1.7700104600513952e-06
27062.756217089598 1.7820121172159712e-06
26972.712310292663 1.7940951298555112e-06
26882.964483536103 1.8062601878129355e-06
26793.512796987143 1.818507704993995e-06
26704.357290245618 1.8308381872834988e-06
26615.497982679502 1.8432523245243643e-06
26526.934873757094 1.8557505766118724e-06
26438.675607886613 1.8683337713575262e-06
26350.697152188855 1.8810020467299096e-06
26263.02244192546 1.8937563685091093e-06
26175.628710187288 1.90659710461135e-06
26088.5310869735 1.9195248988900223e-06
26001.72945713692 1.9325404871775734e-06
25915.20895984251 1.9456441914007e-06
25828.977053559443 1.9588367473918487e-06
25743.03371490606 1.9721188449939393e-06
25657.371683601847 1.9854909900917794e-06
25572.005383580083 1.998953734559704e-06
25486.913224605938 2.0125077682406336e-06
25402.10954492622 2.0261536889984307e-06
25317.587200627167 2.0398921866760153e-06
25233.3392174234 2.0537238131477228e-06
25149.379593484544 2.067649258256472e-06
25065.694381574074 2.0816691658556555e-06
24982.290514454395 2.0957841338091365e-06
24899.167925503436 2.1099948059703053e-06
24816.31302513577 2.124301688223971e-06
24733.739396968653 2.1387056543711643e-06
24651.440257694052 2.153207302275748e-06
24569.4156035186 2.167807275791115e-06
24487.665412568833 2.182506310749711e-06
24406.18311381149 2.1973050050154016e-06
24324.975268274873 2.2122040484311042e-06
24244.035355884895 2.2272039468816276e-06
24163.363413011495 2.2423057581261143e-06
24082.959457710906 2.2575100340389006e-06
24002.8298073036 2.2728170965466813e-06
23922.9617675921 2.2882281873667117e-06
23843.355429396088 2.30374358243616e-06
23764.023249136077 2.3193641555560567e-06
23684.94658031703 2.33509087250649e-06
23606.13780290014 2.350924147193211e-06
23527.590743750487 2.3668646694591387e-06
23449.305404319253 2.382913405084361e-06
23371.28176873451 2.399070997922269e-06
23293.51385466022 2.415338091826254e-06
23216.007640917604 2.4317155605973484e-06
23138.75718995017 2.4482041400679984e-06
23061.762535661022 2.46480438211254e-06
22985.029487373355 2.481516746626252e-06
22908.546420074923 2.498343119179782e-06
22832.319147753646 2.5152833618045453e-06
22756.347636146962 2.53233844028063e-06
22680.626194183464 2.549509320388122e-06
22605.160470613664 2.5667964620223026e-06
22529.944816457533 2.5842009689318416e-06
22454.973715123695 2.601722795127211e-06
22380.258256401197 2.6193642400848093e-06
22305.78739796386 2.637125027867469e-06
22231.56663071101 2.655006032276221e-06
22157.59590084476 2.673008587007377e-06
22083.869791372814 2.691133151956215e-06
22010.38301203886 2.7093805549342395e-06
21937.14622743625 2.7277516697424814e-06
21864.154078995285 2.7462476921086674e-06
21791.401332859594 2.7648687600013825e-06
21718.893222347884 2.7836163910750486e-06
21646.62455069013 2.8024909072563613e-06
21574.59534622731 2.8214935042730484e-06
21502.810690857958 2.84062459603086e-06
21431.26040720335 2.859885792163277e-06
21359.949579276916 2.879277506576049e-06
21288.878171826924 2.898800337133041e-06
21218.04119789802 2.918456215394426e-06
21147.43869039848 2.9382452333392614e-06
21077.0706661949 2.958167896852354e-06
21006.937126375386 2.9782259075462378e-06
20937.03805651026 2.9984195873476096e-06
20867.37342691008 3.018751051774755e-06
20797.938449960664 3.0392198869219233e-06
20728.733160745418 3.0598275184644803e-06
20659.76225869194 3.080575142130152e-06
20591.016356311284 3.1014628498979977e-06
20522.504771707387 3.1224925733281887e-06
20454.218211520838 3.143664864295062e-06
20386.156726627003 3.1649809185263435e-06
20318.32487887538 3.186441195917314e-06
20250.713604504897 3.2080473520909797e-06
20183.331931713063 3.2297995710054517e-06
20116.175323937696 3.2516996462523217e-06
20049.239349006475 3.2737479917373407e-06
19982.528434020518 3.2959460791254037e-06
19916.038175900547 3.31829436831179e-06
19849.768593487184 3.3407945609090345e-06
19783.719690723196 3.3634466569171377e-06
19717.89145689922 3.386252863833441e-06
19652.2796321145 3.409213457595112e-06
19586.888468133508 3.4323300938251583e-06
19521.71373247675 3.4556029564816904e-06
19456.75959189447 3.4790342990515793e-06
19392.0177181804 3.5026242595034096e-06
19327.49227695025 3.526373849606795e-06
19263.179172278935 3.5502844030580467e-06
19199.082485952775 3.574357437511588e-06
19135.202162781403 3.598593964737034e-06
19071.53015779809 3.622994858535416e-06
19008.070509937344 3.647560302864845e-06
18944.823202422944 3.672292735170304e-06
18881.784295489986 3.69719358112716e-06
18818.95770624969 3.7222622428715486e-06
18756.339519360576 3.747501939670427e-06
18693.92974075086 3.772911521785597e-06
18631.72455610223 3.7984941165049595e-06
18569.731581860142 3.824250689608603e-06
18507.939439262198 3.850181103127941e-06
18446.35569185363 3.876287150654566e-06
18384.98027747209 3.902570717759123e-06
18323.805758014856 3.929032724232174e-06
18262.832192807447 3.9556734000213556e-06
18202.06325975402 3.982495228561179e-06
18141.498917477664 4.009499497558427e-06
18081.135527032387 4.0366858390968775e-06
18020.969532112795 4.064056874579622e-06
17961.008069455533 4.091613477807694e-06
17901.244018687958 4.119356936487874e-06
17841.677415038306 4.1472883543688345e-06
17782.31174732271 4.175409846968861e-06
17723.143510433918 4.20372104637173e-06
17664.169278523277 4.23222494189676e-06
17605.392500836355 4.260921717502063e-06
17546.81314664191 4.289813258758284e-06
17488.427819102926 4.318900577435039e-06
17430.23652945643 4.348185697071558e-06
17372.239275928114 4.3776683877202e-06
17314.432756780443 4.407352098595566e-06
17256.820275704195 4.437236231833787e-06
17199.40179273589 4.467323270869378e-06
17142.170811582168 4.497614181482423e-06
17085.130597277057 4.528111217159794e-06
17028.28113692157 4.558813550089987e-06
16971.622405221304 4.589724951414294e-06
16915.151227387116 4.620846386912802e-06
16858.867616481464 4.652178362470322e-06
16802.768477195677 4.683722349751745e-06
16746.860009655153 4.7154812001078065e-06
16691.136018483237 4.747454407653697e-06
16635.596528413673 4.779645329624961e-06
16580.244565879384 4.812054149979708e-06
16525.07408197959 4.844683122204807e-06
16470.08809871795 4.87753270619554e-06
16415.286591644726 4.910604695543498e-06
16360.663654534543 4.9439017116517725e-06
16306.225187539469 4.977424122436588e-06
16251.96823453016 5.011173721489536e-06
16197.88990514466 5.045152302402205e-06
16143.993089238049 5.079361336839492e-06
16090.274910815417 5.113802986309211e-06
16036.735377864698 5.148477204821832e-06
15983.374486433322 5.183386797738562e-06
15930.192220826002 5.21853314474524e-06
15877.185789709807 5.253917855475345e-06
15824.35520957901 5.289542585551883e-06
15771.700485031672 5.325408392733997e-06
15719.221608965749 5.361518220351477e-06
15666.918562773239 5.397872068404322e-06
15614.78596956692 5.434473110169963e-06
15562.82920631107 5.4713218515332074e-06
15511.04558223482 5.508420454001867e-06
15459.435086476213 5.5457707571570645e-06
15407.995093769983 5.583374370632274e-06
15356.725622797734 5.621232490155226e-06
15305.626680661022 5.659347921087124e-06
15254.698263071958 5.6977212153023044e-06
15203.940354541886 5.736355959983948e-06
15153.350410760475 5.775251281331024e-06
15102.928444577221 5.814410950484825e-06
15052.674457526042 5.853835473330158e-06
15002.588440012103 5.893527517259645e-06
14952.667919936332 5.933490209561189e-06
14902.915350133539 5.9737224464861185e-06
14853.3258502104 6.014227355322332e-06
14803.901867012264 6.0550081093472625e-06
14754.643384961102 6.096063604812236e-06
14705.548006600082 6.137398900565329e-06
14656.61809786989 6.1790138586379595e-06
14607.84893177702 6.220911192412276e-06
14559.242868285786 6.263092603500814e-06
14510.79757676045 6.305559885495162e-06
14462.513070971927 6.348315199903135e-06
14414.391632066334 6.391360846201131e-06
14366.428680684543 6.4346976062111285e-06
14318.624243974285 6.478328745189608e-06
14270.980571280497 6.522255780790994e-06
14223.495405280724 6.566479862753488e-06
14176.16653762521 6.611005314092715e-06
14128.99837485534 6.655831674913396e-06
14081.984324527975 6.700961658597683e-06
14035.126597765275 6.746397978527722e-06
13988.42733725224 6.7921423823055785e-06
13941.882224421193 6.838197169407651e-06
13895.491278750871 6.884564133425528e-06
13849.254509207934 6.931245389877496e-06
13803.17191441973 6.9782429623027865e-06
13757.243482845306 7.025559380125437e-06
13711.467131493422 7.073196574905621e-06
13665.84287007874 7.121156616172099e-06
13620.370698102244 7.1694434130347455e-06
13575.050605020058 7.218055861744889e-06
13529.880563199082 7.2669980553705205e-06
13484.860582510491 7.316272753283317e-06
13439.990662743328 7.365880599336667e-06
13395.27079377114 7.415826100504316e-06
13350.699001317942 7.4661100386082355e-06
13306.275294871875 7.516734529166712e-06
13261.99967397584 7.567702607488594e-06
13217.872128391919 7.619015055395853e-06
13173.890735288001 7.670677207673735e-06
13130.055503278483 7.722688972343181e-06
13086.36643117425 7.775052924817761e-06
13042.821642846357 7.827772146395848e-06
12999.423008066484 7.88084930447006e-06
12956.168656357231 7.93428600867388e-06
12913.056756990572 7.988084972389455e-06
12870.090966988357 8.042248679051295e-06
12827.265816250823 8.09678034792636e-06
12784.58493064713 8.151680760836622e-06
12742.044709767099 8.206953780902431e-06
12699.646944244929 8.262602213484995e-06
12657.38985468567 8.31862674842723e-06
12615.27344435143 8.375031478797125e-06
12573.29597373284 8.431819485893054e-06
12531.45918399315 8.488992379348497e-06
12489.763050569847 8.546552044734101e-06
12448.204141812344 8.604502897044548e-06
12406.782483255605 8.662846499923789e-06
12365.501444133288 8.721585796701615e-06
12324.355967941 8.780723454770646e-06
12283.347740227668 8.840261083764363e-06
12242.475106296095 8.900203098677448e-06
12201.739711204087 8.960551523049131e-06
12161.138282543247 9.021310174010234e-06
12120.674068960789 9.082479419476986e-06
12080.343823540086 9.144064410276508e-06
12040.14596564677 9.20606597422031e-06
12000.083684794117 9.268488756250714e-06
11960.15537186051 9.331333538189698e-06
11920.357893061058 9.394606114717783e-06
11880.694379689015 9.458307037709307e-06
11841.161721834753 9.522439388462639e-06
11801.761464660714 9.587007122077188e-06
11762.492069668517 9.652012630008405e-06
11723.353537264838 9.717459499439473e-06
