data/xsec-infrared-dust-pah1_ab08_10.ecsv
# %ECSV 0.9
# ---
# datatype:
# - {name: Wavelength, unit: micron, datatype: float64}
# - {name: Opacity, unit: cm2 / g, datatype: float64}
# schema: astropy-2.0
Wavelength Opacity
[from data line 4731]
4.249774929683 2.5461684111293306e-05
4.235633099429165 2.5125864898953317e-05
4.221540130784424 2.481885444671922e-05
4.207494045150287 2.4545230092309063e-05
4.193492912905015 2.4300225481044868e-05
4.179538683417817 2.4083156288750577e-05
4.1656332516193215 2.388269713427027e-05
4.15177089872638 2.3710587304511517e-05
4.137957319148125 2.357911704092685e-05
4.124188728664558 2.347756388507196e-05
4.110465145103476 2.3409041787885136e-05
4.096788423338397 2.3367103477441407e-05
4.083156709942756 2.3356348366432233e-05
4.069570013337659 2.3378020931484277e-05
4.056028338829578 2.3430506020375505e-05
4.042531688661231 2.3512203657428132e-05
4.029081842050273 2.3629743233097866e-05
4.015675223459998 2.3775886915474052e-05
4.002313618135396 2.3966781627824114e-05
3.9889952718159116 2.4204582439428363e-05
3.975721940099995 2.448006293118706e-05
3.9624936076549124 2.4810360640799943e-05
3.9493085462257476 2.5203717351573053e-05
3.9361684680104303 2.564900267794905e-05
3.9230699743193775 2.6189667066051068e-05
3.9100164589398974 2.681496184340384e-05
3.8970062275185047 2.755466890852493e-05
3.8840392816060505 2.8425994783406003e-05
3.871115619866633 2.947597111871257e-05
3.8582352381254568 3.07063809284437e-05
3.8453965080257895 3.218650835626457e-05
3.832601062790361 3.3937706340007877e-05
3.8198488897935903 3.6024090720186415e-05
3.807138384470883 3.8507260330447604e-05
3.794471139344048 4.14367987803636e-05
3.7818455655165346 4.492821842721154e-05
3.7692616710724045 4.9009343395303666e-05
3.7567194612073402 5.3815100981041514e-05
3.7442189382758118 5.944647912898135e-05
3.731760101837769 6.595659436423334e-05
3.7193429487048775 7.34530299895587e-05
3.706967472986287 8.202567115767314e-05
3.6946321693891626 9.178982281308271e-05
3.682338543384772 0.00010282484908419124
3.670086581044727 0.0001151190732298492
3.657874798806859 0.00012881686097728184
3.645703206979603 0.000143966142612531
3.633571813044762 0.0001604545749166913
3.621482059765573 0.00017839599116937412
3.609431063428627 0.00019776436129775296
3.597421690007175 0.00021821268051649696
3.58545108866797 0.00023974236530306743
3.5735206819468632 0.00026238513923385233
3.561630461313156 0.000285644209630949
3.549779034039734 0.00030951624685253307
3.5379677866481285 0.00033362719967187904
3.5261953396224883 0.0003582783040960902
3.5144630559412344 0.0003820351421490825
3.502768223900632 0.0004058127582708079
3.491113546554114 0.0004286810234561428
3.479496342904365 0.0004495155535328052
3.4679192750527696 0.00046939094900905827
3.456379692404947 0.0004876165575497817
3.444878915527943 0.0005038571062982274
3.433416935027855 0.0005179312953372642
3.421992455106986 0.0005296589882848179
3.410605487185548 0.0005395288974587287
3.399257307005489 0.0005457721598376678
3.3879466368685867 0.000549152587897837
3.376673480487678 0.0005507317303194646
3.3654378390346507 0.0005487937132153392
3.354239711182307 0.0005450101961404893
3.343077867688163 0.0024114013422431883
3.3319547614071956 0.005138975538397265
3.3208679408798116 0.006426898150185016
3.3098174192932595 0.006414646034051159
3.298804400431449 0.006401893827790246
3.2878276832206867 0.006386638549490949
3.2768884506928897 0.005940897144966147
3.265984343329442 0.00324285089315623
3.255116547092292 0.0005530091133483263
3.244286214344868 0.0004124072794664142
3.2334910251123836 0.0003952880042082478
3.22273213477381 0.00037861016863212913
3.2120084033465464 0.0003623764079380107
3.2013209661249697 0.0003467892784028475
3.1906686934876425 0.0003320493955455152
3.1800515921528043 0.0003182741844277587
3.169470767887701 0.00030553858958434483
3.1589240122907083 0.0002939453516207404
3.1484135206409234 0.0002834796803047529
3.1379371091341497 0.00027419066485852886
3.127495866870183 0.000266071360863346
3.117088721163084 0.00025925387323827485
3.1067178003347897 0.00025371918071455044
3.0963799176675297 0.0002492435074470157
3.086077189828939 0.0002458969460752374
3.0758085632938674 0.00024355853494277018
3.0655740405038974 0.00024225802007629978
3.0553736216060483 0.00024184844193922395
3.045207304490679 0.0002424391038426497
3.0350740747766376 0.00024392812978423593
3.0249749494262 0.00024595763385633595
3.0149099196486833 0.00024883101357386705
3.0048779844912716 0.00025252699878014706
2.994879150715323 0.0002565388584602805
2.98491439972455 0.0002612853548600772
2.9749817733435764 0.0002666132232786514
2.965083219026991 0.0002723207996358902
2.9552168001482793 0.00027845181997288536
2.9453834827932446 0.00028503132558761204
2.9355832604802257 0.0002920143939091572
2.9258151860074175 0.00029941100006613565
2.916080199879392 0.00030707105723404385
2.9063764369354557 0.00031506120883785125
2.89670575948957 0.00032337708127344887
2.8870672366936114 0.0003320359160148696
2.8774608679519957 0.0003409908175404504
2.8678866505536718 0.0003502917902639446
2.8583436838596668 0.0003598324604071762
2.8488328687840703 0.00036961478712403624
2.839353312376498 0.00037967039281395153
2.8299058994229105 0.00039001981180115697
2.8204897446436212 0.0004006274987794908
2.811104850512102 0.0004115777203610376
2.801751217394697 0.0004228510229754695
2.7924279885792145 0.0004344837015582541
2.783136876014304 0.00044626133913317444
2.7738761695446645 0.00045834152801569776
2.7646458782676704 0.0004707160406792717
2.755446841629484 0.0004834312161722704
2.746278220869426 0.0004964674905494991
2.737140840302238 0.0005097839561258357
2.728033052274139 0.0005234786303822253
2.7189556825130303 0.0005375350766613744
2.70990872777808 0.0005519277661763112
2.700891383001502 0.0005665932379774012
2.6919044515598882 0.0005816267731686758
2.6829471350566765 0.0005970461788953619
2.674020222277931 0.0006128521771930485
2.6651221426646896 0.0006289945428982483
2.6562544598570637 0.0006455049214051522
2.647415620158561 0.0006624659972860824
2.6386071626032983 0.0006797507934543366
2.629826791879487 0.0006974290760238326
2.6210767912272104 0.0007157007614726208
2.6123548918493666 0.0007342642044867996
2.6036625995858116 0.0007532811042466822
2.5949991634542173 0.0007727589110557994
2.5863645838207585 0.0007926922901289068
2.5777588591381977 0.0008130105555615274
2.569181262217344 0.0008338316245033552
2.560632521156103 0.0008551732489121839
2.552111914584844 0.0008770007986734583
2.543620157185685 0.0008996083768184937
2.5351565334069424 0.0009224330715250375
2.526721044732659 0.0009458402695927467
2.5183136907626764 0.000969732381243286
2.50993377847963 0.0009946543823830041
2.5015826899255345 0.0010196111516058612
2.493258360617016 0.001045215545361478
2.484962841358828 0.0010715152088008224
2.476694091346561 0.001098280516210781
2.4684527943589356 0.0011256506778924943
2.460239614389812 0.0011536040327782926
2.4520532181585297 0.0011820618467963048
2.443894270488181 0.001211374560149601
2.4357621157798923 0.0012411308425000895
2.4276574064313756 0.0012715041663472423
2.419579491941368 0.0013027714806284469
2.4115283748572787 0.0013347092302482795
2.403504689337795 0.001366993005076498
2.3955071632756146 0.0014006598689686421
2.387536431528361 0.001434656155849577
2.379591868684101 0.0014692694382376491
2.3716740976521207 0.0015046641746848492
2.363782497797561 0.0015411361238455014
2.3559170717190754 0.001578378535568099
2.3480778202422847 0.0016161384214593236
2.3402647424489893 0.0016547224856811532
2.3324778357060927 0.001694079403920383
2.324716503116573 0.001734397135377792
2.316981339154241 0.001775449273607225
2.3092717514028442 0.001817584143293465
2.3015877422282296 0.0018605932279167322
2.29392931226641 0.001904769618738728
2.286296460452085 0.0019496622504692022
2.2786891840468773 0.0019955316077945318
2.271106913105009 0.0020423503269455783
2.2635502147022057 0.0020899440616218394
2.2560185230994527 0.002138466830752458
2.2485112858254785 0.002187995942733939
2.2410296155012412 0.0022385440446864714
2.233572952607109 0.002290402434280166
2.2261407506780944 0.002343302808608894
2.218733555644597 0.0023970477346291134
2.21135082498904 0.002451892684168654
2.203992561525105 0.002508036699904534
2.19665929549379 0.0025651473235391168
2.189349964711136 0.0026239899587862728
2.1820650997110436 0.002683774045660336
2.174804178199448 0.0027448148423754866
2.167567720448411 0.0028067645761212763
2.1603557196246763 0.0028702322402269762
2.1531671506964387 0.0029349082331903463
2.1460025290828053 0.0030007383333579205
2.1388618534457486 0.0030681423791304625
2.131745120886544 0.0031365758085073756
2.1246518319996794 0.00320720339826335
2.1175819907081803 0.003278691176150325
2.110536087737207 0.0033515255274160238
2.103513628900063 0.0034260042342539993
2.096514131470746 0.0035013968909811616
2.089538081487861 0.0035782650297339264
2.0825854750624093 0.0036570560366403055
2.0756558344136455 0.003737478843977829
2.0687491621225638 0.0038191284219737352
2.0618654592093155 0.0039025285453619823
2.055004725158891 0.003987395872660798
2.048166957946551 0.004073738681985216
2.041351697142197 0.004161709934505237
2.0345594007687153 0.004252146915566934
2.0277896114915195 0.004343516932171921
2.021042330421363 0.004437236507770956
2.0143175571628866 0.004532797780006751
2.0076148478967593 0.004629500696284671
2.0009346471048977 0.004728244351876375
1.9942769499633293 0.004828847226114993
1.9876408838550819 0.0049316546543659925
1.981027319061827 0.005036101471320249
1.9744353915811979 0.005143432889436859
1.967865957256743 0.005252031916912684
1.9613177388501128 0.00536229663910176
1.9547915864226864 0.005474754371931699
1.9482874937460397 0.005589167579490579
1.9418046263495223 0.0057065172184098244
1.9353434024949803 0.005825728053525688
1.9289038200332733 0.0059470143960384724
1.9224854701625829 0.006069461054341735
1.9160883560445128 0.006195403836560659
1.9097128792753646 0.006323188499374459
1.9033582376906255 0.006454395702859182
1.8970252273154162 0.006587073191552848
1.8907130538187742 0.006722034060309822
1.8844217211836898 0.006859224041487108
1.8781516187319267 0.007000830397034575
1.87190197144939 0.007143582351723572
1.865673550088323 0.0072884208512962005
1.8594655871435897 0.007436968406298958
1.8532784638272355 0.00758683678054478
1.8471118017076873 0.007741541873446351
1.8409656026073884 0.007897615154804792
1.834839866966062 0.008055837066909611
1.828734593863513 0.00821744932701578
1.822649781042204 0.00838205918455451
1.8165850630894815 0.008549885089783611
1.8105404423515588 0.008720382526692019
1.8045159198074707 0.00889277243267606
1.7985114950915624 0.009069863388208366
1.7925271665157496 0.009247725588124589
1.7865625811127817 0.009430710101665213
1.7806180892445005 0.009615302409103382
1.7746929946523753 0.009804663370695922
1.7687879903950159 0.009999523300146862
1.7629023868190572 0.010201918153859083
1.7570365267086892 0.010400952092867845
1.7511900699842373 0.010602734825962891
1.745363018283826 0.010807286128641241
1.7395557037399303 0.011015988446113435
1.7337674595801205 0.01122839016121488
1.7279982901911655 0.011445661247536933
1.722248523861168 0.011665181221776323
1.7165178327757786 0.011888388176472416
1.7108062174299639 0.01211578385737528
1.7051136770496 0.012347098765851055
1.6994402096125332 0.012581736417722079
1.6937854972959792 0.01282077894658129
1.688149541913588 0.013063274829095164
1.6825323440092348 0.01331189513704772
1.676933902877946 0.013564395581474422
1.6713539102900792 0.013826299964578773
1.6657926734712107 0.014087739393555426
1.6602498858123091 0.014351322854325669
1.6547255478012473 0.0146202949080872
1.6492193604609424 0.014893080413507332
1.64373192030063 0.015171188286998495
1.638262335378886 0.015454051477680922
1.6328111977905486 0.01573981890705414
1.62737821161841 0.016033344769794525
1.6219630875347868 0.01632845865093544
1.6165664023261541 0.016628040874613132
1.611187293102882 0.016935728292698824
1.605826049597487 0.01724755614798693
1.6004829527506546 0.017562360905420002
1.5951574378413322 0.017881505234711565
1.5898497853441302 0.018213090191212103
1.5845594412204027 0.018543048038213345
1.5792869588647698 0.018878835977674317
1.5740320608929492 0.01921932910574107
1.568794745913737 0.019565489523338562
1.5635744752638918 0.019919518749170338
1.5583717885494535 0.02027657638541841
1.5531866809473556 0.02064262497438303
1.5480183582756093 0.02101093394864697
1.5428676123159408 0.0213867415154451
1.537733657111698 0.021766554770128715
1.5326170141326785 0.022154732140262756
1.5275174224081447 0.02254623823243068
1.5224346267072093 0.022943779530353044
1.5173688823579914 0.023344868920357666
1.512319935262094 0.023755729705368354
1.5072877860272769 0.024171916077717025
1.50227243414092 0.024595968498928304
1.4972738779885966 0.025028812738200054
1.4922916265095136 0.025465811671427887
1.4873261707923389 0.02591264270583869
1.482377265013946 0.02636185001915928
1.4774446687251532 0.026822405708399753
1.4725286222750955 0.027285281109430615
1.467628886219335 0.027759990995691916
1.4627454609580886 0.028237480948918522
1.4578783458068254 0.02872228507667218
1.4530273075133142 0.029221509220918283
1.4481925778542453 0.02971932930487572
1.443373924532118 0.03022484619623286
1.4385711203061884 0.030738440228385944
1.433784393728514 0.03126166768696121
1.4290135184365464 0.0317953149928868
1.4242587178454464 0.03233378062165694
1.4195195455545144 0.03288031695268913
1.4147962243556549 0.03343569063141448
1.410088534078454 0.03399639449643062
1.4053966924790164 0.03456558388925099
1.4007202651047406 0.03514317005008665
1.3960594690718486 0.035730171646981945
1.3914140901730923 0.03632298172125883
1.386784340589368 0.036928506060436066
1.38217000691085 0.03754899953106962
1.3775708803267017 0.03816881143689877
1.372987169946756 0.03880091726334269
1.3684186676913803 0.039438625534082936
1.3638653739256759 0.04008526405136282
1.3593270853970412 0.04074919831031861
1.354804005763265 0.04141491420358765
1.3502961323787688 0.04209004415323049
1.3458030644467016 0.042775214996513246
1.3413250026069063 0.04347790417078725
1.3368619452572625 0.04419012099556911
1.3324135005044762 0.04491477844755996
1.3279800593310038 0.045638993940187084
1.3235612330656363 0.0463733119524216
1.3191572147557569 0.04711925611732488
1.3147678122926754 0.04787986772238105
1.31039302595038 0.04864527603520364
1.306032855032215 0.04942176782426506
1.301687112098668 0.050210322666510876
1.2973557982628803 0.05101331822053672
1.2930389136658333 0.05182186471058756
1.2887364574923985 0.05264147628106605
1.2844482470872811 0.05347985617790577
1.2801744630741958 0.054339533825144656
1.275914744831741 0.05519568867454167
1.271669272287259 0.056061013835814265
1.2674378674023734 0.05694028762091772
1.263220530879509 0.05784067059935567
1.2590172624795601 0.058744958088717596
1.2548280610374787 0.059654249238721764
1.250652581466234 0.060583067542298565
1.246491168364054 0.06152348440482735
1.2423436485998296 0.06247647940325372
1.2382098526747505 0.06343875968737557
1.2340897816554177 0.0644130432382955
1.2299834356835997 0.06540083851253063
1.2258908139915006 0.0664101844795687
1.2218117512300175 0.06743773310177409
1.217746248119804 0.06847296197514913
1.2136943044733153 0.06952541392674587
1.2096557587638699 0.0705841802405318
1.2056307716103036 0.0716599810754748
1.2016190235264357 0.07274782656779102
1.1976208316688768 0.07386641605954977
1.193635879019245 0.07498152414404181
1.1896640112287586 0.07611557531510135
1.1857055396500842 0.07726287606916674
1.1817601540020075 0.07841852852150998
1.1778280076651808 0.07958451941973906
1.1739087957819605 0.08079055799891734
1.1700028210923286 0.08199200222425224
1.1661096319504833 0.08321031080949076
1.1622295283527295 0.08444266919552165
1.1583623601328257 0.08570706848568359
1.1545079802199363 0.08697134360412004
1.1506663897665383 0.08825979081845324
1.1468377332752202 0.08956136804301958
1.1430215775402277 0.0908787748631104
1.1392183538069942 0.09221195609129215
1.1354276329222222 0.0935582627307542
1.1316495579121661 0.09492140153745032
1.1278841277145741 0.09630153807368115
1.1241312018885403 0.09770650435605861
