data/xsec-infrared-dust-graphite_ism_10.ecsv
# %ECSV 1.0
# ---
# datatype:
# - {name: Wavelength, unit: micron, datatype: float64}
# - {name: Opacity, unit: cm2 / g, datatype: float64}
# schema: astropy-2.0
Wavelength Opacity
[from data line 391]
8137226.472753229 1.887161286241262e-11
8110155.835932971 1.8998236289645384e-11
8083164.417059378 1.912570730387848e-11
8056273.779037258 1.9254034643122228e-11
8029462.492637458 1.938322244643415e-11
8002744.801067734 1.9513277612243427e-11
7976120.614336202 1.964420519939814e-11
7949575.979031251 1.977601164643221e-11
7923124.838735742 1.9908701552298425e-11
7896767.0877987165 2.0042282735216538e-11
7870489.0318004005 2.0176758874348795e-11
7844297.574116571 2.0312138247810224e-11
7818199.430951669 2.0448426834239456e-11
7792181.161376757 2.058562785290345e-11
7766256.128061477 2.0723751881393646e-11
7740411.05656611 2.086280121918643e-11
7714659.121188668 2.1002783224606283e-11
7688987.212000215 2.1143705255977675e-11
7663401.878205689 2.1285573291939247e-11
7637903.094104495 2.142839147154851e-11
7612490.828701427 2.1572170372396898e-11
7587158.733842971 2.171690861479857e-11
7561913.1640305 2.186262275498359e-11
7536754.072078475 2.2009315552323645e-11
7511675.218884616 2.2156990226085685e-11
7486682.816667392 2.23056536746989e-11
7461770.6978228325 2.245531785544057e-11
7436938.916800061 2.2605985987577656e-11
7412193.546027528 2.2757664969539336e-11
7387528.523393435 2.2910363539335932e-11
7362949.83021619 2.3064083536548563e-11
7338451.4740873 2.321883323929226e-11
7314033.480950632 2.3374624144949013e-11
7289695.871010751 2.353146223215746e-11
7265438.658825516 2.3689349340498715e-11
7241261.853397797 2.3848295587668933e-11
7217171.169616976 2.4008312471050105e-11
7193155.144998863 2.4169397691165837e-11
7169219.521973423 2.4331565504769782e-11
7145364.288221431 2.449482281029115e-11
7121589.426313804 2.465917466657801e-11
7097894.913797935 2.482462981164068e-11
7074275.235847959 2.4991196523594178e-11
7050735.9205617085 2.5158877101914928e-11
7027276.930189551 2.5327685343461294e-11
7003892.8435113765 2.549762630708136e-11
6980589.0637438 2.566870505162321e-11
6957360.231057595 2.584093767342162e-11
6934211.666811129 2.6014319573523798e-11
6911138.071959195 2.6188866848264535e-11
6888139.484824569 2.6364585016387175e-11
6865221.106038309 2.654148189611148e-11
6842377.726259875 2.6719566225447763e-11
6819609.367989711 2.6898847202301606e-11
6796916.048398216 2.7079331725102228e-11
6774302.811335666 2.7261021633430718e-11
6751759.566288288 2.744393532309828e-11
6729296.345814997 2.7628072334209626e-11
6706903.1830580095 2.7813451982366504e-11
6684585.068308105 2.8000065529558597e-11
6662346.855511084 2.818794056950269e-11
6640178.760601898 2.8377067904293178e-11
6618080.858144484 2.8567473288065732e-11
6596062.758065531 2.8759149822391152e-11
6574114.8552649515 2.8952114063499502e-11
6552237.2082296675 2.91463747494011e-11
6530434.545998748 2.934193693894403e-11
6508706.82272338 2.9538811209719696e-11
6487049.37412777 2.973700675963371e-11
6465462.238014082 2.993652956732472e-11
6443950.000035329 3.013739434944164e-11
6422508.073909547 3.0339606164832566e-11
6401136.48247724 3.054317513119366e-11
6379839.706527374 3.074811090632577e-11
6358608.803326557 3.09544203886581e-11
6337452.677573756 3.1162111396410414e-11
6316366.8701017 3.137120048581276e-11
6295347.03445667 3.158169363550379e-11
6274401.885072497 3.179359498454102e-11
6253522.74924608 3.2006916490201705e-11
6232713.957383818 3.222167194934423e-11
6211975.489942322 3.243786734060726e-11
6191307.323053863 3.265551876032556e-11
6170705.253421798 3.287462528870857e-11
6150173.479399953 3.309520486167221e-11
6129707.844144112 3.3317261158378685e-11
6109312.481285207 3.3540805676210025e-11
6088983.279999092 3.376585957034907e-11
6068724.31023159 3.399240904393743e-11
6048531.5067475615 3.42204927281786e-11
6028404.891997689 3.4450099585585874e-11
6008344.483687542 3.468125169113266e-11
5988354.226911348 3.4913949044818976e-11
5968426.239871836 3.5148208202874875e-11
5948568.36483509 3.5384043881949306e-11
5928772.815536505 3.562145884141394e-11
5909047.321620634 3.5860466418231905e-11
5889384.191265501 3.6101076270204064e-11
5869787.265264826 3.634329805513128e-11
5850256.526050962 3.658715614746338e-11
5830791.951972688 3.683264042950422e-11
5811389.814264923 3.7079780334551685e-11
5792053.835616177 3.732856528501434e-11
5772780.327985072 3.757903483188624e-11
5753572.956188309 3.783117471841372e-11
5734428.072540516 3.808500839925605e-11
5715345.703213127 3.834054967127159e-11
5696329.427725011 3.859780175372731e-11
5677375.658002858 3.885677200494769e-11
5658484.407214816 3.911749583686926e-11
5639655.684179281 3.937995807294779e-11
5620889.493435824 3.96441830876331e-11
5602185.835315394 3.991018605746941e-11
5583544.7060098415 4.017796882203785e-11
5564966.097640747 4.044754885735904e-11
5546449.9983275505 4.071893766081497e-11
5527993.041517532 4.099214489020652e-11
5509601.931260467 4.1267193080402374e-11
5491266.65819695 4.154407855224031e-11
5472997.180086212 4.1822827059855986e-11
5454783.61196392 4.210344596157386e-11
5436635.771632684 4.2385941695927875e-11
5418543.897038161 4.267034047694894e-11
5400514.470062674 4.2956643684322915e-11
5382544.26729526 4.324486787427985e-11
5364636.457645843 4.353502868325927e-11
5346784.7180450475 4.382712887063285e-11
5328995.34414091 4.412120200875598e-11
5311262.088653816 4.4417237979932536e-11
5293588.083390265 4.4715265297669825e-11
5275976.373807554 4.501528304217732e-11
5258420.82473026 4.531732938476321e-11
5240921.48272105 4.5621385929616305e-11
5223484.373362292 4.592748762877788e-11
5206103.471306493 4.623565241816382e-11
5188781.762797573 4.654588121756469e-11
5171516.286306936 4.685818552436247e-11
5154307.067843567 4.7172593852064527e-11
5137157.022949911 4.748910114182275e-11
5120063.2372722635 4.780773452745866e-11
5103025.724956986 4.8128505506354226e-11
5086047.33258567 4.845143109463482e-11
5069122.374839367 4.877652692873993e-11
5052256.508381096 4.910379760762236e-11
5035444.115680495 4.943327164478944e-11
5018690.771056902 4.976494904024117e-11
5001990.9240191 5.009885922727546e-11
4985347.342596678 5.0435004965263986e-11
4968760.011070747 5.0773402810436786e-11
4952226.221169029 5.111407989661539e-11
4935748.6751411455 5.1457040362857296e-11
4919324.693229942 5.180229754612562e-11
4902954.298767326 5.2149879500032416e-11
4886640.129495963 5.2499784384996577e-11
4870382.148767746 5.285203565567734e-11
4854175.149497418 5.3206664584953737e-11
4838024.324864847 5.35636569160721e-11
4821924.529479036 5.392305357971231e-11
4805880.8805512 5.428485457587437e-11
4789890.80939701 5.464908657848449e-11
4773951.811353525 5.501576798335387e-11
4758066.409459787 5.5384903849330564e-11
4742234.590857471 5.5756519470654973e-11
4726456.339359566 5.613062588481379e-11
4710729.202285531 5.650724102772293e-11
4695053.20545491 5.688639111341333e-11
4679430.771875185 5.726808212052363e-11
4663861.871957559 5.7652330605283885e-11
4648341.734667353 5.8039151284343066e-11
4632875.125727697 5.84285763503707e-11
4617459.66810996 5.882061500127242e-11
4602095.36631569 5.921528057401133e-11
4586782.221390701 5.961260158209476e-11
4571520.2309820745 6.001257710573214e-11
4556309.389394591 6.041523979748834e-11
4541147.426459054 6.082060851306982e-11
4526036.621194556 6.122869199048688e-11
4510976.957909914 6.16395141442941e-11
4495968.4177937815 6.205309520988373e-11
4481008.777274211 6.246945174348585e-11
4466098.055337502 6.288860398049279e-11
4451236.267423637 6.331056111881012e-11
4436425.583582113 6.373534937246878e-11
4421663.825553726 6.416300507319588e-11
4406950.998763928 6.45935121246566e-11
4392287.105314234 6.502690777836862e-11
4377672.144036935 6.546322330721094e-11
4363106.110549244 6.590245595181188e-11
4348588.997306926 6.634463882463157e-11
4334118.733943088 6.678979308085288e-11
4319697.393829938 6.723792745848612e-11
4305322.927544059 6.768907277051504e-11
4290997.374587133 6.814324787264607e-11
4276720.711848908 6.860046472215651e-11
4262488.9289795505 6.906074953307727e-11
4248306.034551025 6.952412621996292e-11
4234170.030711661 6.999061179893881e-11
4220080.92190259 7.046021914707274e-11
4206038.70939178 7.093298919504462e-11
4192045.31821623 7.140893022096947e-11
4178094.9627842605 7.188805556181038e-11
4164193.4158257614 7.237039695034169e-11
4150336.8508044914 7.285598198028013e-11
4136527.1677307338 7.334481800995021e-11
4122764.3496610476 7.383694183097428e-11
4109044.6741464497 7.433235850220043e-11
4095371.87054314 7.483110481525102e-11
4081745.913107149 7.533319410708914e-11
4068163.1440477693 7.583865719069857e-11
4054627.2099274346 7.634751016241405e-11
4041136.285991925 7.68597737175232e-11
4027688.592543653 7.737548004869558e-11
4014287.695019774 7.789464479237069e-11
4000930.040755088 7.841728496467387e-11
3987617.3986043343 7.894344379576142e-11
3974349.7558520343 7.947312588458614e-11
3961125.376567511 8.00063611243412e-11
3947944.2768443977 8.05431803280103e-11
3934808.1673156363 8.108360005182357e-11
3921715.33764808 8.162764145096382e-11
3908665.794931335 8.217533625820536e-11
3895659.5432766336 8.27267051688358e-11
3882698.236863325 8.328176933803796e-11
3869778.557013889 8.384056509753894e-11
3856902.163248459 8.440311314262635e-11
3844069.0482472815 8.496942635036798e-11
3831277.592445326 8.553954427175792e-11
3818529.4139813446 8.611348898176954e-11
3805822.9090508474 8.669128209548103e-11
3793159.6687307223 8.727294936702804e-11
3780538.104880915 8.785851747033677e-11
3767958.2252420983 8.844801767828623e-11
3755421.581073664 8.904147528511682e-11
3742925.071318729 8.963891742465004e-11
3730471.7778765843 9.024036617185929e-11
3718058.635252333 9.084584682098495e-11
3705687.173365211 9.145539064490605e-11
3693355.887642606 9.206902799671103e-11
3681066.2821997437 9.268678003158278e-11
3668818.342804409 9.330867204376165e-11
3656610.5866093477 9.393473898528891e-11
3644443.0236089574 9.456501028946242e-11
3632317.107655985 9.51995158494754e-11
3620231.3772439878 9.583827590072014e-11
3608184.4067088496 9.648131987649451e-11
3596179.059749017 9.7128678129887e-11
3584212.487207663 9.778037595513798e-11
3572286.110348388 9.843644692460284e-11
3560399.9203594755 9.909692231116063e-11
3548553.905918964 9.976183016842338e-11
3536745.3101283545 1.0043120222916538e-10
3524976.896327415 1.0110505734909313e-10
3513248.6455501937 1.017834447370015e-10
3501557.847693752 1.0246637543037723e-10
3489907.2036735862 1.0315388484115686e-10
3478295.360671006 1.0384601619949666e-10
3466720.998902205 1.0454278974078891e-10
3455185.4491229625 1.0524424087697019e-10
3443688.7041346543 1.0595038984343274e-10
3432230.7542929235 1.0666128446928571e-10
3420810.3044408644 1.0737694223054967e-10
3409427.365738844 1.0809741095633376e-10
3398083.2127982546 1.088227021440199e-10
3386775.310853612 1.0955286914146058e-10
3375506.1871325853 1.1028793218404808e-10
3364274.5764500047 1.1102793312225285e-10
3353080.4772404153 1.1177288069408521e-10
3341923.8854848742 1.1252284664320876e-10
3330803.5782764405 1.1327784108731965e-10
3319720.779450055 1.1403788840086772e-10
3308674.277343091 1.1480304423118181e-10
3297665.2746806922 1.1557334720946539e-10
3286692.570993641 1.1634879871540431e-10
3275756.171675485 1.1712946359423298e-10
3264856.0796309854 1.1791536162144843e-10
3253992.2953169276 1.1870654016626448e-10
3243164.816782525 1.1950301440522533e-10
3232373.6397094266 1.2030483584660232e-10
3221618.7574513187 1.2111204266170363e-10
3210899.0306042335 1.2192466336403662e-10
3200214.4705136376 1.2274274578271038e-10
3189566.201509938 1.2356630417447856e-10
3178953.0996361286 1.24395390967403e-10
3168375.168971324 1.25230044332792e-10
3157832.4112024102 1.260702927841528e-10
3147325.911809996 1.2691618369069926e-10
3136852.4093743735 1.277677552237396e-10
3126415.157080079 1.2862503175772358e-10
3116011.9966461873 1.2948806480092257e-10
3105643.9971681433 1.3035687918768166e-10
3095310.0961073427 1.3123153056532965e-10
3085011.343843796 1.3211205848486064e-10
3074745.650768906 1.329984859410385e-10
3064515.0992892813 1.3389085616401967e-10
3054317.622910329 1.3478922664071406e-10
3044155.2719462067 1.3569361530703747e-10
3034026.0028004856 1.3660406999209906e-10
3023929.8289125497 1.375206412843796e-10
3013868.7532860916 1.3844336137654865e-10
3003839.7767672758 1.39372257862323e-10
2993844.8912597457 1.4030740892390013e-10
2983883.1050706385 1.412488283581385e-10
2973954.420235412 1.4219655295666045e-10
2964058.836567906 1.4315064710480506e-10
2954196.3516970756 1.4411113839628923e-10
2944366.0105228797 1.4507807741959365e-10
2934568.7696241247 1.4605150096634066e-10
2924804.6201650524 1.470314550260583e-10
2915072.6195091875 1.4801799478618008e-10
2905372.7733439696 1.4901114324146997e-10
2895705.0851375395 1.5001095557936154e-10
2886070.469486451 1.5101747778938275e-10
2876467.092837976 1.5203076505896713e-10
2866895.87163851 1.5305084498183151e-10
2857356.800838158 1.5407774975064545e-10
2847848.984064224 1.5511156214655925e-10
2838372.429942464 1.5615230976328968e-10
2828928.022393198 1.5720004318931757e-10
2819514.876496283 1.582547992162652e-10
2810133.860356684 1.5931664682842458e-10
2800783.236575281 1.6038559522370128e-10
2791463.874876305 1.6146173178219843e-10
2782174.9225368677 1.6254509789449112e-10
2772918.076689428 1.6363570735743787e-10
2763690.7999703023 1.6473365674904733e-10
2754494.7797491476 1.658389644651307e-10
2745330.004018658 1.669516810941687e-10
2736194.8170709754 1.6807188021940614e-10
2727090.051384118 1.6919958483560693e-10
2718016.5155266696 1.7033485472915745e-10
2708972.580563716 1.7147774968644408e-10
2699958.2572243125 1.7262830190013636e-10
2690974.348109989 1.7378658495347901e-10
2682020.05515786 1.7495263103914164e-10
2673096.1663932023 1.7612650914141618e-10
2664201.890414832 1.77308256051925e-10
2655336.4547123923 1.7849793615600727e-10
2646501.409291019 1.7969559544319087e-10
2637695.209690985 1.8090129369986225e-10
2628918.6237265095 1.8211508611345494e-10
2620170.891452813 1.8333701407454405e-10
2611452.7666366296 1.8456714656742158e-10
2602763.495557037 1.8580552038370988e-10
2594103.0803267434 1.8705221830455928e-10
2585470.7881490183 1.8830728172054498e-10
2576868.0880882014 1.8957075662119488e-10
2568293.5153968073 1.9084271658975372e-10
2559747.7974801646 1.921232076157495e-10
2551230.926961224 1.9341228948556862e-10
2542741.476797484 1.9471002198559733e-10
2534280.872792994 1.9601646490222206e-10
2525848.4025670597 1.973316596260179e-10
2517443.370635845 1.9865569353708804e-10
2509067.168993653 1.999886080260076e-10
2500718.4081391804 2.0133046287916293e-10
2492397.0957014896 2.0268132708084604e-10
2484103.9139889916 2.0404125121953762e-10
2475838.1811710875 2.0541029968057685e-10
2467600.566898762 2.0678854604720846e-10
2459389.731562465 2.081760271110548e-10
2451206.345614182 2.0957279346059666e-10
2443049.7511544884 2.1097896926755955e-10
2434920.6061030007 2.1239457752670739e-10
2426818.903429106 2.1381968262337936e-10
2418743.9929219913 2.1525433054710345e-10
2410695.8769699247 2.166986132769355e-10
2402673.9231634364 2.1815259059926198e-10
2394679.4004794084 2.1961629470675238e-10
2386711.668743263 2.2108988196380175e-10
2378769.4823698495 2.2257332017774063e-10
2370854.708720222 2.2406669672867207e-10
2362965.4905990507 2.2557009899669918e-10
2355103.05899998 2.2708363735668905e-10
2347266.7982714646 2.2860726581911378e-10
2339456.1072373847 2.3014114534732122e-10
2331672.1873437245 2.316853127329337e-10
2323913.8378366805 2.332398691529129e-10
2316181.0644071037 2.3480483300306977e-10
2308473.870961373 2.3638029166350763e-10
2300792.8400941407 2.3796630032165985e-10
2293136.807485885 2.3956297855029927e-10
2285506.9289452937 2.411703631410482e-10
2277902.0522099147 2.4278855527086817e-10
2270322.184109687 2.4441757793452323e-10
2262767.8911251365 2.460575415068804e-10
2255239.1653933553 2.477085103732788e-10
2247734.8895282666 2.4937053512219923e-10
2240255.6249576267 2.510437399253672e-10
2232801.3700390863 2.5272815237649956e-10
2225372.1215043417 2.544238828504633e-10
2217967.335080631 2.5613096813888085e-10
2210587.0150797428 2.5784952321557207e-10
