data/xsec-infrared-dust-pah1_c120.ecsv
# %ECSV 0.9
# ---
# datatype:
# - {name: Wavelength, unit: micron, datatype: float64}
# - {name: Opacity, unit: cm2 / g, datatype: float64}
# schema: astropy-2.0
Wavelength Opacity
[from data line 5975]
0.06750760015662947 39.4165850528072
0.06728353073278552 38.8415090004077
0.0670601548707217 38.26897616890449
0.0668375715096057 37.6991981101262
0.06661573095425574 37.132400172759844
0.06639458476448123 36.568780111775645
0.06617418176567519 36.00853568214386
0.0659545217537828 35.45186463883471
0.06573560447924716 34.898946341007246
0.06551738258056591 34.34996014782053
0.06529990341055954 33.805071621575216
0.06508316658150667 33.26444632457197
0.06486712552571178 32.72823602225307
0.06465182652043444 32.19659707901357
0.06443717799074705 31.669662864484582
0.06422331686671902 31.147566748297187
0.06401010685897773 30.63044210008247
0.06379763836812358 33.09294677584927
0.06358586636788748 32.586096188181244
0.06337479100911847 32.08379396482864
0.06316445614156595 31.586155079611377
0.06295477403584972 31.093289907396557
0.06274578873933252 30.605295026192902
0.06253750021428693 30.122276211914723
0.06232995097667342 29.644320844665156
0.06212305541894235 29.17150710664172
0.06191681421696956 28.70392697690035
0.06171131150746795 28.24164484078019
0.06150646323673717 27.784729682573186
0.0613022699316399 27.33325048657127
0.0610988139326734 26.887257841255217
0.06089597205195388 26.446811533011363
0.06069386665850316 26.011957551367672
0.0604923761033889 25.582732687946525
0.06029158119299323 25.159182932275872
0.06009144177949736 24.74134047702529
0.05989199739154591 24.329232915911557
0.059693169255661524 23.922883243698653
0.05949503588294352 23.522314455150557
0.05929751945212213 23.127540347125663
0.05910069734934669 22.73857931543515
0.05890453074015611 22.35543136007902
0.05870898176609749 21.978105678962866
0.058514126156969284 21.606602272086686
0.058319888424845034 21.24091654049769
0.05812630616884545 20.88104848419587
0.05793334235365638 20.526984306322845
0.05774103399503377 20.178710210020217
0.05754938077623513 19.836212398429605
0.057358346268311274 19.49947707469262
0.057167966631960526 19.168476645092483
0.056978205836267636 18.84319271381801
0.05678906411995944 18.52359768715242
0.05660054167711377 18.20966397137894
0.056412673552476776 17.901359373827997
0.05622542449578988 17.59865170183002
0.05603879457603457 17.301508762715425
0.055852749614940606 17.00988916590906
0.05566735823593072 16.72375611978854
0.0554825859508602 16.44307743168431
0.05529839913559871 16.1677979141628
0.05511486493836442 15.897885374554447
0.05493191634688301 15.633293823331282
0.05474955380914618 15.373972672012552
0.0545678430265049 15.119880530023089
0.05438668575766557 14.870966808882137
0.05420617962335027 14.62718551906173
0.05402622760088598 14.38849067103391
0.053846894150113574 14.154822478412324
0.05366814724844822 13.926139550621805
0.05349001842238464 13.702386700228804
0.053312444831557226 13.483517937705354
0.0531354890882894 13.26947347666511
0.05295911985659228 13.060202728627308
0.052783306584775376 12.85565970406399
0.052608110532409075 12.655789215541601
0.05243347072205834 12.460536075626583
0.05225941758254352 12.269849695838184
0.052085950956965124 12.083679487695642
0.051913070652436874 11.901974862718198
0.051740747086462646 11.724685232425099
0.05156900973930508 11.551755409382785
0.05139782934342655 11.383139404063298
0.05122720614007495 11.218782029033083
0.05105716891357399 11.058641893716972
0.0508876888619571 10.902663810681414
0.05071876611029886 10.750801790398445
0.050550400744953275 10.603009843340102
0.050382564980802694 10.459209787308852
0.05021525938218713 10.319355632776734
0.05004848446932966 10.18344278079095
0.04988229528568554 10.051425241823537
0.04971663697478626 9.923257026346537
0.049551536858302166 9.798905941690371
0.04938696801381536 9.678330597279878
0.04922295732822969 9.561489602539892
0.04905950455279733 9.44834616584804
0.04889655697467566 9.338868094534751
0.04873419344909842 9.233023195930453
0.0485723354984949 9.130774678412775
0.048411035168069105 9.032099547217735
0.048250266513944706 8.936965609675761
0.048090029597514926 8.845345272070078
0.04793032444415014 8.7572155396367
0.04777115104378917 8.67255341761165
0.04761250935152493 8.591340510183741
0.04745439928818401 8.513558421541791
0.04729679621252235 8.43919335482741
0.04713972483219395 8.36822691422941
0.046983184965380814 8.300654500795
0.04682715235460477 8.236462317665788
0.04667165111712588 8.17564576588898
0.04651665724772364 8.118204845464575
0.0463621709086528 8.064134957439776
0.04620821563833965 8.013445299720177
0.04605474454766363 7.966140471258574
0.04590180436369127 7.922229669960557
0.04574937169859592 7.881726692684517
0.045597446542993594 7.844645336288843
0.045446006207964317 7.809265592427757
0.045295096060866284 7.773959431811412
0.04514467084980883 7.738726854439806
0.044994753078958394 7.7035632613601415
0.04484532052356912 7.668482449430809
0.04469639532393369 7.633475220746216
0.044547955483306236 7.59854157530636
0.04440002278422221 7.563690711016837
0.044252575456221244 7.528913429972053
0.044105613600004645 7.494218930077602
0.0439591372826505 7.4596026123806825
0.04381314653816091 7.4250644768813014
0.04366764136800378 7.39060912253225
0.043522642511600075 7.356236549333531
0.0433781082293313 7.321942158332346
0.043234038841422566 7.287730548481494
0.04309045499173627 7.253606318733769
0.04294735652427797 7.2195648701363755
0.04280474325367677 7.185606202689313
0.042662595008476384 7.151730316392581
0.04252091194301452 7.117946409151775
0.04237969417846126 7.084240684108503
0.04223896136617104 7.050626938121154
0.04209869374031199 7.017100572236934
0.0419588720240601 6.98366158645584
0.041819534950263644 6.950309980777876
0.04168066305160038 6.917045755203039
0.04154223734100529 6.883873508684124
0.04140427689836566 6.850788642268338
0.041266781598273315 6.817795754908476
0.04112973273791431 6.784894846604536
0.0409931489300878 6.752081318403725
0.04085701165903212 6.719364368211633
0.04072132104966349 6.686734798122671
0.04058609525716765 6.654201806042427
0.0404513160427613 6.62175619406531
0.04031696561785087 6.589411759049711
0.0401830797510764 6.557154704137238
0.04004964047543139 6.524994227233486
0.03991663026608461 6.492930328338454
0.03978406674300671 6.460958408499344
0.03965194979332726 6.429083066668956
0.03952027927664022 6.397304302847288
0.03938902100143131 6.36562211703434
0.039258226148044834 6.334031910277315
0.039127843794096596 6.3025428804818056
0.03899790771093827 6.271150428695018
0.03886840105541347 6.239854554916949
0.038739323854375826 6.208659858100397
0.03861065975964864 6.1775571403397675
0.03848244154213321 6.14656019849345
0.03835465268852658 6.115655235703058
0.03822727709033416 6.084851449874182
0.038100314954248295 6.054148841006822
0.03797379807932527 6.023547409100977
0.037847678862444854 5.9930425552038535
0.03772198894150114 5.962638878268245
0.03759672809526813 5.932331779341357
0.03747186528535729 5.9021304563287815
0.03734743144268787 5.872030310277722
0.03722339588387606 5.842026742235383
0.03709977398427165 5.812128950107356
0.036976580688007674 5.782327735988048
0.03685377094492341 5.7526322977830535
0.03673138963063205 5.723038036539576
0.0366094069316219 5.6935449522576125
0.036487822989248894 5.664153044937167
0.03636665241774438 5.634866913531033
0.036245880607976955 5.605681959086415
0.03612550761883787 5.5765981816033126
0.03600554769688856 5.547615581081727
0.03588597232294385 5.5187387564744546
0.03576679578532236 5.489967707781494
0.03564801803664632 5.461297836050049
0.03552963900406371 5.432729141280121
0.03541164483983997 5.404266222424504
0.03529403569496356 5.375904480530405
0.035176838828750126 5.347648514550618
0.035060013362785795 5.319498324485142
0.034943586415067736 5.291449311381183
0.034827531163384655 5.263506074191537
0.03471187431561086 5.235664013963406
0.03459660247707122 5.207927729649588
0.03448170257943552 5.180297221250082
0.03436720072743908 5.152767889812092
0.03425305798682159 5.125344334288415
0.034139313103544316 5.09802655467905
0.03402594030238316 5.070814550983998
0.03391293968293633 5.043703724250461
0.033800311318656885 5.016698673431238
0.03368806770119571 4.989799398526326
0.03357619624403121 4.96300130058293
0.033464684666899794 4.936308978553847
0.03335355758480746 4.909722432439076
0.03324279046981686 4.883241662238618
0.03313239552669065 4.856862068999676
0.033022360700494066 4.830588251675046
0.03291269798593776 4.804420210264729
0.03280339543917704 4.778353345815927
0.03269445312791274 4.752392257281437
0.032585882737985926 4.7265369446612615
0.0324776609246732 4.700787407955397
0.03236981089215742 4.675139048211049
0.0322623095568602 4.6495964643810135
0.03215516843208648 4.62415965646529
0.032048387442514085 4.598825405196921
0.0319419553029775 4.573595090261747
0.031835883229331466 4.548469171555046
0.031730148999491344 4.523447189181538
0.03162477482085363 4.498529143141225
0.03151976050511799 4.4737145735388255
0.031415084200692785 4.449003940269621
0.031310756858583526 4.42439724333361
0.0312067677624508 4.399893562940234
0.031103138279368937 4.3754938188800505
0.030999847040228425 4.351197091362502
0.030896894150696214 4.3270038402828686
0.030794290090316413 4.30291360574587
0.03069202438131341 4.278926847646784
0.0305900970598288 4.255042186299775
0.03048850813912789 4.2312610013906795
0.03038725760997555 4.20758191323366
0.03028634544100837 4.184005841619275
0.030185771579103106 4.160531866756965
0.030085526024969667 4.13715998864673
0.029985608880474798 4.113890667183851
0.029886030017764492 4.090722982577767
0.029786779569012732 4.06765693482848
0.029687857568597015 4.044692523935987
0.029589273628754548 4.0218297499002915
0.029491008476078006 3.999068612721391
0.02939307174358928 3.976408192608727
0.029295453968714896 3.9538489494575795
0.029198164613617357 3.9313904233726675
0.029101203583660053 3.909032614353993
0.029004561539760578 3.886775522401555
0.028908238531005034 3.8646182277247942
0.028812234584664687 3.8425616501142703
0.028716549706552758 3.8206044098841434
0.02862118388137775 3.7987474268249737
0.028526137073093222 3.7769893212509222
0.02843140036181451 3.7553310129525483
0.028336982651987367 3.7337720420345715
0.02824287509991072 3.7123114887064337
0.02814908645102985 3.6909498128634137
0.02805560793764518 3.669687014505511
0.0279624310022416 3.648522173842168
0.027869572843790436 3.6274552908733844
0.027777016346408633 3.606486825494438
0.027684778441328762 3.5856158579147714
0.027592833850598113 3.564841928239104
0.027501199408121117 3.544165956257996
0.027409875008565586 3.523586562285608
0.027318844161271047 3.50310374632194
0.027228123307572107 3.4827179682622713
0.02713769613457441 3.462428308316043
0.02704757882649097 3.442234766483255
0.026957755246638335 3.422136882868628
0.026868225495117762 3.4021346574721614
0.026778997514133845 3.382228090293856
0.026690071205715187 3.362416721438431
0.026601430935305728 3.342699631115328
0.026513092292888268 3.323077739115107
0.026425039811408663 3.3035501256472073
0.026337288836021787 3.2841167907116295
0.026249824065735086 3.2647772744130936
0.026162645594262124 3.245531116856321
0.026075768406004292 3.22637877793659
0.025989170039274423 3.2073193378633422
0.02590285803387651 3.188352796636578
0.025816839713093384 3.169478694361017
0.025731100408001584 3.1506974909319383
0.025645654664387806 3.132007806663504
0.025560480806096852 3.1134101014509947
0.02547560040850349 3.0949043752944077
0.025390999113542312 3.0764897084031864
0.02530667696692817 3.058165640882049
0.0252226339952431 3.0399326326262766
0.02513887020624899 3.021790223740589
0.025055385589197173 3.003737954329707
0.02497277502021508 2.9859041351766438
0.024891026702995193 2.968286006909722
0.02480954862943566 2.950754798850648
0.02472833403424061 2.933310510999422
0.02464738297222575 2.915952223565485
0.02456670209802868 2.8986799365488367
0.024486284727163184 2.881493190054197
0.024406124331541143 2.864392443976847
0.02432623400290048 2.847376778526226
0.02424660069039005 2.8304457338070543
0.02416723087787731 2.8135997697146125
0.024088118139541516 2.796838426353621
0.02400926884141852 2.78016078393352
0.02393067660839337 2.763567302349589
0.023852341452544827 2.7470575217065485
0.02377425717177057 2.7306309821091195
0.02369643618071651 2.7142872236620215
0.023621343645223995 2.6985450082406652
0.023548944751645137 2.683395137939458
0.023476776782703383 2.6683174711971516
0.023404827553641195 2.653311088223185
0.023333097102781523 2.63837690880812
0.02326158545559167 2.6235135532661156
0.023190298521694755 2.6087219413877314
0.023119224471699104 2.5940006934871294
0.023048369226787865 2.579350729354868
0.0229777327629212 2.564770669305109
0.022907309290370746 2.5502609732331316
0.022837104585675578 2.5358216411389356
0.022764112376837915 2.520835033661993
0.022688361915196274 2.5053131080795743
0.022612867217342878 2.4898730438569276
0.022537622631727094 2.4745139212034943
0.02246262817183024 2.459236200014553
0.02238788383437679 2.4440394203948252
0.02231338959961167 2.4289226625537506
0.02223914543157476 2.413886386386609
0.022165140504388187 2.398929672102842
0.022091385667632198 2.384052519702449
0.02201788083691124 2.36925492918543
0.021944615352039034 2.3545359807612263
0.02187159455435667 2.339896134325117
0.02179881841799378 2.3253340101912623
0.021726281725552753 2.3108505281502234
0.02165398966449375 2.29644430851616
0.021581931947341038 2.2821158111843522
0.021510118836330874 2.267864576259521
0.021438545187845853 2.2536901438463857
0.021367210983871038 2.239592054049667
0.021296111218006796 2.2255703068693653
0.021225245940555346 2.211624442410201
0.021154620092481875 2.197754460672173
0.021084228719493756 2.1839594418647232
0.021014071824346323 2.1702393859878515
0.020944144584411448 2.156594293041558
0.020874456623245358 2.143023703130562
0.02080499356345512 2.1295271563595852
0.0207357649655609 2.1161041928333475
0.020666766072602896 2.102755272447128
0.02059800154213985 2.0894790155150886
0.02052946202904919 2.0762758819325087
0.0204611476011548 2.063145411804108
0.020393062870337018 2.050087145234608
0.020325207781791067 2.037101082224008
0.02025757326711121 2.0241863029817493
0.020190168362094727 2.0113432674031104
0.020122984088500533 1.9985710556975333
0.020056024922249917 1.9858701277602973
0.019989290825112773 1.9732391039055632
0.019922773040293808 1.9606784440286107
0.019856480321291788 1.94818814812944
0.019790408292181077 1.935766836522212
0.019724556943627996 1.9234154289974863
0.019658922014220384 1.9111325458694237
0.019593507759952892 1.8989181871380243
0.01952830994682604 1.886772812698568
0.01946333274573418 1.8746950428652152
0.01939856782415709 1.8626853375332464
0.019334019351827002 1.8507432368073815
0.019269683231339943 1.838868280792341
0.019205563548514264 1.827060009592845
0.01914166024938309 1.8153188831041736
0.019077965284797205 1.8036435216404876
0.019014482697654714 1.7920343850970668
0.01895121247239139 1.780491473473911
0.018888154579662968 1.7690134070851815
0.01882530120481928 1.757600645826158
0.018762660166666736 1.7462527298015609
0.01870022756044459 1.7349696590113897
0.0186380033793643 1.7237505136650857
0.018575987602972487 1.7125952937626487
0.018514176438883423 1.7015039993040788
0.01845256991490573 1.6904761703940963
0.018391168044861544 1.6795113471374217
0.018329970828816163 1.6686095295340548
0.018268978253305392 1.6577702576887159
0.018208190291560646 1.6469930717061259
0.018147599681461866 1.6362775116910047
0.018087213688530248 1.625624037538632
0.018027028683137415 1.615032189353728
0.01796704465756231 1.6045010473457342
0.017907261590926673 1.5940310714099293
0.01784767246389858 1.5836213417557548
0.01778828430827565 1.57327185838321
0.017729093617584617 1.5629826212922957
0.017670100388257833 1.552752710692452
0.01761130460373406 1.5425825864789589
0.017552702856413693 1.5324713288612568
0.017494295171727993 1.5224193977346256
0.017436084895379667 1.5124254134132267
0.01737806533733359 1.5024902956876187
0.017320239839742204 1.492612664871963
0.017262608376340006 1.4827929808615397
0.017205167662660996 1.4730307837610683
