data/xsec-infrared-dust-pah1_c15.ecsv
# %ECSV 0.9
# ---
# datatype:
# - {name: Wavelength, unit: micron, datatype: float64}
# - {name: Opacity, unit: cm2 / g, datatype: float64}
# schema: astropy-2.0
Wavelength Opacity
[from data line 5554]
0.2735900960385234 4.794389894216239
0.27267981469732244 4.8094790583405365
0.27177265502216197 4.824365868541801
0.2708685346101379 4.83905492377283
0.2699673730220894 4.853532427175235
0.26906917113418855 4.867798378749014
0.268174008469241 4.881848179541373
0.2672818055823798 4.895672631646718
0.2663926405527881 4.909267136112254
0.26550635730518035 4.92263169293798
0.2646230340423606 4.935752505265508
0.2637426704408089 4.948629573094839
0.26286519022129967 4.961253698520378
0.26199066945510535 4.973620282589332
0.26111903248526913 4.985720127396106
0.26025035399184665 4.997557831893497
0.259384558939595 5.009115000270321
0.25852157407890347 5.020391632526577
0.2576614735072021 5.031378530756674
0.2568042568684579 5.0420756949606105
0.25594992362196084 5.052469328279998
0.25509840169103387 5.062554831762042
0.25424969159679683 5.072323007501148
0.25340386407550103 5.0817738554973175
0.252560777975814 5.090898177844957
0.2517205736027369 5.099686776638475
0.2508831113026968 5.1081304539722785
0.2500484605980381 5.114771341809975
0.24921655278854743 5.114771341809975
0.24838745610664104 5.114771341809975
0.247561035196013 5.114771341809975
0.24673742511640892 5.114771341809975
0.24591655824676595 5.114771341809975
0.24509843443375004 5.114771341809975
0.24428298791308137 5.114771341809975
0.24347028447847568 5.114771341809975
0.24266032344066796 5.114771341809975
0.24185297566672662 5.114771341809975
0.2410483701086277 5.114771341809975
0.24024644227157224 5.114771341809975
0.23944712918120112 5.114771341809975
0.23865055670737595 5.114771341809975
0.2378565370383314 5.114771341809975
0.2370652568908788 5.114771341809975
0.23627653059003847 5.114771341809975
0.2354904812268641 5.114771341809975
0.23470704725924188 5.114771341809975
0.2339261685920261 5.114771341809975
0.23314790575916228 5.114771341809975
0.2323722583194747 5.114771341809975
0.2315991668524708 5.114771341809975
0.23082869018385807 5.114771341809975
0.23006071130634878 5.114771341809975
0.22929534673755717 5.114771341809975
0.2285324806799844 5.114771341809975
0.2277721708860712 5.114771341809975
0.22701441690898963 5.114771341809975
0.2262591620075142 5.114771341809975
0.22550640653315798 5.114771341809975
0.22475615066646853 5.114771341809975
0.22400844944151402 5.114771341809975
0.22326319229644065 5.114771341809975
0.2225203800121069 5.114771341809975
0.2217800671273791 5.114771341809975
0.22104225300224825 5.114771341809975
0.220306883623855 5.114771341809975
0.21957390624146053 5.114771341809975
0.21884342688649874 5.114771341809975
0.21811533996576166 5.114771341809975
0.21738969796895571 5.114771341809975
0.2166664488915444 5.114771341809975
0.21594564420824075 5.114771341809975
0.21522723228635038 5.114771341809975
0.21451116269519166 5.114771341809975
0.21379748642608667 5.114771341809975
0.21308620318236768 5.114771341809975
0.21237731251414688 5.114771341809975
0.21167076469313076 5.114771341809975
0.21096655994966412 5.114771341809975
0.21026464987823326 5.114771341809975
0.2095651316710131 5.114771341809975
0.20886795628888363 5.114771341809975
0.20817307582567332 5.114771341809975
0.2074804906913605 5.114771341809975
0.20679020113748214 5.114771341809975
0.2061022538366206 5.114771341809975
0.2054165552679774 5.114771341809975
0.2047331521115688 5.114771341809975
0.204052044010804 5.114771341809975
0.20337318511174488 5.114771341809975
0.20269657567249924 5.114771341809975
0.2020222157982702 5.114771341809975
0.20135010544387102 5.114771341809975
0.20068024441621526 5.114771341809975
0.20001258851160147 5.114771341809975
0.19934718169643142 5.114771341809975
0.19868393677406565 5.114771341809975
0.19802294069712328 5.114771341809975
0.19736414984094008 5.114771341809975
0.19670752158228771 5.114771341809975
0.19605309857407918 5.114771341809975
0.1954008384667119 5.114771341809975
0.19475078306044022 5.114771341809975
0.19410284897010563 5.114771341809975
0.19345707798356634 5.114771341809975
0.19281346988135203 5.114771341809975
0.19217202430470393 5.114771341809975
0.19153266030884641 5.114771341809975
0.19089545878123296 5.114771341809975
0.19026037925652836 5.114771341809975
0.1896273821939888 5.114771341809975
0.18899650729480927 5.114771341809975
0.18836775416686202 5.114771341809975
0.18774104498888888 5.114771341809975
0.18711645742587665 5.114771341809975
0.18649395254505965 5.114771341809975
0.1858734923000072 5.114771341809975
0.18525511477793458 5.114771341809975
0.18463878216146418 5.114771341809975
0.1840244946287851 5.114771341809975
0.18341228910603402 5.114771341809975
0.18280209148042034 5.114771341809975
0.182193902257766 5.114771341809975
0.18158779411448472 5.114771341809975
0.18098365808853079 5.114771341809975
0.18038153067178275 5.114771341809975
0.1797814118242156 5.114771341809975
0.17918330137373864 5.114771341809975
0.1785871640475841 5.114771341809975
0.1779930348515046 5.114771341809975
0.1774008787179052 5.114771341809975
0.17681066137268664 5.114771341809975
0.17622245147457807 5.114771341809975
0.17563618043690268 5.114771341809975
0.17505184855327902 5.114771341809975
0.17446945598434063 5.114771341809975
0.17388900275991592 5.114771341809975
0.17331052171597938 5.114771341809975
0.1727339138228231 5.114771341809975
0.17215924503640548 5.114771341809975
0.1715864825975183 5.114771341809975
0.17101562655287628 5.114771341809975
0.17044667682244785 5.114771341809975
0.16987963320155866 5.114771341809975
0.16931446392942853 5.114941503063435
0.16875116918470426 5.116095840215278
0.16818974901921588 5.118367722896596
0.16763017254879475 5.121775546918572
0.16707250140509441 5.1263285101868
0.1665166738513499 5.132054206418055
0.1659626900586711 5.138961833517932
0.16541055007350974 5.147078985203206
0.16486022401829084 5.156419458332267
0.16431174189363879 5.167001648716298
0.16376510338031283 5.178848551119282
0.1632202788310636 5.191978561352403
0.1626772682776473 5.206405476274049
0.1621360428067598 5.222161488553794
0.16159663141899208 5.23925579609723
0.16105900534408613 5.2577113936683375
0.1605231929611988 5.277555874983895
0.15998913757960645 5.29880303690229
0.15945686752928404 5.321475874187503
0.15892638258111086 5.34559278265072
0.1583976548810359 5.371181356008718
0.15787065719373483 5.3982645890254775
0.1573454443318029 5.426860877512183
0.15682196167766482 5.45698861728002
0.15630023630127832 5.488680000998561
0.1557802412236538 5.5219534244789905
0.1552619764951754 5.556831882485291
0.15474544205105584 5.593338369781443
0.154230611630916 5.631500480084222
0.15371751137416884 5.67134120815761
0.1532060894044886 5.712883548765589
0.15269639736960366 5.756150496672139
0.15218838385448122 5.801174244546833
0.15168207437211606 5.847973188200855
0.1511774435297546 5.896574921350985
0.1506744913868546 5.947011636666794
0.15017321789096538 5.999301729959467
0.14967359831577814 6.053472794945781
0.14917565728070442 6.109557024295312
0.14867934592825638 6.167577412772036
0.148184712894556 6.227561554092734
0.14769170975016296 6.289541640926979
0.1472003605117601 6.35354066803875
0.1467106412509785 6.419590828097622
0.1462225520068083 6.487719714820371
0.14573606942150452 6.5579595208765715
0.14525121691692508 6.6303378399829995
0.14476799420928024 6.704882265856433
0.14428635525705438 6.781624991166446
0.14380632315772196 6.860602807535406
0.14332789776949104 6.941834110774498
0.14285105647127816 7.025364890411686
0.14237579936127592 7.111213542258153
0.1419021485105565 7.199421456889066
0.1414300375689045 7.290020826973997
0.14095951077157867 7.383039246229723
0.14049056779909974 7.4785181052314105
0.1400231652359329 7.576484997695836
0.13955732477789803 7.676972116292574
0.1390930250185953 7.78002085159679
0.13863026608802717 7.885663396278057
0.13816906894500192 7.993931943005946
0.13770939150870606 8.104867882355627
0.1372512340195243 8.21850340699667
0.13679461713181587 8.334879907504241
0.1363395200878792 8.454029576547917
0.13588592257601567 8.575989205750062
0.1354338449475528 8.700800185685846
0.13498326695916 8.828503906930433
0.1345341886482058 8.959132562153394
0.1340866099523434 9.0927275419299
0.13364051112806366 9.22933483578791
0.13319591176179782 9.368986636396995
0.1327527728517086 9.511724334332325
0.132311113915952 9.65759391912186
0.13187093479285927 9.80663218238797
0.13143221628439394 9.958885113658615
0.1309949584177188 10.114394103508962
0.13055914243258024 10.273205141466974
0.130124787102579 10.435355019155018
0.12969187372334562 10.600894325053856
0.1292604023088289 10.76986444973865
0.1288303545787113 10.942311382737362
0.1284017487980287 11.11827651462516
0.12797456673873656 11.297815032835597
0.12754880839763452 11.480968327943838
0.12712447367749777 11.667786988430644
0.12670154478635648 11.858312404871176
0.12628002179438094 12.052599764698993
0.1258598873084794 12.250695057442055
0.12544117606604369 12.452648871581118
0.12502383609594428 12.658507196644146
0.1246079018352066 12.868329819017493
0.12419333907001251 13.082158129276317
0.12378016479863127 13.300047314854178
0.12336836210237545 13.522052563184626
0.12295791441805583 13.748224462748423
0.12254885493413673 13.978618200979124
0.12214113408042993 14.213284366357483
0.12173478475367927 14.452282745269851
0.12132979046797511 14.695668525149786
0.1209261350813878 14.943492294478043
0.1205238187179041 15.195818438593768
0.12012285723279877 15.452697545977724
0.11972321882175023 15.71419400196905
0.1193249036569158 15.98035839504851
0.11892792732877705 16.251259709508044
0.11853225871017148 16.52695313278121
0.11813791331915592 16.807498451254354
0.11774489097559002 17.09295545131383
0.11735316121364786 17.38339311725158
0.1169627392878739 17.67887123545395
0.11657361016327591 17.979449592307294
0.11618578871996513 18.285197172103555
0.11579924524794562 18.59617836018188
0.11541399455428179 18.912457541881416
0.1150300219528238 19.234099102541308
0.11464732747274296 19.561176625406297
0.11426589674171798 19.89375449581553
0.11388574412720437 20.231901698060945
0.11350686940586623 20.57568721643449
0.11312923017419545 20.925180035228106
0.11275286870744414 21.280453737686532
0.11237774299653774 21.641581907054505
0.11200388083622197 22.008638126576766
0.11163125454802501 22.381686781592464
0.11125986424832617 22.760815252204726
0.110889709969909 23.14608792375269
0.11052079166333913 23.537587577386702
0.11015309589382595 23.93538779635149
0.10978663593282888 24.339566762844594
0.10942138523394401 24.75020265906355
0.10905734395382856 25.167378266158682
0.10869452512112826 25.59117636528033
0.10833290273380218 26.021670539673227
0.1079724897461652 26.458948169440507
0.10761328599292726 26.903092035732495
0.10725526600423213 27.35418032074673
0.10689842996447387 27.812309602491933
0.10654279042343867 28.277558063165632
0.10618833479225859 28.750013082870964
0.10583505073525767 29.229766640663847
0.10548295056631736 29.716901517694613
0.10513202195737611 30.211514291971984
0.10478225282762722 30.71369234359909
0.1044336552569463 31.223527651631844
0.10408621717018564 31.74111679407898
0.10373992673367674 32.26655174999641
0.10339479579527833 32.79992449844007
0.10305081252514829 33.34133161741867
0.10270796532930461 33.89087428389372
0.10236626582566197 34.44864907587396
0.1020257024223497 35.01475717032089
0.10168627509571554 35.589295145243234
0.10134797248491449 36.17236877655531
0.10101080583031714 36.76407924121863
0.10067475265968458 37.3645277161947
0.10033981309949463 37.97382457635065
0.10000598720054951 38.592070998647976
0.09967328583260092 39.219381956906595
0.09934167621868109 39.85585402913522
0.09901118012098689 40.50160678810657
0.09868177594302772 41.15675060868772
0.09835347440658183 41.821395865745814
0.0980262542684952 42.49565293414793
0.09770013664092575 43.17964138666679
0.09737509002124208 43.87347159816949
0.0970511353067348 44.57726774038153
0.09672826199358858 45.291144787122825
0.09640644959147768 46.01523610802445
0.0960857185752553 46.749642880047936
0.09576604858362855 47.49448927491876
0.09544743970092298 48.24991326122083
0.0951299018628667 49.01600681801006
0.09481341510020073 49.79295390339829
0.0944979794839913 50.58080050691349
0.09418358528819351 51.379776576195475
0.09387025196134276 52.18997409030016
0.09355795037920207 53.01148502828347
0.09324669025371689 53.84444735872928
0.09293647150177492 54.68904503974946
0.09262727515744607 55.545416039927886
0.09231912006921505 56.413652338320475
0.09201197810316702 57.29389190351113
0.09170586790855718 58.18636468313963
0.09140077093343238 59.091070677206005
0.09122860016615209 59.60849885630528
0.09105685861825212 59.90375162582063
0.0907545765383498 60.334857460935424
0.09045330794293112 60.75083274135076
0.0901530526001544 61.151401529898855
0.08985381021535356 61.53628788941194
0.08955558043210568 61.905261872250215
0.08925827547531011 62.25809353077386
0.08896198338400849 62.59455291734308
0.08866670361112651 62.91441008431805
0.0883724355520758 63.21757305264285
0.08807909348069841 63.50371989562175
0.08778667837155711 63.77280462372679
0.08749527506327097 64.02464327884613
0.08720488270847655 64.25909789239586
0.08691541757521233 64.47607648532008
0.08662688035896964 64.67544108903488
0.08633935342048685 64.85714571401233
0.08605275449017045 65.02109838119647
0.08576708406020624 65.16725310105937
0.08548242267683707 65.29560987360102
0.08519860991741714 65.4060767197655
0.08491580579233803 65.49865363955278
0.08463393041086432 65.57343261201882
0.08435298394056073 65.63032165810768
0.08407304398808597 65.66945874640327
0.08379395507467953 65.69079788737757
0.08351579519949012 65.6945230391425
0.08323856428079873 65.680634201698
0.08296226217712262 65.64922335410002
0.08268688868821603 65.60047445446041
0.0824124435560608 65.53443349230713
0.08213885248780751 65.45128442575204
0.08186619007139055 65.35111923385102
0.08159445587144579 65.23421385377189
0.08132357688198986 65.10061427504259
0.08105362603883287 64.9505964348309
0.08078460273817285 64.7843902807766
0.0805164352407724 64.60208779193566
0.08024919486827517 64.4040108950038
0.07998281071173302 64.19038953762079
0.07971728335385996 63.96140767789852
0.07945268252990584 63.717387242532716
0.07918893855563544 63.45855817916318
0.07892612013213203 63.18519642495768
0.07866409053270772 62.897577917084
0.07840298619093018 62.59607057176582
0.07814273902295872 62.28085834711499
0.07788334918897132 61.95235514888319
0.0776248167901117 61.61083691423817
0.07736714186945143 61.256579580347704
0.0771103244129427 60.889997052963444
0.07685436435036153 60.511365269253176
0.07659926155624167 60.12100615591262
0.07634501585079907 59.719379608221395
0.07609156351476278 59.30666958429136
0.07583903165531161 58.883381968930095
0.07558729337815527 58.44979269930537
0.07533634954083651 58.00626969164085
0.07508626275416741 57.553226851688244
0.07483703251472124 57.090940116615286
0.0745886582710807 56.61986938170161
0.0743410182274069 56.14033657364295
0.07409429473930508 55.65270960866298
0.07384830650933955 55.15740239251339
0.07360317397546723 54.65473685188989
0.07335889633470961 54.14512689254415
0.07311535550738209 53.62889444117189
0.07287266939299943 53.10640741399681
0.072630779204024 52.57812570629854
0.07238968510486979 52.044325255244836
0.07214938720487578 51.505373977059406
0.07190988555920187 50.961685777493905
0.0716711801697161 50.41358258324405
0.07143327098587313 49.861478300061506
0.0711961579055839 49.30564886511407
0.07095984077607657 48.74646219462541
0.07072431939474873 48.18428620481921
0.0704895390277854 47.61944282239123
0.07025555457978395 47.0522539740372
0.07002236569641158 46.48313356550876
0.06978991857077595 45.91231614339853
0.0695582668703585 45.34016502497741
0.0693273573962104 44.76698374112994
0.0690972430048512 44.19308961959906
0.06886787109928073 43.61878159231652
0.06863929373779339 43.04435859121408
0.06841140760221767 42.470110350317896
0.06818436693955365 41.896326603654124
0.06795801804017125 41.323283288390535
0.06773241241018214 40.75125174274211
0.06750760015662947 40.180494107018234
