data/xsec-infrared-dust-silicate_ism_10.ecsv
# %ECSV 0.9
# ---
# datatype:
# - {name: Wavelength, unit: micron, datatype: float64}
# - {name: Opacity, unit: cm2 / g, datatype: float64}
# schema: astropy-2.0
Wavelength Opacity
[from data line 2356]
11645.466044655766 9.849685462947608e-06
11606.717082071327 9.91647278915018e-06
11568.096003019884 9.983711594548756e-06
11529.604281730937 1.0051407167939048e-05
11491.240449166382 1.0119561624839346e-05
11453.00450484844 1.0188178368474714e-05
11414.895011127646 1.0257259422384386e-05
11376.913398486124 1.032680933953163e-05
11339.056821729513 1.0396831937047266e-05
11301.326703882565 1.046732799675327e-05
11263.723030978945 1.053830276145583e-05
11226.244399033409 1.0609758346673231e-05
11188.889432793238 1.0681698063651486e-05
11151.659512445047 1.0754126189416698e-05
11114.553264424729 1.0827045943235822e-05
11077.570688747957 1.0900459716564311e-05
11040.710440662357 1.0974370452731959e-05
11003.97385832263 1.1048783716471645e-05
10967.358279664031 1.1123700611532041e-05
10930.865035338935 1.1199125828845001e-05
10894.494111418422 1.1275062725646064e-05
10858.242900560523 1.1351513693390686e-05
10822.112708981285 1.1428483009104968e-05
10786.1035248324 1.1505975869605565e-05
10750.214061279992 1.1583991952965788e-05
10714.443057493208 1.166253870948916e-05
10678.791779016456 1.174161719693483e-05
10643.258965895358 1.1821232152224174e-05
10607.843383567055 1.1901387346498485e-05
10572.547499372255 1.1982085263192277e-05
10537.367619986475 1.2063331099122206e-05
10502.304979566568 1.2145127245743728e-05
10467.359570672985 1.2227477980082941e-05
10432.530184844532 1.2310388039061226e-05
10397.816823302786 1.2393859400228287e-05
10363.219479580026 1.2477896340610224e-05
10328.736969879275 1.2562504516918976e-05
10294.368134054346 1.2647684986913681e-05
10260.11414376985 1.273344290142148e-05
10225.974985605708 1.2819784009133367e-05
10191.948360794973 1.2906709781714228e-05
10158.03541812902 1.2994223392441497e-05
10124.236144699758 1.3082332429587292e-05
10090.54828742263 1.3171038410806031e-05
10056.972972436506 1.3260345935050513e-05
10023.509085453712 1.3350258221587693e-05
9990.15662856751 1.3440780789160928e-05
9956.914509407974 1.3531916857037174e-05
9923.783816898354 1.3623671024169227e-05
9890.763458487641 1.3716048349405165e-05
9857.852363095833 1.3809050672326106e-05
9825.051597680513 1.390268397157068e-05
9792.359039421119 1.3996951926301132e-05
9759.775747749178 1.4091859135470254e-05
9727.30067193036 1.418741019803084e-05
9694.933812410472 1.428360971293569e-05
9662.675162474918 1.4380461359347044e-05
9630.523691405075 1.447796835653185e-05
9598.478388583873 1.457613668312875e-05
9566.540270151965 1.4674971857881095e-05
9534.708324699473 1.4774477100055844e-05
9502.98255066929 1.487465654871052e-05
9471.361955886094 1.497551480279791e-05
9439.846544529682 1.5077057381061372e-05
9408.436313758148 1.5179287962663146e-05
9377.130289673127 1.5282213446032422e-05
9345.928474953527 1.538583475095976e-05
9314.830865345746 1.549016061545548e-05
9283.836504716994 1.5595192419205416e-05
9252.945394128295 1.5700937980429315e-05
9222.15659525259 1.5807398678813022e-05
9191.471040516852 1.5914581872681013e-05
9160.886870279432 1.6022492160986082e-05
9130.405009548882 1.613113322289046e-05
9100.025444150091 1.6240511496928072e-05
9069.744545473533 1.6351782240041316e-05
9039.565942245898 1.646342411864521e-05
9009.489600559538 1.6575438052530315e-05
8979.506639124262 1.6687826801068312e-05
8949.625970401468 1.68005903642592e-05
8919.847541026898 1.6913730581684094e-05
8890.171291765284 1.7027247453342994e-05
8860.588549049478 1.71411455781887e-05
8831.10796513649 1.725542173695425e-05
8801.720968073494 1.7370080988487724e-05
8772.436082414728 1.7485121953103282e-05
8743.244836740036 1.7600547390172605e-05
8714.155629850951 1.7716358219486244e-05
8685.160089784747 1.783255582073005e-05
8656.258275411386 1.794914111369457e-05
8627.458399947023 1.8066115478065644e-05
8598.744130791423 1.818868538830384e-05
8570.131775173119 1.8313351501226545e-05
8541.62120345074 1.8438433819377304e-05
8513.196387865708 1.8563935102127795e-05
8484.873294419522 1.8689853050001626e-05
8456.636094814468 1.8816193181742142e-05
8428.500530940084 1.894295365776823e-05
8400.450971578475 1.9070137697346843e-05
8372.50293772033 1.9197747599954388e-05
8344.640992865881 1.932578290569558e-05
8316.880440283978 1.9454244994256257e-05
8289.206035850815 1.9583136625008103e-05
8261.625384206345 1.971245779795111e-05
8234.13101477539 1.9842210812561676e-05
8206.73041880421 1.9972398428211486e-05
8179.423547950526 2.0103019265214695e-05
8152.210348480176 2.0234076542838263e-05
8125.083522651343 2.037088573072402e-05
8098.050341103733 2.0510522354788884e-05
8071.103590667609 2.0650624392876718e-05
8044.243338360986 2.0791195524149763e-05
8017.476692615042 2.0932233909026902e-05
7990.803566421802 2.1073744606356204e-05
7964.2169131324 2.1215726696347123e-05
7937.716774954415 2.1358183398266603e-05
7911.303187682656 2.1501115172009933e-05
7884.976180801122 2.1644525236844064e-05
7858.742549489828 2.178841313287372e-05
7832.588722102844 2.1932782539261143e-05
7806.5282092149555 2.207763253621576e-05
7780.554245051628 2.2222966802899818e-05
7754.66682992281 2.2368785799208594e-05
7728.859408488016 2.2515092284513768e-05
7703.145113063926 2.2661887178605894e-05
7677.510870159989 2.281458436871665e-05
7651.963206810248 2.297101084964984e-05
7626.502094779358 2.3127962990887628e-05
7601.127500579253 2.328544171222059e-05
7575.833092435131 2.344344149490535e-05
7550.625203357711 2.3601966018104163e-05
7525.503783793597 2.376102493961788e-05
7500.4626107695785 2.3920611361017334e-05
7475.507875513121 2.4080734940103384e-05
7450.633426384556 2.424138877844682e-05
7425.839315259449 2.4402582073953257e-05
7401.131594067409 2.4564312987041575e-05
7376.504216416281 2.4726582437502318e-05
7351.957216768268 2.4889392724811898e-05
7327.496511002896 2.505274752813254e-05
7303.116156382779 2.521665006673122e-05
7278.816170784013 2.5381097121340958e-05
7254.59656647581 2.5551508557832077e-05
7230.4573502118 2.5726758092664785e-05
7206.398523320442 2.5902595833560134e-05
7182.420081794535 2.6079019481041707e-05
7158.516397476624 2.625602857521424e-05
7134.698731087572 2.643363139419276e-05
7110.9614066604445 2.6611828397872556e-05
7087.298892065567 2.679061590709137e-05
7063.716738762532 2.6970001740068973e-05
7040.209477110056 2.7149988196281762e-05
7016.787972979211 2.7330575735625008e-05
6993.435985522361 2.7511763438308158e-05
6970.16966096086 2.76935628017132e-05
6946.978254891641 2.787596002898175e-05
6923.861814294738 2.805897167634387e-05
6900.820380422858 2.8242589465684528e-05
6877.859175833375 2.8426828573547947e-05
6854.972974720033 2.861704402057002e-05
6832.166920625503 2.8813368256591267e-05
6809.430762947439 2.901033864548038e-05
6786.774719264171 2.9207968064305188e-05
6764.1886644955 2.9406260652123206e-05
6741.682670770813 2.9605215029248597e-05
6719.251687548903 2.9804831195681356e-05
6696.890792215745 3.000511421026957e-05
6674.609842707549 3.0206063153222667e-05
6652.399021397091 3.0407691821399036e-05
6630.263225812079 3.060998825752142e-05
6608.202431267811 3.081295338138036e-05
6586.216608531751 3.101660282941538e-05
6564.300999112525 3.122093890110287e-05
6542.4556590806715 3.1425946419898605e-05
6520.689963356869 3.163164424150905e-05
6498.989877395702 3.1838025467505e-05
6477.364735294536 3.2050342101979726e-05
6455.814480278619 3.227024470909175e-05
6434.334512020635 3.2490885448127575e-05
6412.920346888363 3.271226569877302e-05
6391.585533711408 3.293438270165642e-05
6370.316560029058 3.3157241975521124e-05
6349.117946004651 3.338084260057656e-05
6327.994088321312 3.360519055546139e-05
6306.936177540254 3.3830289979233123e-05
6285.952962875659 3.4056139492205907e-05
6265.035742303693 3.4282743693332545e-05
6244.188864803726 3.451010442219416e-05
6223.412313348809 3.4738217999628506e-05
6202.7060665457875 3.496710466102789e-05
6182.065908143449 3.5196750609533926e-05
6161.496054480596 3.542715814462302e-05
6140.99233587996 3.565834152304883e-05
6120.5589036683095 3.5895258415925636e-05
6100.1957146125105 3.614159396412905e-05
6079.894615160004 3.638875594414993e-05
6059.663768393272 3.663673791745438e-05
6039.503118423266 3.688555230121493e-05
6019.404659758433 3.71351921970024e-05
5999.376380613067 3.738567002198934e-05
5979.414292767072 3.7636989915233264e-05
5959.518402953621 3.78891376199805e-05
5939.688713419138 3.8142132911728066e-05
5919.925221997196 3.8395969351942066e-05
5900.227922181687 3.865065521873752e-05
5880.593011379464 3.890619511106722e-05
5861.028083450243 3.9162586729454784e-05
5841.525560517436 3.941983007390018e-05
5822.089210749415 3.967793388241377e-05
5802.715314460087 3.9936895395623835e-05
5783.4075812102665 4.0201275854913656e-05
5764.162331957604 4.0477288905406155e-05
5744.983218601651 4.0754216227714536e-05
5725.866602376234 4.103207667754527e-05
5706.816078453703 4.131085323877299e-05
5687.824500678235 4.1590565686894754e-05
5668.899002845638 4.1871214941701095e-05
5650.036025174875 4.215279272507697e-05
5631.239051654888 4.2435319272414716e-05
5612.501107730482 4.271878584570401e-05
5593.825692220596 4.300319382463066e-05
5575.2127995148585 4.328855838573894e-05
5556.6624199630405 4.357487125091379e-05
5538.171176855302 4.3862142537851356e-05
5519.742460437306 4.415037500592333e-05
5501.376248893843 4.443956267649107e-05
5483.0725166401035 4.4729725784946884e-05
5464.827959785578 4.5024843805145325e-05
5446.642610661804 4.533403140163313e-05
5428.51972838354 4.564425698176704e-05
5410.456062291435 4.5955511807536744e-05
5392.454820452541 4.626781151538174e-05
5374.5096201954275 4.6581147827186995e-05
5356.626828712459 4.6895534999706175e-05
5338.803265099681 4.721097119335817e-05
5321.0389328516385 4.752745778782881e-05
5303.333831490057 4.784500352112841e-05
5285.687956629539 4.816361069273339e-05
5268.10130004263 4.848327608337675e-05
5250.570826861275 4.880400981075467e-05
5233.099584393199 4.912581647381995e-05
5215.687552864596 4.9448698831944256e-05
5198.331745904176 4.977265826481343e-05
5181.0351390074 5.009770351043778e-05
5163.7947776595665 5.042711316226572e-05
5146.613590332944 5.0773530201429246e-05
5129.488654099794 5.1121096518896534e-05
5112.419985301793 5.1469830050583495e-05
5095.410443133097 5.18197179194223e-05
5078.454323424036 5.21707817404911e-05
5061.557305764126 5.252302059399932e-05
5044.713753980594 5.287643218047057e-05
5027.929264974077 5.323102569781044e-05
5011.198269817861 5.3586789188741665e-05
4994.523548740416 5.394375530582908e-05
4977.905087942991 5.430191163190016e-05
4961.34287013685 5.46612554075832e-05
4944.834193528449 5.5021809167746934e-05
4928.379087460896 5.538356233479991e-05
4911.980222816472 5.574651766811382e-05
4895.637568220871 5.611069310360455e-05
4879.348478574203 5.64782662454211e-05
4863.112968194601 5.686608121807481e-05
4846.931047622692 5.7255194015207586e-05
4830.802723682852 5.764561245503921e-05
4814.727999543868 5.8037335617779126e-05
4798.706874779007 5.843036258363674e-05
4782.7393454254825 5.882470117083184e-05
4766.825404043334 5.922035367884081e-05
4750.965039773704 5.9617330225359795e-05
4735.155779875484 6.0015637708818004e-05
4719.400098010348 6.041527199015792e-05
4703.697973077518 6.081623352927481e-05
4688.046970940792 6.121853842250346e-05
4672.4471122022605 6.162218575005332e-05
4656.8984137439775 6.20271773515055e-05
4641.403250916193 6.243352334455619e-05
4625.959239820988 6.284123384690148e-05
4610.566386847753 6.325130775108874e-05
4595.227010260658 6.368618288791527e-05
4579.936463425291 6.412250577508207e-05
4564.697073288414 6.456029020944749e-05
4549.508832631951 6.499953435143042e-05
4534.369476533892 6.544024142029783e-05
4519.28127570589 6.588241739468833e-05
4504.244213009265 6.632607423187919e-05
4489.256058403646 6.677121147197516e-05
4474.319027777573 6.721783877277708e-05
4459.430914026866 6.76659492358558e-05
4444.5938971632095 6.81155667757658e-05
4429.803641182019 6.856668173470626e-05
4415.064471075761 6.901928721424796e-05
4400.374224807978 6.947342460496606e-05
4385.730794033675 6.992906907251548e-05
4371.138408359227 7.038623303406877e-05
4356.592857767275 7.084491970889287e-05
4342.098309485914 7.133114951201334e-05
4327.648549383594 7.181971880242124e-05
4313.249764119154 7.230992348044346e-05
4298.89784178359 7.280175986691778e-05
4284.592801602213 7.329523302069226e-05
4270.336658920438 7.379036731621672e-05
4256.127400080176 7.428714435767996e-05
4241.965034486897 7.478557886173099e-05
4227.849568291128 7.52856758872178e-05
4213.782951366846 7.578745107057996e-05
4199.761276727428 7.629089935296937e-05
4185.786501022121 7.679603131197747e-05
4171.858617907154 7.730284740749952e-05
4157.977618044164 7.78113485593261e-05
4144.141606045721 7.83215531632684e-05
4130.352474860103 7.883345891985e-05
4116.610206214186 7.934706490928034e-05
4102.912933218344 7.988953254677375e-05
4089.2606688452142 8.04366653619836e-05
4075.653422878537 8.09856207421866e-05
4062.09120196477 8.153640328633549e-05
4048.5758069184476 8.208902817097455e-05
4035.1036318144916 8.264350045495185e-05
4021.678256919977 8.319981691900044e-05
4008.296118149802 8.375799595893145e-05
3994.9589925344203 8.431803941432603e-05
3981.6651306112767 8.487994682528892e-05
3968.4162799056285 8.544373382825962e-05
3955.2124235303913 8.600940088313341e-05
3942.05183798167 8.657695810760641e-05
3928.9345349899186 8.714641102042201e-05
3915.8622045874836 8.771776514032355e-05
3902.8314785611738 8.82910190876252e-05
3889.8457113171485 8.88661990763579e-05
3876.9015734609084 8.947207983437683e-05
3864.002369243558 9.008531983666024e-05
3851.1448076897905 9.070060591304266e-05
3838.3305282376136 9.131795369996361e-05
3825.559519539926 9.193734986045999e-05
3812.8301735339423 9.255882244814384e-05
3800.1425053439507 9.318236226510957e-05
3787.498100021512 9.380799276601648e-05
3774.895372897162 9.443570153369198e-05
3762.3343304344385 9.506551202279531e-05
3749.8165180239953 9.569742837238404e-05
3737.3388426297583 9.633145196214396e-05
3724.902854370185 9.696757911291289e-05
3712.5085485394206 9.760585121526596e-05
3700.155917754297 9.824623607653359e-05
3687.8434607499426 9.888877232791925e-05
3675.5726759861777 9.953344571266933e-05
3663.3420766168715 0.00010020960858711018
3651.153135848119 0.00010089644011224764
3639.0043811697483 0.00010158556789451625
3626.895818610668 0.0001022769965328688
3614.827451443592 0.00010297071866898078
3602.7992802302315 0.00010366676649552179
3590.8113028660346 0.00010436513127448157
3578.8635146244847 0.00010506583278135703
3566.954513116576 0.00010576887515520577
3555.0857021235793 0.00010647425747623723
3543.2570691280907 0.00010718200089963425
3531.4672317014233 0.00010789210956445434
3519.71619972537 0.00010860458806965033
3508.0039803536397 0.00010931943733501273
3496.331918443458 0.00011003667989541028
3484.6986576268287 0.00011075631161178543
3473.10287467811 0.00011147834214193907
3461.5459066650324 0.00011223305237076718
3450.029052876235 0.00011300245901315077
3438.548389650874 0.00011377442175349852
3427.107821622044 0.00011454896910531768
3415.7034719951644 0.00011532609187070275
3404.3379178666146 0.00011610580890536011
3393.0111411306616 0.000116888138605101
3381.7206135153137 0.00011767307729076318
3370.4688536525427 0.00011846063370035696
3359.2533617396516 0.00011925081749168316
3348.0753889659627 0.0001200436433813908
3336.9349301347547 0.00012083911090958455
3325.8319776556605 0.00012163723479291338
3314.7653167963376 0.00012243802422928294
3303.7361560957374 0.0001232414934754468
3292.7432920284205 0.0001240476333334994
3281.7867313620063 0.00012485647691590088
3270.8664783527456 0.00012569925893035714
3259.9825347865517 0.0001265618835865478
3249.136057572411 0.00012742740236373312
3238.3247208809094 0.0001282958065239028
3227.5485424008575 0.00012916711952171603
3216.8098064729124 0.00013004133675822006
3206.1062261739203 0.00013091847662922607
3195.437811769793 0.00013179855523106889
3184.805683201931 0.00013268157716270123
3174.2076140609047 0.0001335675286272647
3163.645824299714 0.00013445646941114575
3153.1192024267957 0.00013534836272272193
