data/xsec-infrared-dust-silicate_orion_10.ecsv
# %ECSV 1.0
# ---
# datatype:
# - {name: Wavelength, unit: micron, datatype: float64}
# - {name: Opacity, unit: cm2 / g, datatype: float64}
# schema: astropy-2.0
Wavelength Opacity
[from data line 3143]
845.2427292442862 0.001883603628337186
842.4304117378637 0.0018959565535163346
839.6274705485935 0.0019083508692706488
836.8331371241018 0.0019208464999550632
834.0489509913933 0.0019340552442600543
831.2733795638004 0.0019473081845014172
828.5079407762174 0.001960605458647735
825.7511211472871 0.001973946928730425
823.0029319479451 0.001987333008655237
820.2648592058541 0.0020007637444117007
817.5354175705573 0.002014239457926511
814.815344259483 0.002027760057220612
812.1039101200436 0.0020413257722416435
809.4018413891891 0.002054936832937246
806.7084173654601 0.0020685934692550576
804.024353474496 0.0020822954972369687
801.3489373779196 0.002096043376778257
798.6821744122199 0.002109837153868452
796.0247640511027 0.002123677012465665
793.3760062913325 0.0021375629525698945
790.7365902085655 0.002151510794578762
788.1051429045477 0.002166314409723944
785.483033308098 0.0021811675096012127
782.8689055115001 0.0021960702321791527
780.264109134309 0.0022110228993844593
777.6679681804189 0.00222602532725902
775.0804825895847 0.0022410781136667
772.5016517305054 0.002256180982670329
769.9308244169379 0.0022713346241128294
767.3693032084788 0.002286538670077976
764.8157900916102 0.00230179376441916
762.2709321520364 0.0023170997231782694
759.7340930674264 0.0023324567763029443
757.206538876993 0.0023478652457198813
754.6870034953924 0.0023633253613767192
752.1754944193032 0.0023788368933258188
749.6726347294068 0.002394400393441515
747.178418341264 0.0024100158617238084
744.6922306226917 0.0024265511665548674
742.2140766759226 0.0024431847969967092
739.7445610118928 0.0024598740287778563
737.28307951501 0.002476618815908782
734.8302276281663 0.0024934195722952374
732.384820039719 0.0025102763899162777
729.9480392251025 0.0025271896826776557
727.5192948168238 0.0025441592206317315
725.0985879659078 0.0025611854176842553
722.6859192731303 0.002578268503782869
720.2807199332161 0.0025954086628856825
717.8841309823678 0.0026126058949926976
715.4955787551162 0.00262986070598872
713.1150617407515 0.0026471729579051677
710.7420240249508 0.0026645430646477907
708.3770243504603 0.002681971072206118
706.0200596401156 0.0026994573025068457
703.6705834061823 0.0027179260070934225
701.3291417638428 0.0027365726451636842
698.9957301477931 0.002755281737012918
696.6698113567874 0.002774053328630652
694.3519191750003 0.0027928876039749985
692.0415224913495 0.0028117848389831246
689.7386253630202 0.0028307452176131427
687.4437494629346 0.0028497689238231637
685.1563726679703 0.0028688561875608283
682.8764974425827 0.002888007330752832
680.6041257147464 0.0029072224913677587
678.339258884608 0.0029265017613846634
676.082399025018 0.0029458454627302438
673.8325407919897 0.002965253779362611
671.5906831520579 0.0029847269872189316
669.3558330837927 0.0030042653162468454
667.12848733736 0.0030238688584254114
664.9091290856917 0.003044483802302913
662.6963019802413 0.003065370912206895
660.4914577886573 0.0030863276502562107
658.2936336076223 0.003107354338377556
656.1033074944696 0.0031284514364662112
653.920006653923 0.0031496191744698155
651.7442018348886 0.0031708573684302577
649.5754255360066 0.00319216666220093
647.4141413137538 0.003213547239739942
645.2598869097146 0.003234999193026351
643.1131188024557 0.0032565229359659094
640.9729294360493 0.0032781184685586155
638.8402247989089 0.0032997861587206944
636.714552907 0.0033215260064521444
634.5959147887986 0.0033433387015958872
632.4843109908713 0.0033652246580576726
630.3797415857782 0.0033871830020364697
628.2822061798996 0.0034101928045930604
626.1917039211824 0.0034335978411529555
624.1082335068108 0.00345708027808841
622.031368932807 0.003480641173158568
619.9615379124834 0.0035042803424053174
617.8987377792232 0.0035279993494726075
615.8429654459426 0.003551797366548937
613.7938043168818 0.0035756741636866645
611.7512587184617 0.003599631396508798
609.7157400926206 0.0036236685591305297
607.6868387157818 0.003647786157436666
605.6649596920672 0.003671984053458624
603.6496978442027 0.003696262845060267
601.6410551411943 0.003720622624220651
599.6390330820591 0.003745063896824583
597.6440243461303 0.0037695871687568713
595.6552436275666 0.003794191382258373
593.6730853229301 0.003819890468452062
591.6979330148632 0.003846133104876735
589.7290156375184 0.0038724632133835903
587.7667184829431 0.003898881575794604
585.8110399687567 0.003925387778204025
583.8616043134057 0.003951983246287222
581.9187878733741 0.003978667014264103
579.9825878034495 0.0040054409677053185
578.0530008683472 0.004032303404998334
576.1292955429576 0.004059255981766153
574.2122054093056 0.004086299203893585
572.3017260042734 0.004113432013621487
570.3974957548543 0.00414065528475089
568.4995165884045 0.004167971086810553
566.6077899873197 0.004195377304282187
564.7226666798765 0.0042228754088306925
562.8434455893316 0.0042504648025922
560.9704789285463 0.004279164199600596
559.1041092312871 0.004308568662062176
557.2436480639756 0.004338071772061234
555.3894394403234 0.004367674725325497
553.5414819252319 0.004397375452326207
551.6994399524764 0.004427175746654955
549.8639810152225 0.00445707496445835
548.0341079122425 0.00448707512927562
546.2108122190713 0.004517174539494232
544.3931091293292 0.004547375494590583
542.5816534818929 0.004577676798836949
540.776441121779 0.004608079509992469
538.9768304971057 0.004638584271910537
537.1834622887785 0.0046691906706854015
535.3960169354214 0.004699899350170453
533.6148073428207 0.004730710954219082
531.8392072796657 0.004761625114915068
530.0695309407747 0.004793661328114267
528.3057778230906 0.004826612135056044
526.5476430353393 0.0048596736387916265
524.7957353441296 0.004892844597603757
523.0494470988822 0.004926126989042139
521.3090802667365 0.004959520491180079
519.5746324522214 0.004993025747870964
517.8455128288845 0.0050266422992195185
516.12260628334 0.005060371754859219
514.4053231926297 0.005094213654894786
512.6936655348429 0.005128169149064419
510.9876348836467 0.0051622376854937825
509.2872324147921 0.005196419954025795
507.5927414237977 0.005230716598513849
505.90387604467486 0.005265128492758976
504.22035756521274 0.005299653981138169
502.54274506260026 0.005334295915002161
500.87048214275904 0.005370070340992216
499.20384649700674 0.005407014326667868
497.54283669247485 0.005444082576048074
495.887181316363 0.0054812742153318005
494.2371514598422 0.005518590440246778
492.5927446273903 0.005556030790897722
490.9536936998045 0.005593597198844812
489.3200007940719 0.005631289480129933
487.69192843120953 0.005669107496784501
486.06921369777154 0.005707051340787573
484.45185759665134 0.005745123311615548
482.83986075999627 0.005783321799634944
481.23322345526515 0.005821648184531604
479.6319455912253 0.00586010306416939
478.03602672389127 0.0058986864385482994
476.44521715871474 0.005937397985741639
474.86001522467853 0.005976240511110616
473.2799232788335 0.0060162060087733645
471.7051883950179 0.0060576164514151475
470.13556606487253 0.0060991661503475994
468.57129939137116 0.006140854185780162
467.01214641240455 0.006182682121356784
465.45810877021074 0.006224649083276436
463.90942371970925 0.006266757095078346
462.3656186548304 0.006309006018793931
460.8271645486471 0.006351395854423192
459.2938256707982 0.006393927153840461
457.76560192663095 0.006436601802616391
456.2424928849684 0.006479418513044192
454.72427105754804 0.006522378158924901
453.21116509558436 0.006565480924216627
451.70317356149627 0.00660872772870993
450.20029470348237 0.0066521205039649835
448.70230570009363 0.00669565741040067
447.2092085868091 0.006740275668607324
445.72122287918313 0.006786690277776168
444.23812917295237 0.006833260469518108
442.7599284787361 0.006879986243833145
441.2866214670458 0.00692686773868986
439.81820847383085 0.006973906793669371
438.35490020216236 0.007021102672939234
436.89627354305634 0.007068455376499447
435.442539966893 0.007115967433774046
433.9934920011002 0.0071636387987735065
432.5495428112591 0.007211468597696795
431.1102791439057 0.007259457336428721
429.6757032052771 0.007307608280225767
428.24601794594986 0.007355919129611538
426.8210211224925 0.007404390850366119
425.4009123730095 0.007453026707745996
423.9852944047888 0.007501823068578462
422.5745633280342 0.00755165773498372
421.1685209780715 0.0076036874355690735
419.7671673034517 0.0076558906546434265
418.37031002065703 0.007708268449965922
416.9783335863246 0.007760820683567979
415.59085444932845 0.007813550436747967
414.20787512722586 0.007866455410029491
412.8297715448932 0.007919537902888948
411.4559812029584 0.007972798375221616
410.08687816417773 0.0080262368270275
408.7224599714163 0.008079852338516035
407.36235998593884 0.008133649048744739
406.0069439652544 0.008187623738446658
404.65602906424186 0.008241780546679303
403.3096153080764 0.008296118093756839
401.9675252551965 0.008350637759365105
400.63011385450983 0.00840533908360882
399.29702707601615 0.00846099882961526
397.9684409280868 0.008519361840075302
396.64418146471303 0.008577918466448063
395.3244217730127 0.008636672847791061
394.00898962615804 0.008695623144523176
392.69788614861545 0.008754770736330245
391.39128012843815 0.008814117002898114
390.088835033057 0.008873661944226775
388.7908859231269 0.008933405100420951
387.4972647876732 0.008993347851166485
386.2078077498187 0.00905349203604449
384.9228423850697 0.00911383765505497
383.6420417833298 0.009174386087883759
382.3654080052726 0.009235134575159185
381.09310204770685 0.009296088635624599
379.8251221833281 0.009357246429698884
378.56130929081604 0.00941860841727732
377.3016642644024 0.00948078671897708
376.0461877080727 0.009546197624597281
374.79487994029586 0.00961182744037058
373.54789400087 0.009677677545982819
372.3049226303832 0.009743747021643436
371.06611934414065 0.009810037247038267
369.83133339199816 0.009876550521643716
368.600715699723 0.00994328500587866
367.37426494935306 0.010010243459114781
366.1518325658331 0.010077425881352074
364.9335656850408 0.01014483181269526
363.7193171648399 0.010212464472411304
362.50894347722397 0.010280323400604915
361.302734055437 0.010348409057171382
360.1005438623784 0.010416722361901257
358.90237265163927 0.010485264234585104
357.70821991524826 0.010554034215327641
356.51794551842875 0.010623449429147487
355.33155122092626 0.010696838598078517
354.1493135444638 0.010770472891193586
352.9708183698089 0.010844354607969089
351.7963407780177 0.010918483748405025
350.6258787272742 0.010992860772396678
349.4591621333409 0.011067487059629883
348.2963268486057 0.011142365369476319
347.1373727638758 0.01121749294256431
345.9822995152075 0.011292872078370254
344.83110648815614 0.011368504156579985
343.6836633060786 0.011444388717298228
342.5401001028372 0.011520529439687219
341.40028771958464 0.01159692448416584
340.264354062969 0.011673576150210488
339.13217118588796 0.011750483058135322
338.0037395369868 0.011827648887102585
336.87905930955304 0.011905241038994051
335.75813044571527 0.01198749147017278
334.64095264059966 0.012070016458833443
333.52740337213754 0.012152818304452435
332.41760544873284 0.012235897007029756
331.31155783275744 0.012319253946251248
330.20913969656965 0.012402890041907469
329.11035192794793 0.012486806213788977
328.0153131359343 0.012571004301476892
326.9237869675704 0.012655483385180653
325.83600873754983 0.012740244384690822
324.75186037948964 0.012825290979169636
323.671226692655 0.012910620409245411
322.59422351181314 0.012996238193661507
321.5208500277982 0.013082141113150971
320.4509926074908 0.013168331007294915
319.3847640860238 0.01325481063546502
318.3220518648542 0.013341578617975443
317.262856451081 0.013433616540495023
316.20717811097416 0.01352608952394912
315.15501687392486 0.013618871557031125
314.1063725363573 0.013711964939217428
313.0611372014463 0.013805369670508034
312.0195258534863 0.013899087130588784
310.9812173482509 0.013993119618936067
309.94653082489623 0.01408746713554989
308.9151489347 0.014182129680430257
307.8872821959115 0.014277110012948836
306.86282558751446 0.014372409512791477
305.8417791943081 0.014468026340377048
304.82404099081185 0.014563963255077235
303.8098150557751 0.014660222556368438
302.79889770576716 0.01475680378435537
301.7913900107712 0.014853708318723877
300.78719174260004 0.014950937999055074
299.7863036447375 0.015053813813734152
298.7888241185484 0.015157596541904642
297.79465425942686 0.015261726950906515
296.80369754922157 0.015366205500635065
295.816147669345 0.015471034950461968
294.83181170592206 0.015576215760282498
293.8507856642059 0.015681747930096655
292.8730687477782 0.015787635139066676
291.8984731021318 0.01589387600750673
290.92727966405556 0.016000474214579046
289.9592085894057 0.01610742838059778
288.9943535193143 0.016214741724829906
288.03280542057524 0.01632241378738013
287.0743815388509 0.016430446407829574
286.11917302774634 0.01653884188565464
285.1670900918507 0.016647600220855322
284.2182222524169 0.016756721873326906
283.2725684684086 0.016871747661398238
282.32995270044574 0.016988204183684467
281.3905506461338 0.017105051157063088
280.4542744214324 0.017222290881010505
279.5210382490214 0.017339923815421994
278.5909286272646 0.017457950420192842
277.6639450322815 0.017576374374485275
276.74008674223813 0.017695195678299303
275.8192694237101 0.01781441571132076
274.9014936314487 0.017934034933444924
273.98675971000665 0.018054055644148196
273.0750677971735 0.018174479683011696
272.16641782737787 0.01829530705003542
271.26080953505544 0.018416540964486326
270.3582424579833 0.01853818004667858
269.4586363265697 0.018660228435669692
268.56207096693834 0.018782684751773825
267.6683882166036 0.018911202947558617
266.77774605566765 0.019041742842992614
265.89006553665337 0.019172723318104483
265.00534659909806 0.019304141613522553
264.123588987784 0.019436001868304333
263.24471627155424 0.01956830408244983
262.3688048094043 0.01970105009554016
261.4957787929217 0.019834242666947
260.6256387042791 0.01996788133677507
259.75845881204935 0.020101969324291324
258.89416423598544 0.020236506169600488
258.03268187625974 0.02037149509196952
257.1740854246587 0.02050693793097953
256.31837440188866 0.020642832847049413
255.4654765859728 0.020779184439131956
254.61546364582543 0.020915994086912994
253.7682639412549 0.021053260870601977
252.9238776780257 0.0211969510116614
252.08223519548952 0.021343555049212485
251.24347614082308 0.021490649795026923
250.40746126372304 0.021638241227743348
249.57425969898387 0.02178632750778065
248.743802883628 0.021934911854405777
247.9161586696036 0.02208399426761873
247.09125903833817 0.022233578426581746
246.26903758222136 0.022383665251085386
245.4496276539914 0.022534256580710767
244.63289641862266 0.02268535241545789
243.81890992094333 0.022836956434488992
243.0076027806252 0.022989070477385194
242.19903980828033 0.023141693624355936
241.39315613346395 0.023294830934249285
240.5898884185251 0.023448481027379415
239.78936397448769 0.023602648042803834
238.99151868365988 0.023763329934759336
238.19628993607617 0.02392773789827031
237.40367840339778 0.024092697736116823
236.6137459614159 0.02425821312746112
235.826430712669 0.02442428545198904
235.04173279363079 0.024590914249805293
234.25965216551472 0.02475810320007212
233.4801886171752 0.024925852762684806
232.70328239206728 0.025094167076700865
231.9289931077417 0.02526304476243445
231.15726145559123 0.02543249179852421
230.38808772329583 0.025602507265179583
229.62147202470243 0.02577309254208639
228.85747173221267 0.02594425084851161
228.09591433197662 0.026115984024036365
227.33697172197287 0.02628829344834646
226.58052962701913 0.026461180961023057
225.82658845605187 0.02664081283797526
225.07514844594493 0.02682555967022738
224.32626484224477 0.0270109292006881
223.57982682369553 0.027196923268938546
222.83588967473293 0.027383543714559838
222.09439888641091 0.027570791457342533
221.35540868106398 0.027758671096239414
220.6188649449687 0.027947182171355216
219.88476784436017 0.028136326982166338
219.1531173810049 0.02832610966773028
