data/xsec-infrared-dust-silicate_ism_10.ecsv
# %ECSV 0.9
# ---
# datatype:
# - {name: Wavelength, unit: micron, datatype: float64}
# - {name: Opacity, unit: cm2 / g, datatype: float64}
# schema: astropy-2.0
Wavelength Opacity
[from data line 391]
8137226.472753229 1.68454830419792e-11
8110155.835932971 1.6959704933101758e-11
8083164.417059378 1.7074701287875195e-11
8056273.779037258 1.7190477625042866e-11
8029462.492637458 1.7307039923243404e-11
8002744.801067734 1.7424391401743766e-11
7976120.614336202 1.754253803918259e-11
7949575.979031251 1.7661487193884353e-11
7923124.838735742 1.7781242085116005e-11
7896767.0877987165 1.7901808691516185e-11
7870489.0318004005 1.8023193911514087e-11
7844297.574116571 1.814540142427195e-11
7818199.430951669 1.8268439048009523e-11
7792181.161376757 1.8392308162412647e-11
7766256.128061477 1.851701888517747e-11
7740411.05656611 1.8642574895466233e-11
7714659.121188668 1.8768982171917578e-11
7688987.212000215 1.889624761296069e-11
7663401.878205689 1.9024374897757802e-11
7637903.094104495 1.9153371384633402e-11
7612490.828701427 1.928324259233083e-11
7587158.733842971 1.941399311980289e-11
7561913.1640305 1.954563078526934e-11
7536754.072078475 1.9678162487159364e-11
7511675.218884616 1.981159190463521e-11
7486682.816667392 1.9945925936126057e-11
7461770.6978228325 2.0081170100375282e-11
7436938.916800061 2.021733313539318e-11
7412193.546027528 2.0354417340656147e-11
7387528.523393435 2.0492431454174514e-11
7362949.83021619 2.063138237437746e-11
7338451.4740873 2.077127470021779e-11
7314033.480950632 2.091211670981053e-11
7289695.871010751 2.1053913002108478e-11
7265438.658825516 2.1196671395331392e-11
7241261.853397797 2.134039602853678e-11
7217171.169616976 2.1485097019420807e-11
7193155.144998863 2.1630777587250413e-11
7169219.521973423 2.177744738982649e-11
7145364.288221431 2.1925111485997093e-11
7121589.426313804 2.2073774934610315e-11
7097894.913797935 2.2223448313257578e-11
7074275.235847959 2.237413530110112e-11
7050735.9205617085 2.2525845096046536e-11
7027276.930189551 2.2678583676732456e-11
7003892.8435113765 2.2832357021797525e-11
6980589.0637438 2.2987175248937886e-11
6957360.231057595 2.314304111752522e-11
6934211.666811129 2.3299962905674554e-11
6911138.071959195 2.3457952570663164e-11
6888139.484824569 2.361700781301466e-11
6865221.106038309 2.3777149328016604e-11
6842377.726259875 2.393837205682094e-11
6819609.367989711 2.4100686577019086e-11
6796916.048398216 2.4264100706830803e-11
6774302.811335666 2.4428626863428638e-11
6751759.566288288 2.4594268725974833e-11
6729296.345814997 2.4761031353317453e-11
6706903.1830580095 2.4928924403257386e-11
6684585.068308105 2.50979593731766e-11
6662346.855511084 2.5268133503703438e-11
6640178.760601898 2.5439467950020754e-11
6618080.858144484 2.561196133244271e-11
6596062.758065531 2.578562560824657e-11
6574114.8552649515 2.5960468595652102e-11
6552237.2082296675 2.6136494893612084e-11
6530434.545998748 2.6313716459403805e-11
6508706.82272338 2.6492139271665882e-11
6487049.37412777 2.6671770688722806e-11
6465462.238014082 2.6852620828270717e-11
6443950.000035329 2.7034696128843526e-11
6422508.073909547 2.721800624824212e-11
6401136.48247724 2.740256360363904e-11
6379839.706527374 2.758836543566261e-11
6358608.803326557 2.7775429680228727e-11
6337452.677573756 2.7963762775871316e-11
6316366.8701017 2.8153378519448767e-11
6295347.03445667 2.834427323179883e-11
6274401.885072497 2.853646254936103e-11
6253522.74924608 2.872995521014566e-11
6232713.957383818 2.892476087195361e-11
6211975.489942322 2.9120886893109343e-11
6191307.323053863 2.931834753036653e-11
6170705.253421798 2.951713818477237e-11
6150173.479399953 2.9717280471405024e-11
6129707.844144112 2.991878082879838e-11
6109312.481285207 3.0121649374648605e-11
6088983.279999092 3.032589346728018e-11
6068724.31023159 3.053152046501755e-11
6048531.5067475615 3.07385404855569e-11
6028404.891997689 3.094696732575659e-11
6008344.483687542 3.1156804204883606e-11
5988354.226911348 3.136806491979633e-11
5968426.239871836 3.158076050798145e-11
5948568.36483509 3.17948928090201e-11
5928772.815536505 3.201048205830458e-11
5909047.321620634 3.222753331468298e-11
5889384.191265501 3.24460530166892e-11
5869787.265264826 3.2666056800762745e-11
5850256.526050962 3.2887551105437543e-11
5830791.951972688 3.311054604840973e-11
5811389.814264923 3.333505726611883e-11
5792053.835616177 3.356108705804122e-11
5772780.327985072 3.378864646166363e-11
5753572.956188309 3.401775755195947e-11
5734428.072540516 3.4248418029452343e-11
5715345.703213127 3.448064399047704e-11
5696329.427725011 3.471443957409109e-11
5677375.658002858 3.494982409589621e-11
5658484.407214816 3.5186802614740494e-11
5639655.684179281 3.542538892748232e-11
5620889.493435824 3.566559499139898e-11
5602185.835315394 3.590743322366299e-11
5583544.7060098415 3.615090040500742e-11
5564966.097640747 3.6396025508834865e-11
5546449.9983275505 3.664281267420286e-11
5527993.041517532 3.6891272478702835e-11
5509601.931260467 3.7141415959821495e-11
5491266.65819695 3.7393251855569137e-11
5472997.180086212 3.76468050002909e-11
5454783.61196392 3.7902075853882024e-11
5436635.771632684 3.8159066255923643e-11
5418543.897038161 3.841781207824757e-11
5400514.470062674 3.867830320315765e-11
5382544.26729526 3.894056722437066e-11
5364636.457645843 3.920460092261964e-11
5346784.7180450475 3.947043695046946e-11
5328995.34414091 3.973806748970034e-11
5311262.088653816 4.000751231580932e-11
5293588.083390265 4.027878982460759e-11
5275976.373807554 4.055190323536209e-11
5258420.82473026 4.0826865885035934e-11
5240921.48272105 4.110369616944032e-11
5223484.373362292 4.138240466616667e-11
5206103.471306493 4.166299873353945e-11
5188781.762797573 4.194550320590377e-11
5171516.286306936 4.222991624367851e-11
5154307.067843567 4.25162576223607e-11
5137157.022949911 4.2804541598703984e-11
5120063.2372722635 4.30947815096715e-11
5103025.724956986 4.3386992071912175e-11
5086047.33258567 4.368117420521658e-11
5069122.374839367 4.397735872256845e-11
5052256.508381096 4.427555114271113e-11
5035444.115680495 4.4575770781246366e-11
5018690.771056902 4.487801763817418e-11
5001990.9240191 4.5182321146792436e-11
4985347.342596678 4.5488679007624747e-11
4968760.011070747 4.579711789459734e-11
4952226.221169029 4.6107654363940276e-11
4935748.6751411455 4.642028151722436e-11
4919324.693229942 4.67350398252342e-11
4902954.298767326 4.7051932047341465e-11
4886640.129495963 4.737097565956678e-11
4870382.148767746 4.7692171121805446e-11
4854175.149497418 4.8015556605365656e-11
4838024.324864847 4.834113348993325e-11
4821924.529479036 4.866891327289022e-11
4805880.8805512 4.899891618962886e-11
4789890.80939701 4.9331153737531165e-11
4773951.811353525 4.9665644312408347e-11
4758066.409459787 5.0002415048081864e-11
4742234.590857471 5.0341455826855567e-11
4726456.339359566 5.06828002210849e-11
4710729.202285531 5.102645420940847e-11
4695053.20545491 5.1372438947009154e-11
4679430.771875185 5.1720778808336766e-11
4663861.871957559 5.2071475632972414e-11
4648341.734667353 5.2424546896936765e-11
4632875.125727697 5.278001927415597e-11
4617459.66810996 5.313789874326872e-11
4602095.36631569 5.3498202320400344e-11
4586782.221390701 5.386095024094313e-11
4571520.2309820745 5.422616228039411e-11
4556309.389394591 5.459384901634475e-11
4541147.426459054 5.4964026085234494e-11
4526036.621194556 5.533670958339818e-11
4510976.957909914 5.5711927564447844e-11
4495968.4177937815 5.608968968618435e-11
4481008.777274211 5.6470014804314175e-11
4466098.055337502 5.6852906597999555e-11
4451236.267423637 5.7238402778653425e-11
4436425.583582113 5.762651346397192e-11
4421663.825553726 5.801725061123232e-11
4406950.998763928 5.84106487125806e-11
4392287.105314234 5.880670316906395e-11
4377672.144036935 5.920544341398028e-11
4363106.110549244 5.960689014261717e-11
4348588.997306926 6.001105853151883e-11
4334118.733943088 6.041797479471625e-11
4319697.393829938 6.082764215147631e-11
4305322.927544059 6.124008773562056e-11
4290997.374587133 6.165533316222714e-11
4276720.711848908 6.207339176825914e-11
4262488.9289795505 6.24942810297372e-11
4248306.034551025 6.291803221954033e-11
4234170.030711661 6.334465361578356e-11
4220080.92190259 6.377415855542999e-11
4206038.70939178 6.420659716706511e-11
4192045.31821623 6.464195289445887e-11
4178094.9627842605 6.508025563080443e-11
4164193.4158257614 6.552154354740997e-11
4150336.8508044914 6.596581250521803e-11
4136527.1677307338 6.641309469689814e-11
4122764.3496610476 6.686341955574819e-11
4109044.6741464497 6.731679398019742e-11
4095371.87054314 6.777323820563809e-11
4081745.913107149 6.823278488463508e-11
4068163.1440477693 6.86954381562459e-11
4054627.2099274346 6.916122837355899e-11
4041136.285991925 6.963018037091947e-11
4027688.592543653 7.010231944256768e-11
4014287.695019774 7.057764650829424e-11
4000930.040755088 7.105621031699875e-11
3987617.3986043343 7.153800764941426e-11
3974349.7558520343 7.202308265548761e-11
3961125.376567511 7.25114357951141e-11
3947944.2768443977 7.300310753907831e-11
3934808.1673156363 7.349811030455279e-11
3921715.33764808 7.399646616651098e-11
3908665.794931335 7.449820869730828e-11
3895659.5432766336 7.500335123390781e-11
3882698.236863325 7.551192045023578e-11
3869778.557013889 7.602393152283641e-11
3856902.163248459 7.65394074464737e-11
3844069.0482472815 7.705840570805759e-11
3831277.592445326 7.75808964143949e-11
3818529.4139813446 7.810694027166253e-11
3805822.9090508474 7.863655199650949e-11
3793159.6687307223 7.916975872275718e-11
3780538.104880915 7.970657240768296e-11
3767958.2252420983 8.024702892311858e-11
3755421.581073664 8.079115034403749e-11
3742925.071318729 8.133896104488949e-11
3730471.7778765843 8.189048999907721e-11
3718058.635252333 8.244575652220242e-11
3705687.173365211 8.300477901007627e-11
3693355.887642606 8.356760207254087e-11
3681066.2821997437 8.413424272572162e-11
3668818.342804409 8.4704713386791e-11
3656610.5866093477 8.527906418433454e-11
3644443.0236089574 8.585730661573422e-11
3632317.107655985 8.643946827470681e-11
3620231.3772439878 8.70255698565399e-11
3608184.4067088496 8.7615658270552e-11
3596179.059749017 8.820974547402037e-11
3584212.487207663 8.880785262212793e-11
3572286.110348388 8.941002386482145e-11
3560399.9203594755 9.001627851770273e-11
3548553.905918964 9.062663727605931e-11
3536745.3101283545 9.124114934868612e-11
3524976.896327415 9.185981105642095e-11
3513248.6455501937 9.248267206795398e-11
3501557.847693752 9.310975629783976e-11
3489907.2036735862 9.37410986981195e-11
3478295.360671006 9.437671582502332e-11
3466720.998902205 9.50166458498594e-11
3455185.4491229625 9.56609057887531e-11
3443688.7041346543 9.6309547609871e-11
3432230.7542929235 9.696258373038567e-11
3420810.3044408644 9.762004358359499e-11
3409427.365738844 9.828195752258742e-11
3398083.2127982546 9.894836877751924e-11
3386775.310853612 9.961929804367803e-11
3375506.1871325853 1.0029477199499002e-10
3364274.5764500047 1.0097484213972653e-10
3353080.4772404153 1.0165949790029613e-10
3341923.8854848742 1.0234881010057184e-10
3330803.5782764405 1.0304280081552713e-10
3319720.779450055 1.037414852217062e-10
3308674.277343091 1.0444490792895121e-10
3297665.2746806922 1.0515310802836089e-10
3286692.570993641 1.0586611081417562e-10
3275756.171675485 1.0658394250042634e-10
3264856.0796309854 1.0730664033863074e-10
3253992.2953169276 1.0803424525946865e-10
3243164.816782525 1.0876677657854185e-10
3232373.6397094266 1.0950428120516884e-10
3221618.7574513187 1.1024679225180978e-10
3210899.0306042335 1.1099432121584662e-10
3200214.4705136376 1.1174691914565544e-10
3189566.201509938 1.1250462835160193e-10
3178953.0996361286 1.1326747826698401e-10
3168375.168971324 1.14035497405309e-10
3157832.4112024102 1.1480872439778038e-10
3147325.911809996 1.1558719143706776e-10
3136852.4093743735 1.1637094727207075e-10
3126415.157080079 1.1716000110069495e-10
3116011.9966461873 1.1795441040985033e-10
3105643.9971681433 1.1875422164896008e-10
3095310.0961073427 1.19559445855511e-10
3085011.343843796 1.2037011660185838e-10
3074745.650768906 1.2118629873323672e-10
3064515.0992892813 1.2200801294493364e-10
3054317.622910329 1.2283529694836201e-10
3044155.2719462067 1.2366819397367813e-10
3034026.0028004856 1.2450673207449404e-10
3023929.8289125497 1.2535095907991883e-10
3013868.7532860916 1.2620090396335517e-10
3003839.7767672758 1.2705663248982794e-10
2993844.8912597457 1.2791814144007029e-10
2983883.1050706385 1.2878550117805992e-10
2973954.420235412 1.2965874527615227e-10
2964058.836567906 1.3053790408743584e-10
2954196.3516970756 1.3142303233944883e-10
2944366.0105228797 1.3231415302695525e-10
2934568.7696241247 1.3321132133738868e-10
2924804.6201650524 1.3411457406237144e-10
2915072.6195091875 1.3502393879562036e-10
2905372.7733439696 1.3593948912038017e-10
2895705.0851375395 1.3686122503665083e-10
2886070.469486451 1.3778922932558267e-10
2876467.092837976 1.3872352038298693e-10
2866895.87163851 1.3966414879734437e-10
2857356.800838158 1.406111559592301e-10
2847848.984064224 1.415645740613137e-10
2838372.429942464 1.4252445829102873e-10
2828928.022393198 1.4349086843476158e-10
2819514.876496283 1.444638136904178e-10
2810133.860356684 1.4544336304228935e-10
2800783.236575281 1.4642955328199864e-10
2791463.874876305 1.4742243499802633e-10
2782174.9225368677 1.4842203578408927e-10
2772918.076689428 1.494284246244794e-10
2763690.7999703023 1.504416291129135e-10
2754494.7797491476 1.5146171363473065e-10
2745330.004018658 1.524887149815533e-10
2736194.8170709754 1.5352267914290936e-10
2727090.051384118 1.5456365670727962e-10
2718016.5155266696 1.5561167986733365e-10
2708972.580563716 1.566668176073634e-10
2699958.2572243125 1.5772911131794395e-10
2690974.348109989 1.5879860238965063e-10
2682020.05515786 1.5987535060886964e-10
2673096.1663932023 1.609593973661762e-10
2664201.890414832 1.6205079784900387e-10
2655336.4547123923 1.6314959804688063e-10
2646501.409291019 1.6425584394933443e-10
2637695.209690985 1.653695953427516e-10
2628918.6237265095 1.6649088901875454e-10
2620170.891452813 1.6761979856058789e-10
2611452.7666366296 1.6875636535882698e-10
2602763.495557037 1.6990062160614125e-10
2594103.0803267434 1.7105265468263392e-10
2585470.7881490183 1.7221248298411607e-10
2576868.0880882014 1.7338018929173812e-10
2568293.5153968073 1.7455579660026403e-10
2559747.7974801646 1.7573939228979693e-10
2551230.926961224 1.769310085530064e-10
2542741.476797484 1.7813069597837315e-10
2534280.872792994 1.7933852814914196e-10
2525848.4025670597 1.8055454645588797e-10
2517443.370635845 1.8177881068499756e-10
2509067.168993653 1.8301137602390427e-10
2500718.4081391804 1.8425230225899447e-10
2492397.0957014896 1.8550163537979607e-10
2484103.9139889916 1.8675944437060106e-10
2475838.1811710875 1.88025784418843e-10
2467600.566898762 1.893007107119554e-10
2459389.731562465 1.905842738384191e-10
2451206.345614182 1.918765473814787e-10
2443049.7511544884 1.9317758652856793e-10
2434920.6061030007 1.944874418681674e-10
2426818.903429106 1.958061685877107e-10
2418743.9929219913 1.97133854067301e-10
2410695.8769699247 1.9847052590065503e-10
2402673.9231634364 1.9981628526473438e-10
2394679.4004794084 2.0117114595639734e-10
2386711.668743263 2.0253520455365272e-10
2378769.4823698495 2.0390851624393403e-10
2370854.708720222 2.052911270167692e-10
2362965.4905990507 2.0668312425226142e-10
2355103.05899998 2.0808454934098577e-10
2347266.7982714646 2.0949548046513995e-10
2339456.1072373847 2.109159912079685e-10
2331672.1873437245 2.1234611836109395e-10
2323913.8378366805 2.1378594930461934e-10
2316181.0644071037 2.152355300280726e-10
2308473.870961373 2.1669496170841538e-10
2300792.8400941407 2.1816427653831713e-10
2293136.807485885 2.196435572989282e-10
2285506.9289452937 2.2113286837558776e-10
2277902.0522099147 2.22632274153635e-10
2270322.184109687 2.24141839018409e-10
2262767.8911251365 2.2566164575106005e-10
2255239.1653933553 2.2719178173169143e-10
2247734.8895282666 2.2873226995506703e-10
2240255.6249576267 2.3028319320233715e-10
2232801.3700390863 2.3184466184836894e-10
2225372.1215043417 2.334167080858319e-10
2217967.335080631 2.3499938710215976e-10
2210587.0150797428 2.3659285526174746e-10
2203231.6963869417 2.381970941687838e-10
