data/xsec-infrared-dust-pah1_c15.ecsv
# %ECSV 0.9
# ---
# datatype:
# - {name: Wavelength, unit: micron, datatype: float64}
# - {name: Opacity, unit: cm2 / g, datatype: float64}
# schema: astropy-2.0
Wavelength Opacity
[from data line 3535]
228.85747173221267 0.00018417633215775422
228.09591433197662 0.0001847888206911507
227.33697172197287 0.0001854033787533055
226.58052962701913 0.00018601991436516266
225.82658845605187 0.0001866385195057781
225.07514844594493 0.00018725914818562382
224.32626484224477 0.00018788184639422786
223.57982682369553 0.00018850656814206222
222.83588967473293 0.00018913340540818285
222.09439888641091 0.00018976226621353378
221.35540868106398 0.00019039319654764303
220.6188649449687 0.0001910261964105105
219.88476784436017 0.00019166131179166427
219.1531173810049 0.00019229854269110428
218.42391339491837 0.00019293784311930252
217.69710360209936 0.0001935792590657871
216.9727401825188 0.00019422279053055787
216.25077122328221 0.0001948684375136149
215.53124789520265 0.00019551620001495814
214.81406806025723 0.00019616607803458767
214.09928290825707 0.0001968181635515594
213.38689219539782 0.0001974723645868173
212.67684592775146 0.0001981286811403615
211.96919381049952 0.00019878720519124786
211.26388619918666 0.00019944789074994844
210.56092321729705 0.0002001107378164632
209.86030483129716 0.00020077579238032012
209.16198288311907 0.0002014430084519913
208.46605329187787 0.00020211247801053258
207.77237260785537 0.00020278410907688808
207.08103612269826 0.00020345794764058573
206.39199633563686 0.00020413399370162557
205.70525324301548 0.00020481229324953557
205.0207606000454 0.0002054928002947877
204.33856480389213 0.00020617556082690996
203.65866539707523 0.0002068605748459024
202.98101660104282 0.00020754784235176493
202.30557369601635 0.0002082373633444976
201.63242673911284 0.0002089291378241004
200.9615304101951 0.00020962321178010128
200.2928404313939 0.00021031953922297233
199.62635724581295 0.00021101816614224148
198.962124548981 0.00021171909253790867
198.3000984977463 0.00021242236439950198
197.64027908887832 0.0002131278897479654
196.98262362711534 0.00021383576056235485
196.32721719516434 0.0002145459308531424
195.67393256329635 0.000215258492599384
195.02285424073133 0.00021597335382202368
194.37394008124915 0.0002166905605105894
193.72714890565405 0.00021741015865460917
193.08256312021422 0.000218132056275027
192.4400597745835 0.00021885639134042683
191.79976104946437 0.0002195830718717527
191.1615453398714 0.00022031214385853263
190.5254931257274 0.0002210436073007665
189.89152446664843 0.00022177746219845446
189.25967922144545 0.0002225137545411244
188.62991802871807 0.0002232524383392483
188.00227993992996 0.00022399355958235427
187.3766873404242 0.00022473711827044216
186.75321749992324 0.000225483114403512
186.13183154334516 0.00022623154798156388
185.51249147954553 0.00022698241900459773
184.89519767161804 0.0002277357734621415
184.27998757726576 0.00022849161135419523
183.66678656026343 0.00022924993268075888
183.0556687944881 0.00023001069145230454
182.44656036220445 0.0002307739796478881
181.8394616754393 0.00023153979726750953
181.23440902181707 0.00023230809832164095
180.63136604253114 0.0002330788828102823
180.0303327422469 0.00023385224271248948
179.43130899271551 0.00023462808604920665
178.83425946733274 0.00023540650479948963
178.2392193122194 0.00023618749896333854
177.64611880240028 0.0002369710225512253
177.05502742120322 0.00023775707556314998
176.46587610470155 0.0002385457499781685
175.8786992381675 0.0002393369998067529
175.2934964767353 0.00024013082504890313
174.71020041290612 0.00024092727169414723
174.12887828162292 0.00024172629375295715
173.54946330970245 0.00024252793721486095
172.97198877958022 0.0002433322480693865
172.39645437958828 0.00024413913433747792
171.8228273031748 0.0002449486879981911
171.2510754830426 0.00024576086306199815
170.68126340816423 0.000246575705518427
170.11332681232247 0.00024739321536747764
169.54729756108446 0.000248213438598678
168.98314393139287 0.0002490362832329722
168.42086601566095 0.0002498618412494162
167.86046378079192 0.00025069011264800987
167.3019063795409 0.0002515210514392254
166.74522463251145 0.0002523547036125906
166.19038785410672 0.0002531911151576336
165.63739612927927 0.0002540302400848263
165.08624941961867 0.0002548721243836967
164.53694756539443 0.0002557167220647169
163.9894608001355 0.0002565640791174148
163.44381860675256 0.00025741424153131835
162.89996227579823 0.0002582671173273717
162.3579212418102 0.00025912279848463066
161.81769533276605 0.00025998128500309535
161.27925573867668 0.0002608425768827657
160.7426026236647 0.0002617066741236417
160.2077360310536 0.0002625735767257234
159.67468384149976 0.00026344333067853873
159.14336199426177 0.00026431588999255973
158.61382646464736 0.00026519130065731444
158.08604942615804 0.0002660695626728027
157.5600308900587 0.00026695067603902463
157.03577075119233 0.0002678346867455081
156.51324192982887 0.0002687215488027253
155.99244462909635 0.0002696113082002041
155.4734054386711 0.00027050396493794444
154.9560711431867 0.00027139956500547434
154.44046827975674 0.0002722980164237379
153.92657061221087 0.000273199411171791
153.4144040985869 0.0002741037492496337
152.90391698926823 0.00027501103065726587
152.39516065156954 0.0002759212553946877
151.88805850088485 0.000276834469451427
151.38268663435286 0.00027775062683795595
150.87896925841002 0.00027866972755427437
150.37693165104636 0.0002795918635794383
149.87654905301684 0.00028051698892391977
149.37784618438698 0.00028144510358771877
148.88079839287096 0.00028237625356036317
148.3854298524151 0.00028331039285232516
147.89166805585376 0.00028424756745313266
147.3995852447197 0.0002851878233523136
146.90910965347493 0.00028613111456033996
146.42028884291847 0.00028707744107721187
145.9330989549622 0.00028802684889245723
145.44751665110923 0.00028897938399560395
144.96354214600404 0.0002899349544075962
144.48119843351964 0.00029089365210748983
144.00043958028925 0.0002918554311057569
143.52128851902083 0.0002928203373919254
143.04372259995142 0.0002937883709659953
142.56776424044057 0.0002947595318279666
142.09339088115664 0.00029573386596736727
141.62058045182556 0.0002967113273946694
141.14935505423804 0.0002976919620994008
140.67967100084485 0.00029867577008156165
140.21157188241415 0.00029966279733067985
139.74503579510863 0.0003006529518676994
139.28004130752805 0.00030164637166120423
138.8166097117744 0.0003026429647321385
138.3546986666521 0.0003036427770700301
137.89432939810334 0.00030464585466440694
137.4355017601389 0.0003056521515257411
136.97819493378938 0.0003066617136435606
136.52240898580916 0.00030767449502833746
136.06814388131994 0.00030869058765912755
135.6153793193387 0.00030970999153593086
135.1641355008602 0.00031073261467969157
134.7143921943645 0.00031175859505899343
134.26612960214825 0.00031278784069478064
133.8193872598074 0.000313820443566109
133.37410603153685 0.00031485635768345064
132.93030574844863 0.00031589562903633356
132.48800562260502 0.00031693825762475763
132.04714778160792 0.000317984197459195
131.60777074619008 0.0003190335405187015
131.1698553262656 0.0003200862868032772
130.73340148098583 0.00032114239032339417
130.29840907356973 0.00032220189706858027
129.86484088851472 0.00032326485302836347
129.43273407775132 0.000324331166223688
129.00205172671085 0.00032540097462313756
128.5728121792288 0.0003264741862476563
128.1449971883976 0.00032755084708677217
127.71858889444859 0.0003286310031300132
127.2936231198718 0.0003297146083878513
126.87006404851557 0.0003308016628602866
126.44791177928849 0.000331892258526375
126.02716631647606 0.0003329863493965884
125.60782757130379 0.000334083935470927
125.18987817871789 0.0003351850627389186
124.77331821095312 0.00033628968521103535
124.3581306900322 0.0003373978948663331
123.94434953067629 0.0003385096457152839
123.53192399481655 0.0003396249377578878
123.12088770160032 0.0003407438629732006
122.7112072468503 0.0003418663293821666
122.30289922241103 0.00034299238297431353
121.89594710678232 0.00034412206973916955
121.4903509086266 0.00034525538967673444
121.08609447025566 0.00034639229679748047
120.68319391248562 0.0003475328370909354
120.28163311332257 0.00034867705654662733
119.88139628701552 0.00034982495516455616
119.48249928565974 0.00035097648695519407
119.08494190495952 0.00035213169790806884
118.68869296289274 0.00035329063401270857
118.29376804563648 0.00035445324927958527
117.90015175766244 0.0003556195437086989
117.50784416398321 0.0003567896092791054
117.11684524203186 0.0003579634000012768
116.72715488311158 0.00035914091587521316
116.33874321245712 0.00036032220289044235
115.95164002915065 0.00036150726104696443
115.5658156824079 0.00036269609034477937
115.18128485986216 0.00036388873677341516
114.79803287528668 0.00036508515434334384
114.41604534488535 0.0003662853890440933
114.03533669995991 0.00036748944087566365
113.65589257823282 0.0003686973098380548
113.27771298259472 0.0003699090419207948
112.90078385578212 0.0003711245911343556
112.52511919704443 0.0003723440494577932
112.15070496924773 0.00037356737090157963
111.77752742226315 0.0003747945554657148
111.40560030577907 0.00037602564913972666
111.03489636864754 0.0003772606979131434
110.66544271334193 0.0003784996098069088
110.29721228633544 0.00037974247680007894
109.93020516809378 0.0003809892529031259
109.56442135689291 0.0003822400300951055
109.19986077017752 0.0003834947623864899
108.8364972691825 0.000384753449777279
108.47435693558515 0.0003860161382570007
108.11341381618301 0.00038728278183612717
107.75368075703578 0.00038855347249371427
107.39513224497631 0.0003898282102297621
107.03778105046315 0.00039110694905474257
106.68162704922013 0.00039238968896865566
106.32664524744378 0.0003936765219505574
105.97286048986653 0.00039496744800044775
105.62023572537304 0.0003962624211287988
105.26879555876491 0.0003975614873251384
104.91852765713361 0.0003988646465894666
104.56941993439416 0.0004001718989217835
104.22147245741891 0.0004014832903116169
103.87468521528369 0.00040279882075896687
103.52904636807165 0.0004041184902638334
103.18455598735176 0.00040544229882621643
102.84122566443382 0.00040677029243564415
102.49902052745188 0.00040810242510258836
102.15796376775148 0.00040943878880610505
101.81804378734095 0.00041077933755666627
101.47924921823703 0.00041212411734380003
101.14159135203906 0.00041347312816750626
100.80504768012437 0.00041482632403825703
100.46962941909386 0.0004161837969351083
100.13532542608296 0.00041754554685805994
99.80212477848197 0.00041891157380711207
99.47004931729407 0.00042028183179273663
99.13906634697216 0.0004216564127939897
98.80918678414125 0.0004230352708213432
98.48041055100978 0.00042441849785385306
98.15272693459349 0.00042580600191246344
97.82612543218606 0.0004271978749762301
97.50061659518225 0.0004285940710556253
97.17618991551959 0.0004299946361401768
96.85284537623774 0.00043139961621941264
96.53057267185618 0.0004328089193142769
96.20938199713588 0.0004342226374038255
95.8892529596344 0.00043564077048805844
95.57018566499612 0.00043706336455650376
95.25218014693901 0.0004384903276301054
94.93523636843992 0.00043992175168791934
94.61934440621745 0.0004413576367299456
94.30451403239795 0.0004427979827561841
93.9907159433607 0.0004442428357561629
93.67796965326826 0.0004456921497403541
93.36626541695102 0.0004471459706982854
93.05559367683159 0.00044860429862995715
92.74596392344718 0.00045006717952489697
92.43735722001135 0.0004515345673935771
92.12977367593757 0.00045300650822552546
91.82322257626966 0.00045448300202074207
91.51768534112465 0.0004559640947687549
91.21317118191867 0.00045744974048003587
90.90963462700135 0.0004589400311336411
90.60715736933247 0.00046043473678193057
90.30570262688596 0.00046193445528876795
90.00518121931363 0.00046343831285312187
89.7056827369676 0.00046494722926555164
89.40720669142358 0.00046646074463077753
89.10975253479141 0.00046797885894879964
88.8132331717426 0.0004695015722196179
88.5177355765591 0.00047102888444323243
88.22317367389543 0.00047256125551492273
87.92963315409958 0.00047409776564412957
87.63702895096938 0.00047563933462141226
87.34544549050405 0.00047718596244677075
87.05479870486897 0.0004787367293296458
86.76508922914167 0.00048029255506059666
86.47639962337253 0.0004818534396396234
86.18864729186198 0.00048341846327616656
85.9019135781538 0.00048498900565606526
85.61603648444782 0.0004865636870934805
85.33117759832032 0.00048814342737897153
85.04725624682355 0.0004897282265125385
84.76427260264424 0.0004913176245989015
84.48222677364042 0.0004929120815333403
84.20111880390095 0.0004945111374205753
83.92094867479436 0.0004961152521558862
83.64171630600762 0.0004977239658439933
83.363345356424 0.0004993381982754557
83.08598853194711 0.0005009570296597144
82.80949367261013 0.0005025804599967693
82.5340113429967 0.0005042089491818999
82.25939128050453 0.0005058424972151064
81.98563453465061 0.0005074811040963886
81.71281529319849 0.0005091247698257467
81.44093299875874 0.000510773034507901
81.16998704128278 0.0005124268179334107
80.89990499583524 0.0005140852003117166
80.63068757995657 0.0005157486415380984
80.36240625487396 0.0005174171416125558
80.09498984760874 0.0005190907005350891
79.82850875618956 0.0005207693183056982
79.56289263458736 0.0005224529949243831
79.29814188454817 0.0005241417303911439
79.03425684400267 0.0005258355247059805
78.77130582441255 0.0005275343778688928
78.50915251435892 0.0005292387497751606
78.24793269305017 0.0005309477206342245
77.98757842583099 0.000532662210236644
77.72808975548891 0.0005343817586871392
77.4694666668932 0.0005361063659857102
77.21170908795362 0.000537836032132357
76.95475195593328 0.0005395707571270796
76.6987253882873 0.0005413110008651576
76.44349970411672 0.0005430563034513115
76.18913953890534 0.0005448071247808209
75.93564454125129 0.0005465625450631264
75.68295150233148 0.0005483234840887873
75.43112360944544 0.0005500899418578036
75.18016035136834 0.0005518614584748957
74.92999960563158 0.0005536380339400637
74.6806419914838 0.0005554201281485871
74.43214881206454 0.0005572077411004659
74.18451935020218 0.0005590004129004205
73.93763295802418 0.000560798143548451
73.69161030712918 0.0005626013929398368
73.44645053115796 0.000564410161074578
73.20203520921577 0.0005662239880573952
72.95848246356476 0.0005680433337835677
72.71567533088822 0.0005698681982530956
72.47373025945119 0.0005716981215706994
72.23258893637514 0.0005735340235269381
71.99225136031413 0.0005753745244359732
71.75271747682199 0.0005772210039836432
71.51393110197321 0.000579072542379389
71.27600460480504 0.0005809300594137699
71.03882598992837 0.0005827926352962266
70.80245106906267 0.0005846607299220388
70.56687952794472 0.0005865338833959266
70.3320567653732 0.0005884130155084496
70.09803733181658 0.000590297666364328
69.86476724384259 0.0005921873760682823
69.63230022515971 0.0005940830644108715
69.40063571591094 0.0005959838116015365
69.16966819037131 0.0005978905374308367
68.93950331809155 0.0005998027820034923
68.71014039621342 0.0006017200854242236
68.4815272582009 0.00060364336748359
68.2536641440751 0.0006055721682863118
68.0265512403284 0.000607506487832389
67.80018868078824 0.0006094467860171014
67.57457654747262 0.0006113921430498895
67.34971487143737 0.0006133434787213126
67.12565303986469 0.0006153003331360912
66.90229184364232 0.0006172627062942253
66.67968090263231 0.0006192305981957147
66.45777162428041 0.0006212044687358391
66.23666097505885 0.000623183858019319
66.01625215891966 0.0006251687660461544
65.7965932948077 0.0006271596527116247
65.57768402917344 0.0006291560581204506
65.35947712418302 0.0006311579822726319
65.14197307322259 0.0006331658850634481
64.92521853529561 0.0006351793065976198
64.7092129741972 0.0006371987067704265
64.49386459682849 0.0006392236256865888
64.27926521469769 0.0006412545232413859
64.06541415972097 0.0006432909395395385
63.85222131515973 0.0006453333344763263
63.63977653506539 0.0006473817080517491
63.42799080015941 0.0006494356003705272
63.216952679476876 0.0006514950114326608
63.006617767451694 0.0006535604011334295
62.796942780417275 0.0006556317694728332
62.58801439524331 0.000657709116450872
62.379746281325815 0.0006597919821722661
