data/xsec-infrared-dust-graphite_ism_10.ecsv
# %ECSV 1.0
# ---
# datatype:
# - {name: Wavelength, unit: micron, datatype: float64}
# - {name: Opacity, unit: cm2 / g, datatype: float64}
# schema: astropy-2.0
Wavelength Opacity
[from data line 1964]
43010.3875745254 6.985195429192425e-07
42867.27548852008 7.032063771044144e-07
42724.632249601804 7.079247095172871e-07
42582.47787065199 7.126745769494835e-07
42440.77255236108 7.174564254994245e-07
42299.55599380534 7.22270310354544e-07
42158.808347998776 7.271165304467731e-07
42018.52961868645 7.31995232942602e-07
41878.71977855709 7.369066891802451e-07
41739.37876975927 7.418511061125787e-07
41600.48752852051 7.468286584998088e-07
41462.06516545501 7.518396820654895e-07
41324.11153160207 7.568843009813465e-07
41186.60784930037 7.619626946065384e-07
41049.55428375954 7.670752032635727e-07
40912.96932155351 7.722220798948529e-07
40776.8344657251 7.77403370489907e-07
40641.14978803769 7.826195533398257e-07
40505.91532931265 7.878706192467036e-07
40371.131099936254 7.931569637204809e-07
40236.81483256059 7.984787891150811e-07
40102.9132216051 8.038363207791907e-07
39969.479445739016 8.092298668426473e-07
39836.47824565741 8.146594548991675e-07
39703.92711891414 8.201256138283232e-07
39571.825901322096 8.256284310102171e-07
39440.15734546983 8.311681179966783e-07
39308.92157352924 8.367449415269687e-07
39178.11867705116 8.423592419235951e-07
39047.74871746128 8.480112031446696e-07
38917.828333971294 8.53701124122124e-07
38788.32420404189 8.594291336266361e-07
38659.26940763147 8.651956225691941e-07
38530.63100668034 8.710007795068625e-07
38402.42541634209 8.768449033715729e-07
38274.63646439725 8.827282930952572e-07
38147.28029132476 8.886510866464994e-07
38020.35673266728 8.946136473425699e-07
37893.849853099004 9.006162189279674e-07
37767.75975066653 9.06659026751379e-07
37642.0864942505 9.127423697447361e-07
37516.83012404002 9.188666388190261e-07
37392.00598272096 9.250319259533057e-07
37267.5832912098 9.312385668711287e-07
37143.57743967529 9.374868697023322e-07
37019.988358187875 9.437771747694234e-07
36896.80102307709 9.501095924472692e-07
36774.03043776822 9.564845550374326e-07
36651.66172284512 9.629022786906947e-07
36529.70962886296 9.693629151724985e-07
36408.15941983279 9.758670807425183e-07
36287.01115984747 9.824148075934232e-07
36166.27922746924 9.890065234278239e-07
36045.93485250612 9.956424397975484e-07
35925.992455541586 1.0023228556345292e-06
35806.451992852846 1.00904810666232e-06
35687.31339487308 1.0158185515992391e-06
35568.56269466183 1.0226342962212004e-06
35450.213828537584 1.0294958740067285e-06
35332.252961884944 1.0364034873097466e-06
35214.69379433692 1.043357439661139e-06
35097.50911592376 1.0503580253938847e-06
34980.72608020252 1.0574055526378214e-06
34864.33111328079 1.0645003111269746e-06
34748.32421253325 1.0716427929492942e-06
34632.705349727665 1.0788331590681276e-06
34517.46140724511 1.0860718003944627e-06
34402.6185221133 1.0933590618497587e-06
34288.137657849504 1.1006951135952698e-06
34174.04481296455 1.1080803741357e-06
34060.33983405295 1.1155153401579516e-06
33947.009908655746 1.1230000300578356e-06
33834.04253740479 1.1305349129285368e-06
33721.46293467686 1.1381204624621942e-06
33609.25846625328 1.145756876413777e-06
33497.42910904552 1.1534445732879904e-06
33385.97481555347 1.1611837554387572e-06
33274.883373722914 1.1689749379487902e-06
33164.16699030821 1.176818456541644e-06
33053.813565618526 1.1847144583838078e-06
32943.823195702564 1.1926635091464758e-06
32834.207772130605 1.2006658939647212e-06
32724.955362012643 1.2087219531610507e-06
32616.0659874514 1.2168320638495943e-06
32507.539646188226 1.224996607743433e-06
32399.376312005996 1.2332159573577442e-06
32291.56450151491 1.2414904576139872e-06
32184.115727304554 1.2498203936472357e-06
32077.029892133953 1.2582062851391551e-06
31970.2956691467 1.2666484172248193e-06
31863.913140090815 1.2751473095858942e-06
31757.893420927547 1.2837030679982939e-06
31652.21435351567 1.2923163041227403e-06
31546.8979921368 1.3009873582817403e-06
31441.933265186162 1.3097165524019896e-06
31337.309368996473 1.3185043279829573e-06
31233.037156012793 1.327351057539819e-06
31129.105918830854 1.3362571227856573e-06
31025.526319818062 1.345222988214704e-06
30922.29823200404 1.3542490309410893e-06
30819.40067755371 1.3633355958862722e-06
30716.854594089564 1.3724830509664768e-06
30614.64951261612 1.3816920400350944e-06
30512.775217202783 1.3909627470502366e-06
30411.25216330042 1.4002956319071836e-06
30310.05994877866 1.4096912004907426e-06
30209.20870753942 1.4191497747276094e-06
30108.688403466986 1.4286717685235357e-06
30008.499117677737 1.4382576417738008e-06
29908.650716479442 1.4479079923422688e-06
29809.13329618087 1.4576229122079952e-06
29709.94687066628 1.4674030452243713e-06
29611.081817497034 1.4772488512866773e-06
29512.557399011715 1.4871607443006645e-06
29414.35439846194 1.4971390921825565e-06
29316.482356427994 1.5071843548276333e-06
29218.9318173663 1.5172971300997579e-06
29121.712152311666 1.5274776939360983e-06
29024.813988178117 1.5377265522214628e-06
28928.228177743662 1.5480442108406574e-06
28831.97314074081 1.558431083699435e-06
28736.03962548622 1.568887630693075e-06
28640.418602328733 1.5794144036959127e-06
28545.128063397726 1.5900116786451156e-06
28450.141127673753 1.6006802833521878e-06
28355.47568486869 1.611420263806657e-06
28261.12285903402 1.6222324018304982e-06
28167.09138646022 1.6331169733608794e-06
28073.363826177858 1.64407466824072e-06
27979.957514643458 1.6551058543862437e-06
27886.85520056214 1.6662111296613143e-06
27794.057008902328 1.6773908619821544e-06
27701.579870914287 1.6886455572335734e-06
27609.406815527385 1.699975951248017e-06
27517.537904503282 1.7113821360045422e-06
27425.973178480835 1.7228649393146516e-06
27334.712657320713 1.7344248210736254e-06
27243.764478850986 1.7460622411767424e-06
27153.112291517242 1.7577777514983393e-06
27062.756217089598 1.769571857923223e-06
26972.712310292663 1.7814452043047848e-06
26882.964483536103 1.793397974601137e-06
26793.512796987143 1.8054311805818944e-06
26704.357290245618 1.8175450521946972e-06
26615.497982679502 1.8297400953243525e-06
26526.934873757094 1.8420171837718917e-06
26438.675607886613 1.854376455505899e-06
26350.697152188855 1.866818738337878e-06
26263.02244192546 1.8793444461735787e-06
26175.628710187288 1.8919542228663949e-06
26088.5310869735 1.9046485743011325e-06
26001.72945713692 1.9174282363102394e-06
25915.20895984251 1.9302934848308835e-06
25828.977053559443 1.9432451936640957e-06
25743.03371490606 1.9562837307261e-06
25657.371683601847 1.9694096938807597e-06
25572.005383580083 1.982623818960523e-06
25486.913224605938 1.995926611850197e-06
25402.10954492622 2.009318624424116e-06
25317.587200627167 2.0228005005356734e-06
25233.3392174234 2.036372792059204e-06
25149.379593484544 2.0500362808166822e-06
25065.694381574074 2.063791288734805e-06
24982.290514454395 2.0776385516460193e-06
24899.167925503436 2.0915788973618288e-06
24816.31302513577 2.105612739787984e-06
24733.739396968653 2.1197405848092947e-06
24651.440257694052 2.133963766122069e-06
24569.4156035186 2.1482817778415015e-06
24487.665412568833 2.16269576970579e-06
24406.18311381149 2.1772070294217183e-06
24324.975268274873 2.1918152350625905e-06
24244.035355884895 2.2065216283456607e-06
24163.363413011495 2.2213269451033774e-06
24082.959457710906 2.2362310933566838e-06
24002.8298073036 2.251235590760003e-06
23922.9617675921 2.26634057528192e-06
23843.355429396088 2.28154678275488e-06
23764.023249136077 2.2968554089066116e-06
23684.94658031703 2.312266499726642e-06
23606.13780290014 2.327780975005531e-06
23527.590743750487 2.3433999384919494e-06
23449.305404319253 2.3591233441963693e-06
23371.28176873451 2.374952249877933e-06
23293.51385466022 2.3908872534005065e-06
23216.007640917604 2.40692941252323e-06
23138.75718995017 2.4230790951623286e-06
23061.762535661022 2.4393370371502498e-06
22985.029487373355 2.4557042502566074e-06
22908.546420074923 2.472181148387155e-06
22832.319147753646 2.488768973259147e-06
22756.347636146962 2.5054677708621103e-06
22680.626194183464 2.5222785069761328e-06
22605.160470613664 2.539202285349886e-06
22529.944816457533 2.556239151972898e-06
22454.973715123695 2.5733908544472307e-06
22380.258256401197 2.5906577146995795e-06
22305.78739796386 2.6080400086671123e-06
22231.56663071101 2.625539299993781e-06
22157.59590084476 2.6431556346691126e-06
22083.869791372814 2.660890530347529e-06
22010.38301203886 2.6787444469243115e-06
21937.14622743625 2.69671715445182e-06
21864.154078995285 2.7148117342284272e-06
21791.401332859594 2.7330270365159343e-06
21718.893222347884 2.7513652688116835e-06
21646.62455069013 2.769825603304171e-06
21574.59534622731 2.788410293480268e-06
21502.810690857958 2.807119569287614e-06
21431.26040720335 2.825954580464408e-06
21359.949579276916 2.8449157409164007e-06
21288.878171826924 2.8640040164236806e-06
21218.04119789802 2.8832204187558625e-06
21147.43869039848 2.9025664195778406e-06
21077.0706661949 2.9220415589943357e-06
21006.937126375386 2.941647400649298e-06
20937.03805651026 2.9613851862599845e-06
20867.37342691008 2.981255145774032e-06
20797.938449960664 3.0012582909610576e-06
20728.733160745418 3.021395633590676e-06
20659.76225869194 3.0416684613696705e-06
20591.016356311284 3.06207700424568e-06
20522.504771707387 3.08262227398832e-06
20454.218211520838 3.103305742262487e-06
20386.156726627003 3.124127914952986e-06
20318.32487887538 3.145089895808489e-06
20250.713604504897 3.1661922367033318e-06
20183.331931713063 3.187436363312881e-06
20116.175323937696 3.208822827511473e-06
20049.239349006475 3.230353284922113e-06
19982.528434020518 3.2520277355448017e-06
19916.038175900547 3.273848156929242e-06
19849.768593487184 3.295814227148737e-06
19783.719690723196 3.3179279697425177e-06
19717.89145689922 3.3401904424697273e-06
19652.2796321145 3.362601875278006e-06
19586.888468133508 3.3851636478531915e-06
19521.71373247675 3.4078774618078194e-06
19456.75959189447 3.4307429952151928e-06
19392.0177181804 3.4537621336459596e-06
19327.49227695025 3.4769356589220945e-06
19263.179172278935 3.5002648127608524e-06
19199.082485952775 3.5237503309946806e-06
19135.202162781403 3.54739354731989e-06
19071.53015779809 3.5711960713699595e-06
19008.070509937344 3.59515698335433e-06
18944.823202422944 3.6192798704561817e-06
18881.784295489986 3.6435639508535407e-06
18818.95770624969 3.668011110117052e-06
18756.339519360576 3.6926218081419957e-06
18693.92974075086 3.717398068467603e-06
18631.72455610223 3.7423412707797113e-06
18569.731581860142 3.7674503573191783e-06
18507.939439262198 3.7927289152691846e-06
18446.35569185363 3.818177358535482e-06
18384.98027747209 3.843795687118072e-06
18323.805758014856 3.869586384451462e-06
18262.832192807447 3.895549910430933e-06
18202.06325975402 3.921688242606187e-06
18141.498917477664 3.9480013349876964e-06
18081.135527032387 3.974490843198467e-06
18020.969532112795 4.001159066714899e-06
17961.008069455533 4.028005177725486e-06
17901.244018687958 4.055032165549548e-06
17841.677415038306 4.0822394323232205e-06
17782.31174732271 4.109629921376293e-06
17723.143510433918 4.137204598488853e-06
17664.169278523277 4.164964015535235e-06
17605.392500836355 4.192909690169865e-06
17546.81314664191 4.221042542183298e-06
17488.427819102926 4.249364227198543e-06
17430.23652945643 4.277875848964271e-06
17372.239275928114 4.306579063103488e-06
17314.432756780443 4.335474927375338e-06
17256.820275704195 4.364564729486603e-06
17199.40179273589 4.3938490213116175e-06
17142.170811582168 4.423330976127812e-06
17085.130597277057 4.45301013403991e-06
17028.28113692157 4.482888288639496e-06
16971.622405221304 4.512966957580999e-06
16915.151227387116 4.543247428571196e-06
16858.867616481464 4.573731173274987e-06
16802.768477195677 4.60441878955623e-06
16746.860009655153 4.635313726629527e-06
16691.136018483237 4.666415202672901e-06
16635.596528413673 4.697725149246526e-06
16580.244565879384 4.729244946036241e-06
16525.07408197959 4.760976524602221e-06
16470.08809871795 4.792921678536056e-06
16415.286591644726 4.825080453827273e-06
16360.663654534543 4.857454782036048e-06
16306.225187539469 4.8900470546178356e-06
16251.96823453016 4.922857823446969e-06
16197.88990514466 4.955888376230232e-06
16143.993089238049 4.98914110442308e-06
16090.274910815417 5.0226162379731506e-06
16036.735377864698 5.056316490262594e-06
15983.374486433322 5.090242735092444e-06
15930.192220826002 5.1243969500124e-06
15877.185789709807 5.158779824865383e-06
15824.35520957901 5.193393751106847e-06
15771.700485031672 5.228239556548294e-06
15719.221608965749 5.263319356708011e-06
15666.918562773239 5.298634761219478e-06
15614.78596956692 5.334186367946556e-06
15562.82920631107 5.369976982250452e-06
15511.04558223482 5.406007523921726e-06
15459.435086476213 5.442280338426302e-06
15407.995093769983 5.478795655711823e-06
15356.725622797734 5.515556833013827e-06
15305.626680661022 5.55256557194485e-06
15254.698263071958 5.589820998703861e-06
15203.940354541886 5.627326378547344e-06
15153.350410760475 5.665084286888866e-06
15102.928444577221 5.703095183623707e-06
15052.674457526042 5.741361092291097e-06
15002.588440012103 5.779883668514041e-06
14952.667919936332 5.818664705884132e-06
14902.915350133539 5.8577063199196554e-06
14853.3258502104 5.897009108484472e-06
14803.901867012264 5.936577348604689e-06
14754.643384961102 5.976409154709652e-06
14705.548006600082 6.016508803825465e-06
14656.61809786989 6.056877583658913e-06
14607.84893177702 6.09751737978064e-06
14559.242868285786 6.138429663855538e-06
14510.79757676045 6.179616597391429e-06
14462.513070971927 6.221080065958953e-06
14414.391632066334 6.262821771170646e-06
14366.428680684543 6.304842540838012e-06
14318.624243974285 6.34714646802904e-06
14270.980571280497 6.389733782691369e-06
14223.495405280724 6.432606784301397e-06
14176.16653762521 6.475767634366939e-06
14128.99837485534 6.51921752861572e-06
14081.984324527975 6.562958904492725e-06
14035.126597765275 6.606994659338214e-06
13988.42733725224 6.651325253047467e-06
13941.882224421193 6.695953444992159e-06
13895.491278750871 6.740881718606804e-06
13849.254509207934 6.786110671755265e-06
13803.17191441973 6.831643707662609e-06
13757.243482845306 6.8774812862241155e-06
13711.467131493422 6.923626718685802e-06
13665.84287007874 6.970081936607837e-06
13620.370698102244 7.016849331445679e-06
13575.050605020058 7.063929777000357e-06
13529.880563199082 7.111326308580715e-06
13484.860582510491 7.15904136363174e-06
13439.990662743328 7.207076597776434e-06
13395.27079377114 7.25543380460639e-06
13350.699001317942 7.3041147317236705e-06
13306.275294871875 7.3531230582905115e-06
13261.99967397584 7.402459658107942e-06
13217.872128391919 7.4521286242439555e-06
13173.890735288001 7.502129450813743e-06
13130.055503278483 7.55246669078057e-06
13086.36643117425 7.60314117195594e-06
13042.821642846357 7.654155837669647e-06
12999.423008066484 7.705512757450445e-06
12956.168656357231 7.757214184785205e-06
12913.056756990572 7.809263108993249e-06
12870.090966988357 7.861659806011737e-06
12827.265816250823 7.914408782814414e-06
12784.58493064713 7.967512154919565e-06
12742.044709767099 8.02097199185595e-06
12699.646944244929 8.074790087215156e-06
12657.38985468567 8.128968970421225e-06
12615.27344435143 8.183511676783e-06
12573.29597373284 8.238420459787351e-06
12531.45918399315 8.293698308753595e-06
12489.763050569847 8.349345131702681e-06
12448.204141812344 8.405366723315126e-06
12406.782483255605 8.461763865412906e-06
12365.501444133288 8.51854009918968e-06
12324.355967941 8.575696620373169e-06
12283.347740227668 8.63323761401042e-06
12242.475106296095 8.691163126090959e-06
12201.739711204087 8.749478399420974e-06
12161.138282543247 8.808184859675837e-06
12120.674068960789 8.86728434643666e-06
12080.343823540086 8.926780906781905e-06
12040.14596564677 8.986676610240332e-06
12000.083684794117 9.046974262173147e-06
11960.15537186051 9.107676346014858e-06
11920.357893061058 9.168786862854399e-06
11880.694379689015 9.230305628733657e-06
11841.161721834753 9.29223793244835e-06
11801.761464660714 9.35458634941204e-06
11762.492069668517 9.417352443268682e-06
11723.353537264838 9.480540031149092e-06
