data/xsec-infrared-dust-pah1_ab08_10.ecsv
# %ECSV 0.9
# ---
# datatype:
# - {name: Wavelength, unit: micron, datatype: float64}
# - {name: Opacity, unit: cm2 / g, datatype: float64}
# schema: astropy-2.0
Wavelength Opacity
[from data line 785]
2188593.9219963048 2.058893358017335e-08
2181311.47046942 2.0657669988560482e-08
2174052.963935036 2.0726636344587413e-08
2166818.922126381 2.079583356804472e-08
2159609.3380371146 2.0865260279246552e-08
2152423.187167593 2.0934918777669315e-08
2145261.4890278815 2.1004811362789407e-08
2138123.229513228 2.1074936195025698e-08
2131008.415613936 2.11452955738546e-08
2123918.041915243 2.1215889959171385e-08
2116850.6183548123 2.1286718891080778e-08
2109807.1330913533 2.1357785588849734e-08
2102786.6072783163 2.1429088672792415e-08
2095790.012871184 2.1500629522594655e-08
2088816.380901164 2.1572410897628136e-08
2081866.1921594455 2.1644431418207023e-08
2074938.9690374513 2.171669108433131e-08
2068034.713958146 2.178919265537268e-08
2061153.427786292 2.1861936591226403e-08
2054295.109854107 2.1934923351787764e-08
2047459.2983276166 2.2008153396952045e-08
2040646.9119216965 2.2081629026195645e-08
2033856.575645638 2.2155348859832724e-08
2027089.2021492482 2.222931381765384e-08
2020344.3357918619 2.2303527578821226e-08
2013621.5314430755 2.237798876364905e-08
2006921.2375838254 2.245269783203259e-08
2000243.4506831423 2.2527656163657675e-08
1993587.7299921503 2.260286559810544e-08
1986954.5107244344 2.2678325675480596e-08
1980342.925040329 2.2754037775468978e-08
1973753.408079144 2.2830003277756434e-08
1967185.9577434652 2.2906221262552405e-08
1960640.1490086515 2.2982694949123833e-08
1954116.4040572771 2.30594229577849e-08
1947614.3006142676 2.3136407128116715e-08
1941133.8392626245 2.3213648839805115e-08
1934674.6087322135 2.3291147632954817e-08
1928237.4303022511 2.336890580704223e-08
1921821.0771933573 2.3446923362067344e-08
1915426.365087826 2.3525201677716003e-08
1909053.2874965174 2.360374121388349e-08
1902701.042688517 2.3682542430465073e-08
1896369.6373754493 2.376160716704188e-08
1890059.8601853088 2.3840936343404472e-08
1883770.9210627691 2.3920529039762283e-08
1877502.82243023 2.4000388935277552e-08
1871255.565292559 2.408051419036916e-08
1865028.767864246 2.416090756440879e-08
1858823.1937109816 2.424157043708227e-08
1852638.079431858 2.4322501888599053e-08
1846473.428093324 2.4403702378854414e-08
1840329.6127195836 2.4485174667220025e-08
1834205.888404259 2.4566918293800615e-08
1828102.994360543 2.4648936477863134e-08
1822019.8288500058 2.4731226460035906e-08
1815957.4874794513 2.481379283927174e-08
1809914.880417614 2.489663331609422e-08
1803892.3725021924 2.4979751569665586e-08
1797890.317650946 2.5063147599985844e-08
1791908.0028143958 2.5146821407054996e-08
1785945.4319256155 2.523077529034943e-08
1780002.9549610459 2.53150083300786e-08
1774079.876001154 2.539952282571889e-08
1768176.8874852047 2.5484320156956153e-08
1762293.3000971002 2.5569399863895087e-08
1756429.456246418 2.565476378611684e-08
1750585.0159520144 2.574041238351667e-08
1744760.3145083517 2.5826348415466273e-08
1738954.6823070894 2.5912569582489225e-08
1733168.4542816957 2.5999079563747783e-08
1727401.3008922823 2.6085878359241946e-08
1721653.5500703857 2.6172966888762265e-08
1715924.874099657 2.6260345612204023e-08
1710215.2733475324 2.634801682904362e-08
1704524.7469145204 2.6435979159595217e-08
1698852.9761966853 2.652423674291632e-08
1693200.2784868882 2.661278819932112e-08
1687566.3369004144 2.6701635368390695e-08
1681951.1518599025 2.6790779629810915e-08
1676354.4144091485 2.6880221903372322e-08
1670776.4347243037 2.6969961729179645e-08
1665217.2095086095 2.706000186660456e-08
1659676.4322488962 2.7150341855751793e-08
1654153.803293181 2.7240984455992998e-08
1648649.6257999206 2.7331928747537648e-08
1643163.8976712476 2.7423177029862117e-08
1637696.6156245237 2.7514731142547534e-08
1632247.1909509075 2.760658924601279e-08
1626815.9198921593 2.7698753179838978e-08
1621402.8014355816 2.7791227083083642e-08
1616007.8333853397 2.7884008196375082e-08
1610630.7279379794 2.7977100658770827e-08
1605271.4862596153 2.8070502170794477e-08
1599930.1083163212 2.8164216411608265e-08
1594606.3140814928 2.825824246142164e-08
1589300.3836975424 2.8352583539501547e-08
1584012.3136115116 2.8447239185952716e-08
1578741.5525642175 2.8542211240356266e-08
1573488.377148601 2.863750016260747e-08
1568252.7858411535 2.873310687249689e-08
1563034.508100015 2.882903366950093e-08
1557833.545485665 2.8925279633829023e-08
1552649.8983882575 2.902184844464341e-08
1547483.566046921 2.911873780246768e-08
1542334.5465688638 2.9215950926568814e-08
1537202.5778482703 2.9313488276842077e-08
1532087.6609490009 2.941135307255443e-08
1526989.7957902297 2.9509543014229473e-08
1521908.7271953577 2.9608061781029436e-08
1516844.7101953418 2.9706908913059053e-08
1511797.4907476997 2.980608579000416e-08
1506767.0693413545 2.9905594251445866e-08
1501753.4453467957 3.0005435217174734e-08
1496756.6170346332 3.0105608687190775e-08
1491776.3375811337 3.02061165010751e-08
1486812.3655836848 3.03069609583041e-08
1481865.187314584 3.0408142058877785e-08
1476934.318366472 3.050965980279614e-08
1472019.998812054 3.0611516489535586e-08
1467121.9892629834 3.0713713498781946e-08
1462240.2900109908 3.0816253130011624e-08
1457374.6673766042 3.0919133543643507e-08
1452525.3554864684 3.102235795894453e-08
1447692.351406365 3.112592683581e-08
1442875.1946180756 3.122984109403045e-08
1438074.1160062223 3.133410349297759e-08
1433289.1140591674 3.143871219307027e-08
1428519.962470024 3.154367133336602e-08
1423766.662128931 3.1648980453969566e-08
1419029.2128635622 3.17546418543573e-08
1414307.3941293217 3.186065507463393e-08
1409601.4259231267 3.19670219543806e-08
1404911.0885380514 3.207374479307369e-08
1400236.3820102788 3.2180824050608484e-08
1395577.091785667 3.228826110667082e-08
1390933.432244155 3.239605550136542e-08
1386305.1896152364 3.250421137374981e-08
1381692.36407412 3.261272596445229e-08
1377094.9547740575 3.272160525211152e-08
1372512.7533072366 3.2830847397146365e-08
1367945.9661343377 3.294045377924266e-08
1363394.1817751273 3.305042623798154e-08
1358857.6060266527 3.316076615304884e-08
1354336.0360158344 3.327147352444455e-08
1349829.6728083917 3.338255065164507e-08
1345338.115774311 3.349399891433625e-08
1340861.5653059126 3.360581969220391e-08
1336400.0196943162 3.371801390503863e-08
1331953.281738643 3.3830582012735676e-08
1327521.3516962144 3.3943526314771456e-08
1323104.036889069 3.4056848190831795e-08
1318701.5301275584 3.417054764091671e-08
1314313.6393330265 3.428462696450258e-08
1309940.3646776304 3.4399086161589425e-08
1305581.7053645665 3.451392799154891e-08
1301237.473984168 3.462915429396216e-08
1296907.6715501687 3.474476460893389e-08
1292592.2981057996 3.4860760316149926e-08
1288291.3527398228 3.497714417498197e-08
1284004.6528273867 3.50939166453253e-08
1279732.199198736 3.521107726728462e-08
1275473.991728719 3.532863109970801e-08
1271230.02935259 3.544657630301437e-08
1266999.958044519 3.556491563657536e-08
1262784.131621984 3.5683650939972094e-08
1258582.3725602548 3.5802781293414025e-08
1254394.5070724746 3.592230899637754e-08
1250220.707822324 3.6042237268129615e-08
1246060.6312335483 3.6162564269089104e-08
1241914.449252475 3.628329459820883e-08
1237781.9923892694 3.640442595601239e-08
1233663.4284805271 3.6525963861243126e-08
1229558.5884667404 3.664790601442465e-08
1225467.306830005 3.677025563482391e-08
1221389.5851092252 3.689301456202203e-08
1217325.5864085597 3.70161832559143e-08
1213274.984385071 3.713976217639598e-08
1209237.941431515 3.7263754082838766e-08
1205214.2962202656 3.73881598950332e-08
1201204.0490059643 3.751298145256042e-08
1197207.0419928248 3.763822059500153e-08
1193223.432919517 3.7763877322356524e-08
1189253.0643152492 3.788995301431127e-08
1185295.9360335295 3.8016448590656295e-08
1181352.0470551176 3.8143363591496335e-08
1177421.0914848442 3.8270707214736975e-08
1173503.3746585806 3.839847486142543e-08
1169598.592993412 3.852667067061921e-08
1165706.8970607952 3.8655291882946636e-08
1161827.988563638 3.878434677652274e-08
1157962.1643480973 3.891382891281361e-08
1154109.1283578156 3.904374151108621e-08
1150268.8816573862 3.917408871039804e-08
1146441.4244484417 3.930487694928304e-08
1142626.7560838924 3.943609427046391e-08
1138824.7328756724 3.956775079163683e-08
1135035.4966172331 3.9699852031545126e-08
1131258.7635341715 3.983238879228323e-08
1127494.535298553 3.996536797228033e-08
1123742.8127282604 4.0098795550175055e-08
1120003.733345778 4.023266278795709e-08
1116277.0202992284 4.036698486217068e-08
1112562.6746689852 4.0501749355643244e-08
1108860.696700094 4.063696638607097e-08
1105171.0858160502 4.077263043471048e-08
1101493.7075964177 4.090875069946737e-08
1097828.5625138732 4.1045331319399155e-08
1094175.650224678 4.11823598773333e-08
1090534.8391801903 4.131985338939514e-08
1086906.1300433131 4.145779667904045e-08
1083289.5226660515 4.159620446291815e-08
1079685.0161029338 4.173507260197077e-08
1076092.3546824001 4.18744075347322e-08
1072511.7932197263 4.201420512214493e-08
1068943.0778434356 4.2154471342847586e-08
1065386.2095100672 4.229520527704961e-08
1061841.3120073995 4.243640646485573e-08
1058308.1366257237 4.257808226459043e-08
1054786.6844284108 4.272023083667257e-08
1051276.955686371 4.286285356078799e-08
1047778.8295138617 4.300595411609894e-08
1044292.4266126934 4.3149525604176223e-08
1040817.626155199 4.3293582281773493e-08
1037354.4277232972 4.343811633067102e-08
1033902.7129289762 4.358314568678469e-08
1030462.4821829987 4.3728640456921334e-08
1027033.735130252 4.3874632373855246e-08
1023616.355773129 4.402110994020444e-08
1020210.3445525522 4.416807315596891e-08
1016815.7011507299 4.431553075915897e-08
1013432.3118891278 4.4463477690926544e-08
1010060.177214615 4.461191763043386e-08
1006699.2968227488 4.476086529432989e-08
1003349.5592853072 4.4910288489945035e-08
1000010.9650325114 4.506023090733088e-08
996683.5137508991 4.52106612736084e-08
993367.0961962756 4.5361599364274606e-08
990061.8202416836 4.551304058037673e-08
986767.4698686984 4.566498078285723e-08
983484.0461525772 4.581743836752731e-08
980211.5494285646 4.5970409655224714e-08
976949.9793040861 4.612387257097604e-08
973699.2307135487 4.6277860687136686e-08
970459.3039167824 4.6432355148000187e-08
967230.1984540012 4.658737618895887e-08
964011.811258749 4.6742909553259036e-08
960804.1424986323 4.6898962599225177e-08
957607.1916300093 4.7055538086228946e-08
954420.7576468255 4.721263003563176e-08
951245.0410354803 4.7370246265653314e-08
948079.8420449084 4.7528398733570914e-08
944925.1613055634 4.768707180294504e-08
941780.9987422267 4.7846281570110465e-08
938647.3535856791 4.8006014238208843e-08
935524.0324532466 4.816628406399381e-08
932411.1323754922 4.832708690840785e-08
929308.6524443723 4.848842920998488e-08
926216.4029471962 4.865030544998156e-08
923134.478829854 4.881273126483737e-08
920062.8790341277 4.8975692857693945e-08
917001.4174308095 4.913919482750407e-08
913950.1869088261 4.930325235081198e-08
910908.7313398549 4.946784841149232e-08
907878.2328229838 4.9632995886612904e-08
904857.0583811394 4.9798704893869925e-08
901846.1145957664 4.9964943700489064e-08
898845.3976060357 5.013177255275196e-08
895854.9029392292 5.0299132584062796e-08
892873.7513718634 5.046705598709118e-08
889902.8230020364 5.0635543681627656e-08
886942.111466839 5.080458600987135e-08
883990.7529914655 5.097419860826177e-08
881048.7571609364 5.114438101690364e-08
878117.8237698408 5.1315120358729126e-08
875195.4075272563 5.1486444227455006e-08
872283.2012793487 5.165833468716538e-08
869381.1950559665 5.1830792657650815e-08
866488.5551303342 5.200383239566496e-08
863605.2869309628 5.217744930225503e-08
860731.3951776392 5.2351643377421e-08
857867.6908402871 5.252642105969683e-08
855012.5579969457 5.2701776370443843e-08
852167.6079131986 5.287772402631101e-08
849332.8267137525 5.305426448719362e-08
846506.6286481234 5.323137889738518e-08
843689.8107803577 5.340910496829864e-08
840882.3732798562 5.3587401769254115e-08
838084.3156931289 5.376630609187394e-08
835295.6369541384 5.394581379710066e-08
832516.3353945416 5.412590648912303e-08
829746.4087538245 5.4306603483542834e-08
826985.1042935217 5.448790937931284e-08
824233.9233715506 5.466981957748028e-08
821490.6271702619 5.485233499783568e-08
818757.445799963 5.503547035702803e-08
816032.8990105601 5.521920587956027e-08
813317.7209624615 5.5403550763338e-08
810611.9053290623 5.5588510067209297e-08
807914.7295611748 5.5774098507823124e-08
805226.2005772553 5.596030182842579e-08
802547.0308399816 5.614712922692291e-08
799876.5102931478 5.6334581163209766e-08
797214.6439239044 5.652265349822881e-08
794562.128311329 5.6711354969990365e-08
791918.2656989981 5.690069523629533e-08
789283.0592334433 5.7090647163322175e-08
786657.1899777113 5.728124708279799e-08
784039.2982504405 5.747248671660778e-08
781430.7379893581 5.766435640695065e-08
778830.166346851 5.785687271005665e-08
776238.9181680763 5.805002872749661e-08
773656.3235376453 5.824383319728082e-08
771081.7295904305 5.843827692150371e-08
768516.4430497295 5.863336909807085e-08
765959.1622825584 5.8829128122793445e-08
763410.536572136 5.902552180300193e-08
760869.9279509572 5.922258693031864e-08
758338.6065029199 5.942030050997962e-08
755815.3026078943 5.961867633884324e-08
753300.0240362178 5.981771441690952e-08
750793.3959817735 6.001741014522566e-08
748295.4125881011 6.021778191960284e-08
745805.4576277009 6.041882974004106e-08
743324.1423041908 6.062054440863471e-08
740850.2556420784 6.082291672747823e-08
738385.6073100176 6.102597888924117e-08
735928.3954582243 6.122971249811236e-08
733479.814828517 6.143413135095019e-08
731039.2701150025 6.163923084880184e-08
728606.7632603237 6.184501559062012e-08
726182.2956437821 6.205149477431064e-08
723765.8680904962 6.225864080615661e-08
721357.4808804675 6.246649507673317e-08
718957.13375756 6.2675043789182e-08
716565.3889488647 6.288428234455021e-08
714180.5561211224 6.309422453969625e-08
711804.3224941873 6.330486117671452e-08
709436.1227448955 6.35162060524634e-08
707075.4058705865 6.37282591669429e-08
704722.7240624174 6.394101592120022e-08
702377.5325446476 6.415449011209373e-08
700040.3751356712 6.436866334381228e-08
697711.2469981968 6.458356780902541e-08
695389.6126176616 6.479917591401636e-08
693076.0035352956 6.501551525250189e-08
690769.890309983 6.523256282971806e-08
688471.2767065708 6.545034623938161e-08
686180.1659322082 6.566886088253975e-08
683897.0734904397 6.58880929623341e-08
681621.4818391225 6.610806087457584e-08
679353.3926327403 6.632876002031216e-08
677092.8070025652 6.655020879535427e-08
674840.2249171435 6.6772388803891e-08
672594.6444651434 6.699531384278068e-08
670356.5679507817 6.721897011516494e-08
668125.9944967517 6.744338521476061e-08
665902.9227443086 6.766854994366204e-08
663686.8678782834 6.789446430186924e-08
661478.7967758712 6.812113288833504e-08
659277.7438821627 6.83485557030594e-08
657084.1889117043 6.857673734499515e-08
654897.6578791656 6.880567321518944e-08
652718.6231644973 6.90353863084063e-08
650546.6160876184 6.926586282778735e-08
648382.101810209 6.949710737228532e-08
646224.6169064264 6.972911994190029e-08
644074.1645750735 6.996191893244338e-08
641931.1993344186 7.019549054705626e-08
639795.2655150353 7.042983478573889e-08
637666.3648472433 7.066497464325525e-08
635544.4985679343 7.090088712484137e-08
633429.667428588 7.113758602735564e-08
631322.3087290693 7.137508514765646e-08
629221.54531844 7.161337528783821e-08
627127.816488098 7.185246104685371e-08
625041.12112639 7.209233782575016e-08
622961.4576751653 7.233301942138591e-08
620888.4014370298 7.257450583376103e-08
618822.3782999619 7.281679246392267e-08
616763.3853547099 7.305989310872927e-08
614711.0049446491 7.330380776818074e-08
612665.6531707799 7.354853644227716e-08
610627.3258406504 7.379407913101851e-08
608595.2061115771 7.40404404333576e-08
606570.112055847 7.428762494824719e-08
604552.0382087495 7.453563727464008e-08
602540.1825591044 7.478446821463069e-08
600535.3456535267 7.503415915879421e-08
598537.1280062217 7.528465032074426e-08
596545.5304218598 7.553599228896159e-08
594560.5532542411 7.578816666763503e-08
592582.1964137082 7.604119185257579e-08
