Comments: Diffuse emission only in South
Cont_method: 101B
ID: '[Fe III] 4734.00'
Index: 110
Region: BY-HAND
Strength: null
Type: Fe, Ni
Zones BG:
  zone-0: 8.2398
  zone-I: 9.0773
  zone-II: 9.4589
  zone-III: 7.3761
  zone-IV: 8.7492
  zone-MYSO: 10.7329
  zone-S: 14.9569
Zones BG sig:
  zone-0: 2.495
  zone-I: 1.0592
  zone-II: 0.8971
  zone-III: 1.8976
  zone-IV: 8.3088
  zone-MYSO: 5.6473
  zone-S: 3.0113
Zones Strength:
  zone-0: 5.8107
  zone-I: 7.1647
  zone-II: 9.1554
  zone-III: 6.3352
  zone-IV: -0.084
  zone-MYSO: 20.9621
  zone-S: 11.6482
lambda_HM: 4734.75697103
lambda_obs: 4737.444824
