Comments: null
Cont_method: 101B
ID: '[Fe III] 4754.81'
Index: 126
Region: BY-HAND
Strength: null
Type: Fe, Ni
Zones BG:
  zone-0: 7.9973
  zone-I: 8.39
  zone-II: 8.325
  zone-III: 8.1135
  zone-IV: 8.3545
  zone-MYSO: 4.631
  zone-S: 15.0204
Zones BG sig:
  zone-0: 0.5725
  zone-I: 0.4484
  zone-II: 0.4059
  zone-III: 0.1156
  zone-IV: 0.8249
  zone-MYSO: 2.7903
  zone-S: 1.0005
Zones Strength:
  zone-0: 9.1737
  zone-I: 8.607
  zone-II: 10.4873
  zone-III: 8.328
  zone-IV: 6.8449
  zone-MYSO: 45.2946
  zone-S: 16.8274
lambda_HM: 4754.74564412
lambda_obs: 4757.444824
