Comments: Diffuse emission only in South East
Cont_method: 101B
ID: '[Fe III] 4769.53'
Index: 138
Region: BY-HAND
Strength: null
Type: Fe, Ni
Zones BG:
  zone-0: 8.3251
  zone-I: 8.6025
  zone-II: 8.9923
  zone-III: 7.6946
  zone-IV: 8.3478
  zone-MYSO: 5.5476
  zone-S: 16.4557
Zones BG sig:
  zone-0: 0.6324
  zone-I: 0.3024
  zone-II: 0.103
  zone-III: 0.395
  zone-IV: 0.8449
  zone-MYSO: 3.677
  zone-S: 1.1879
Zones Strength:
  zone-0: 8.4799
  zone-I: 8.4821
  zone-II: 9.7287
  zone-III: 8.4175
  zone-IV: 6.2279
  zone-MYSO: 25.3052
  zone-S: 14.6548
lambda_HM: 4769.73714893
lambda_obs: 4772.444824
