Comments: Slightly blended with previous. Strength and wave approximate.
Cont_method: 11.0
ID: UIL
Index: 2503
Region: BY-HAND
Strength: 0.5
Type: Deep Neutral?
Zones BG:
  zone-0: 2.2245
  zone-I: 1.9858
  zone-II: 2.5615
  zone-III: 1.6745
  zone-IV: 1.9047
  zone-MYSO: 1.8169
  zone-S: 2.7432
Zones BG sig:
  zone-0: 0.8604
  zone-I: 0.5245
  zone-II: 0.5051
  zone-III: 0.6673
  zone-IV: 0.6014
  zone-MYSO: 2.0674
  zone-S: 0.6765
Zones Strength:
  zone-0: 1.8021
  zone-I: 1.2223
  zone-II: 1.6984
  zone-III: 1.6341
  zone-IV: 1.2185
  zone-MYSO: 0.7321
  zone-S: 4.4089
lambda_HM: 7724.31288934
lambda_obs: 7728.694824
