Comments: Severe blend with following H I line
Cont_method: 11.0
ID: UIL+
Index: 2967
Notes:
  ID:
  - plus H I 8306.11
Region: BY-HAND
Strength: 3.22
Type: Deep Neutral?
Zones BG:
  zone-0: 2.4727
  zone-I: 2.3004
  zone-II: 3.7503
  zone-III: 4.993
  zone-IV: 3.3372
  zone-MYSO: 14.9784
  zone-S: 2.2639
Zones BG sig:
  zone-0: 3.3531
  zone-I: 1.1614
  zone-II: 2.9803
  zone-III: 3.7184
  zone-IV: 2.4502
  zone-MYSO: 7.13
  zone-S: 3.1637
Zones Strength:
  zone-0: 6.4525
  zone-I: 1.7396
  zone-II: 3.3599
  zone-III: 0.4245
  zone-IV: 0.6739
  zone-MYSO: 6.7609
  zone-S: 8.8487
lambda_HM: 8303.98440881
lambda_obs: 8308.694824
