Comments: "\u03BB(HM) only approximate due to blend"
Cont_method: 11, 101
ID: H I 8306.11+
Index: 2969
Notes:
  ID:
  - plus UIL
Region: GLOB-E
Strength: 3.2186
Type: Med Neb
Zones BG:
  zone-0: 0.0813
  zone-I: 0.6303
  zone-II: -0.8792
  zone-III: -3.2699
  zone-IV: -1.7046
  zone-MYSO: -7.4483
  zone-S: 8.1855
Zones BG sig:
  zone-0: 2.0077
  zone-I: 0.4479
  zone-II: 0.0438
  zone-III: 0.5624
  zone-IV: 0.5832
  zone-MYSO: 9.4724
  zone-S: 2.7273
Zones Strength:
  zone-0: 6.8471
  zone-I: 3.5346
  zone-II: 7.6136
  zone-III: 9.1531
  zone-IV: 6.245
  zone-MYSO: 24.1158
  zone-S: 4.1538
lambda_HM: 8306.48299294
lambda_obs: 8311.194824
