Comments: In the blue wing of the following strong UIL
Cont_method: 11.0
ID: UIL
Index: 2987
Region: BY-HAND
Strength: 0.5
Type: Deep Neutral?
Zones BG:
  zone-0: 0.7339
  zone-I: 1.5727
  zone-II: 1.9866
  zone-III: 2.2306
  zone-IV: 2.0048
  zone-MYSO: 15.6164
  zone-S: 4.3471
Zones BG sig:
  zone-0: 5.0527
  zone-I: 1.1821
  zone-II: 2.9837
  zone-III: 3.316
  zone-IV: 1.701
  zone-MYSO: 26.0305
  zone-S: 7.2649
Zones Strength:
  zone-0: 0.5683
  zone-I: 1.3866
  zone-II: -0.2576
  zone-III: -1.8017
  zone-IV: -0.557
  zone-MYSO: -10.6917
  zone-S: 1.5118
lambda_HM: 8328.97025016
lambda_obs: 8333.694824
