Comments: "\u03BB(HM) and strength only approximate"
Cont_method: null
ID: UIL
Index: 3034
Region: BY-HAND
Strength: 6.0
Type: Deep Neutral?
Zones BG:
  zone-0: 3.6056
  zone-I: 1.7675
  zone-II: 3.7466
  zone-III: 4.3655
  zone-IV: 2.4335
  zone-MYSO: 29.6331
  zone-S: 4.2088
Zones BG sig:
  zone-0: 5.1487
  zone-I: 0.2601
  zone-II: 2.7362
  zone-III: 2.8866
  zone-IV: 0.923
  zone-MYSO: 30.4011
  zone-S: 1.9318
Zones Strength:
  zone-0: 4.612
  zone-I: 2.1905
  zone-II: 1.4341
  zone-III: -0.2291
  zone-IV: 0.1829
  zone-MYSO: 3.6241
  zone-S: 1.5771
lambda_HM: 8387.68697735
lambda_obs: 8392.444824
