Comments: "Very weak. Changed index by one, based on csub-007 cube. \u03BB(HM) is\
  \ only approximate"
Cont_method: 11.0
ID: UIL
Index: 3045
Region: BY-HAND
Strength: 0.3
Type: Deep Neutral??
Zones BG:
  zone-0: 1.3663
  zone-I: 2.1995
  zone-II: 2.2253
  zone-III: 1.8293
  zone-IV: 1.9043
  zone-MYSO: -0.1299
  zone-S: 2.2744
Zones BG sig:
  zone-0: 0.236
  zone-I: 0.1785
  zone-II: 0.2036
  zone-III: 0.4783
  zone-IV: 0.0416
  zone-MYSO: 1.2899
  zone-S: 0.9751
Zones Strength:
  zone-0: 2.399
  zone-I: 1.9613
  zone-II: 2.3906
  zone-III: 1.6691
  zone-IV: 1.5318
  zone-MYSO: 0.707
  zone-S: 1.8435
lambda_HM: 8401.4291901
lambda_obs: 8406.194824
