Comments: Spotted on the new zone spectra. Very very weak. Strength and wave approximate
Cont_method: 11.0
ID: He I 8518.04
Index: 3138
Region: BY-HAND
Strength: 1.0
Type: Med Neb
Zones BG:
  zone-0: 1.2851
  zone-I: 1.0701
  zone-II: 1.502
  zone-III: 0.7272
  zone-IV: 0.841
  zone-MYSO: -0.0728
  zone-S: 0.493
Zones BG sig:
  zone-0: 1.1855
  zone-I: 0.0964
  zone-II: 0.193
  zone-III: 0.167
  zone-IV: 0.2609
  zone-MYSO: 2.7731
  zone-S: 1.7701
Zones Strength:
  zone-0: 0.9321
  zone-I: 1.5637
  zone-II: 1.9543
  zone-III: 2.2264
  zone-IV: 2.0713
  zone-MYSO: 2.9733
  zone-S: 3.7826
lambda_HM: 8517.61335241
lambda_obs: 8522.444824
