Comments: "Blend with the stronger [Cl II] line. Strength and \u03BB(HM) only approximate"
Cont_method: 11.0
ID: He I 8582.61+
Index: 3190
Notes:
  ID:
  - plus [Cl II] 8578.69
Region: BY-HAND
Strength: 1.0
Type: Med Neb
Zones BG:
  zone-0: 3.5424
  zone-I: 1.869
  zone-II: 3.5522
  zone-III: 1.5496
  zone-IV: 1.0297
  zone-MYSO: 22.2991
  zone-S: 3.0692
Zones BG sig:
  zone-0: 2.0889
  zone-I: 0.2865
  zone-II: 1.8913
  zone-III: 0.4105
  zone-IV: 0.3367
  zone-MYSO: 18.0631
  zone-S: 0.6497
Zones Strength:
  zone-0: 2.1708
  zone-I: 1.8419
  zone-II: 2.1203
  zone-III: 3.7613
  zone-IV: 3.5973
  zone-MYSO: 1.5224
  zone-S: 3.084
lambda_HM: 8582.57653993
lambda_obs: 8587.444824
