Comments: "Strength and \u03BB(HM) approximate.Part of blend with following lines.\
  \ Shows clear diffuse emission."
Cont_method: 11.0
ID: N I 8680.282
Index: 3268
Region: BY-HAND
Strength: 1.0
Type: Neutral
Zones BG:
  zone-0: 1.176
  zone-I: 2.047
  zone-II: 2.1018
  zone-III: 2.4881
  zone-IV: 2.0735
  zone-MYSO: 9.3826
  zone-S: 4.4637
Zones BG sig:
  zone-0: 0.6976
  zone-I: 0.1821
  zone-II: 0.3268
  zone-III: 0.5067
  zone-IV: 0.5044
  zone-MYSO: 10.6804
  zone-S: 0.6839
Zones Strength:
  zone-0: 0.8592
  zone-I: 1.879
  zone-II: 2.0123
  zone-III: 1.1967
  zone-IV: 1.4183
  zone-MYSO: 15.6237
  zone-S: 2.7964
lambda_HM: 8680.02132122
lambda_obs: 8684.944824
