Comments: Blended with following Neutral UIL
Cont_method: 11.0
ID: UIL+
Index: 3278
Notes:
  ID:
  - plus neutral UIL
Region: BY-HAND
Strength: 0.5
Type: Deep Neutral??
Zones BG:
  zone-0: 0.455
  zone-I: 1.3785
  zone-II: 1.5393
  zone-III: 1.8347
  zone-IV: 1.8574
  zone-MYSO: 5.0683
  zone-S: 1.9874
Zones BG sig:
  zone-0: 0.9325
  zone-I: 0.2733
  zone-II: 0.2929
  zone-III: 0.1308
  zone-IV: 0.1499
  zone-MYSO: 9.4481
  zone-S: 1.3167
Zones Strength:
  zone-0: 1.9734
  zone-I: 1.4427
  zone-II: 1.9975
  zone-III: 1.428
  zone-IV: 1.0892
  zone-MYSO: 2.4252
  zone-S: 3.1421
lambda_HM: 8692.5142419
lambda_obs: 8697.444824
