Comments: Blended with previous sky
Cont_method: null
ID: He I 8776.71+
Index: 3346
Notes:
  ID:
  - plus 8776.73 plus 8776.93 plus sky
Region: BY-HAND
Strength: 1.0
Type: Med Neb
Zones BG:
  zone-0: 3.4975
  zone-I: 4.994
  zone-II: 3.7088
  zone-III: 7.0024
  zone-IV: 7.0141
  zone-MYSO: 3.8751
  zone-S: 9.0916
Zones BG sig:
  zone-0: 4.7189
  zone-I: 4.0761
  zone-II: 5.0652
  zone-III: 4.3829
  zone-IV: 5.3115
  zone-MYSO: 6.0324
  zone-S: 5.946
Zones Strength:
  zone-0: 2.8836
  zone-I: 1.9994
  zone-II: 3.1667
  zone-III: 3.5225
  zone-IV: 1.9532
  zone-MYSO: 3.4462
  zone-S: 1.2947
lambda_HM: 8777.46610251
lambda_obs: 8782.444824
