Comments: Strength from FIL-B. Weak
Cont_method: null
ID: UIL
Index: 3397
Region: BY-HAND
Strength: 0.5
Type: Deep  Neutral
Zones BG:
  zone-0: 3.8439
  zone-I: 3.6343
  zone-II: 5.0618
  zone-III: 3.1018
  zone-IV: 3.9078
  zone-MYSO: 5.7239
  zone-S: 3.8699
Zones BG sig:
  zone-0: 1.9615
  zone-I: 1.4116
  zone-II: 2.0103
  zone-III: 2.4746
  zone-IV: 2.2224
  zone-MYSO: 2.5004
  zone-S: 3.0449
Zones Strength:
  zone-0: 1.3992
  zone-I: 0.9445
  zone-II: 1.2919
  zone-III: 0.5879
  zone-IV: 0.1661
  zone-MYSO: 2.4533
  zone-S: 2.5657
lambda_HM: 8841.17999797
lambda_obs: 8846.194824
