Comments: Severely blended with the much stronger following H I line. Almost invisible
  in the blue wing. Strength and wavelength very uncertain
Cont_method: 11.0
ID: UIL
Index: 3412
Region: BY-HAND
Strength: 1.0
Type: Deep Neutral??
Zones BG:
  zone-0: 56.5316
  zone-I: 15.0312
  zone-II: 53.3861
  zone-III: 66.1843
  zone-IV: 43.5143
  zone-MYSO: 288.4585
  zone-S: 44.6127
Zones BG sig:
  zone-0: 36.5681
  zone-I: 8.7224
  zone-II: 31.3123
  zone-III: 38.6965
  zone-IV: 25.3266
  zone-MYSO: 180.4507
  zone-S: 25.2099
Zones Strength:
  zone-0: 15.3247
  zone-I: 4.5181
  zone-II: 7.2353
  zone-III: 6.3752
  zone-IV: 4.0346
  zone-MYSO: 107.9301
  zone-S: -3.275
lambda_HM: 8859.91937899
lambda_obs: 8864.944824
