Comments: Wavelength and strength uncertain
Cont_method: 11.0
ID: UIL
Index: 3564
Region: BY-HAND
Strength: 2.0
Type: Deep Neutral
Zones BG:
  zone-0: 0.8124
  zone-I: 1.7808
  zone-II: 1.8818
  zone-III: 2.6808
  zone-IV: 2.5312
  zone-MYSO: 4.4381
  zone-S: 1.3038
Zones BG sig:
  zone-0: 1.9734
  zone-I: 0.4207
  zone-II: 0.5299
  zone-III: 0.4274
  zone-IV: 0.489
  zone-MYSO: 8.0943
  zone-S: 8.3985
Zones Strength:
  zone-0: 4.4648
  zone-I: 2.4636
  zone-II: 3.4074
  zone-III: 2.4375
  zone-IV: 1.5321
  zone-MYSO: 14.3285
  zone-S: 4.7411
lambda_HM: 9049.8117733
lambda_obs: 9054.944824
