Comments: Weaker counterpart to previous, can be seen as separate line. Strength and
  wavelength approximate.
Cont_method: 101.0
ID: UIL
Index: 3654
Region: BY-HAND
Strength: 2.0
Type: Deep Neutral?
Zones BG:
  zone-0: 2.4304
  zone-I: 2.6465
  zone-II: 3.2955
  zone-III: 2.8142
  zone-IV: 2.5895
  zone-MYSO: 12.2443
  zone-S: 15.4616
Zones BG sig:
  zone-0: 0.5559
  zone-I: 0.1847
  zone-II: 0.4028
  zone-III: 0.2773
  zone-IV: 0.2436
  zone-MYSO: 2.4728
  zone-S: 2.7248
Zones Strength:
  zone-0: 3.9402
  zone-I: 2.0889
  zone-II: 3.0218
  zone-III: 2.285
  zone-IV: 2.037
  zone-MYSO: 5.0585
  zone-S: 3.7059
lambda_HM: 9162.2480594
lambda_obs: 9167.444824
