Comments: Severe blend with red wing of H I line. Strength and wavelength are very
  approximate
Cont_method: 101.0
ID: UIL+
Index: 3711
Notes:
  ID:
  - plus wing of H I 9229.01
Region: BY-HAND
Strength: 5.0
Type: Deep Neutral
Zones BG:
  zone-0: 49.3123
  zone-I: 7.1354
  zone-II: 41.9427
  zone-III: 51.3812
  zone-IV: 34.7607
  zone-MYSO: 209.0636
  zone-S: 37.6176
Zones BG sig:
  zone-0: 45.741
  zone-I: 6.4664
  zone-II: 37.7502
  zone-III: 46.2103
  zone-IV: 29.1627
  zone-MYSO: 202.6797
  zone-S: 29.4972
Zones Strength:
  zone-0: -2.5618
  zone-I: 4.0243
  zone-II: -2.179
  zone-III: -5.0012
  zone-IV: -2.5422
  zone-MYSO: -7.465
  zone-S: -8.0434
lambda_HM: 9233.45770727
lambda_obs: 9238.694824
