data/spec1d/n346-nostar-fil-b-peaks-p0002-d0030.csv
# %ECSV 1.0
# ---
# datatype:
# - {name: Wavelength, datatype: float64}
# - {name: Pixel, datatype: int64}
# - {name: prominences, datatype: float64}
# - {name: left_bases, datatype: int64}
# - {name: right_bases, datatype: int64}
# - {name: widths, datatype: float64}
# - {name: width_heights, datatype: float64}
# - {name: left_ips, datatype: float64}
# - {name: right_ips, datatype: float64}
# schema: astropy-2.0
Wavelength Pixel prominences left_bases right_bases widths width_heights left_ips right_ips
[from data line 252]
7381.1948 2225 0.6015 2194 2238 3.3705 0.0294 2222.4567 2225.8272
7391.1948 2233 0.5459 2231 2238 2.5223 0.0468 2232.2863 2234.8086
7399.9448 2240 0.9592 2194 2244 2.724 0.1246 2239.3732 2242.0972
7412.4448 2250 0.5421 2244 2258 1.8449 -0.0554 2249.0902 2250.9351
7428.6948 2263 0.4768 2258 2276 2.0123 -0.0558 2261.9446 2263.957
7439.9448 2272 0.2745 2268 2276 3.4467 -0.0318 2269.1989 2272.6456
7451.1948 2281 0.2209 2279 2283 2.4984 -0.0855 2279.7192 2282.2176
7467.4448 2294 2.5942 2194 2392 2.5615 0.4627 2292.3208 2294.8823
7472.4448 2298 0.7201 2296 2302 2.044 0.2892 2296.8028 2298.8468
7483.6948 2307 0.6224 2302 2308 1.7331 0.1859 2305.7669 2307.5
7492.4448 2314 1.7732 2302 2392 2.0886 0.5421 2313.0976 2315.1862
7503.6948 2323 1.2222 2320 2332 2.523 0.1715 2322.1064 2324.6294
7523.6948 2339 0.9044 2332 2342 2.2436 0.148 2337.5126 2339.7563
7529.9448 2344 1.7503 2332 2392 2.3602 0.2778 2343.2797 2345.6399
7541.1948 2353 0.3572 2350 2375 1.7562 -0.2501 2351.8391 2353.5954
7557.4448 2366 0.6203 2364 2375 1.5951 -0.5405 2364.8964 2366.4915
7571.1948 2377 1.3877 2375 2392 1.6027 -0.4709 2376.398 2378.0007
7581.1948 2385 0.4789 2384 2392 1.9332 -1.1591 2384.5 2386.4332
7584.9448 2388 0.2652 2387 2392 1.5857 -1.2642 2387.5 2389.0857
7598.6948 2399 2.809 2392 2400 1.567 8.2793 2397.933 2399.5
7624.9448 2420 3.7303 2416 2422 1.7954 2.3992 2419.6368 2421.4322
7628.6948 2423 6.6078 2416 2425 1.9161 2.9888 2422.4263 2424.3424
7633.6948 2427 10.1385 2416 2522 2.2153 3.2916 2425.462 2427.6773
7642.4448 2434 6.7214 2432 2522 2.1339 3.2556 2432.5438 2434.6777
7646.1948 2437 4.0386 2436 2522 1.7777 2.3045 2436.5 2438.2777
7651.1948 2441 3.4275 2439 2452 1.8519 0.8064 2440.4047 2442.2566
7656.1948 2445 2.6052 2444 2452 1.9651 -0.5259 2444.5 2446.4651
7662.4448 2450 2.3745 2448 2452 2.5516 -0.9328 2448.5002 2451.0518
7667.4448 2454 5.7229 2452 2522 2.2386 0.5482 2452.8821 2455.1207
7672.4448 2458 0.7031 2456 2467 3.0615 -0.1859 2456.9784 2460.0399
7679.9448 2464 0.9679 2462 2467 2.7067 -0.7947 2462.6178 2465.3244
7686.1948 2469 0.9303 2467 2471 2.1317 -0.8253 2468.153 2470.2847
7693.6948 2475 1.0447 2467 2477 3.953 -0.5473 2472.3822 2476.3352
7698.6948 2479 1.8298 2467 2483 2.5029 -0.5159 2477.9092 2480.4121
7711.1948 2489 4.2044 2483 2491 2.054 0.9968 2488.314 2490.368
7716.1948 2493 2.5291 2491 2518 2.0685 0.4099 2492.4695 2494.5381
7726.1948 2501 0.6515 2495 2506 2.3955 -0.1484 2499.3521 2501.7476
7744.9448 2516 1.4541 2506 2518 4.4614 -0.0857 2512.6564 2517.1178
7749.9448 2520 5.2204 2483 2522 1.8149 0.6736 2519.3137 2521.1285
7754.9448 2524 45.6947 2522 3430 2.2269 19.7282 2523.3442 2525.5711
7772.4448 2538 3.5993 2532 2543 2.2396 1.0746 2537.2789 2539.5186
7786.1948 2549 4.0307 2543 2553 3.9273 0.9636 2546.5166 2550.4439
7794.9448 2556 4.0118 2553 2568 2.2278 1.2437 2554.5044 2556.7322
7807.4448 2566 2.25 2562 2568 2.656 0.4032 2564.2228 2566.8788
7821.1948 2577 4.1664 2553 2591 1.8343 1.3085 2575.8085 2577.6428
7828.6948 2583 0.8657 2579 2591 2.1066 -0.3304 2582.3873 2584.4939
7842.4448 2594 5.234 2553 2597 2.411 1.8817 2592.4512 2594.8622
7852.4448 2602 5.666 2553 2652 1.6533 1.748 2601.2352 2602.8885
7859.9448 2608 1.5618 2604 2610 1.5565 0.0755 2607.2493 2608.8059
7869.9448 2616 2.2408 2604 2633 1.9079 0.3841 2615.232 2617.1399
7873.6948 2619 0.2278 2618 2621 1.6576 -0.559 2618.5371 2620.1947
7877.4448 2622 1.058 2618 2629 2.31 0.0016 2621.5604 2623.8704
7888.6948 2631 1.5969 2618 2633 1.8844 0.1073 2630.4372 2632.3216
7894.9448 2636 3.3127 2604 2649 2.2909 0.8586 2634.6685 2636.9594
7903.6948 2643 0.3157 2641 2649 2.1358 -0.3609 2642.376 2644.5118
7912.4448 2650 4.921 2604 2652 1.9331 0.9982 2649.4219 2651.355
7921.1948 2657 2.3696 2652 2681 2.2475 0.2292 2655.5124 2657.7599
7931.1948 2665 1.6069 2662 2681 2.1194 0.5976 2663.3889 2665.5083
7939.9448 2672 0.2319 2669 2674 1.536 -0.0665 2670.7177 2672.2537
7956.1948 2685 0.2403 2681 2686 2.6344 -0.2516 2682.8656 2685.5
7963.6948 2691 10.8247 2652 2960 2.0124 3.2297 2690.3669 2692.3793
7978.6948 2703 2.2161 2693 2713 2.4818 0.3159 2702.0998 2704.5816
7992.4448 2714 5.8239 2693 2716 1.8238 1.0306 2713.385 2715.2088
8001.1948 2721 0.8198 2716 2726 3.4129 -0.133 2720.4009 2723.8138
8013.6948 2731 5.563 2716 2742 2.6196 0.7532 2729.3723 2731.9919
8019.9448 2736 0.882 2733 2738 2.4728 -0.0581 2734.7056 2737.1784
8042.4448 2754 1.5292 2742 2757 2.1404 0.5546 2753.3843 2755.5247
8051.1948 2761 5.3115 2716 2824 2.2744 1.8273 2759.6783 2761.9527
8061.1948 2769 1.5 2767 2771 1.7983 0.468 2768.4232 2770.2215
8073.6948 2779 0.8235 2771 2784 2.531 0.1881 2777.335 2779.866
8087.4448 2790 1.813 2771 2824 2.3755 0.4966 2788.915 2791.2905
8101.1948 2801 0.927 2800 2824 1.8118 -0.1372 2800.5 2802.3118
8108.6948 2807 0.3141 2805 2818 2.8912 -0.4191 2805.7059 2808.5971
8127.4448 2822 0.5702 2818 2824 1.5787 -0.4864 2821.3179 2822.8966
8132.4448 2826 0.7254 2824 2828 2.6779 -0.3086 2824.6065 2827.2844
8147.4448 2838 0.7969 2824 2842 2.1703 0.4 2836.5859 2838.7562
8154.9448 2844 8.8731 2716 2960 2.766 1.9662 2842.9466 2845.7126
8163.6948 2851 0.8725 2849 2855 2.0704 0.3084 2849.621 2851.6914
8178.6948 2863 1.8196 2855 2869 9.1782 0.1543 2858.429 2867.6072
8196.1948 2877 2.5012 2855 2926 5.7916 0.1361 2872.6008 2878.3924
8203.6948 2883 0.2543 2880 2887 3.3809 -0.0386 2882.5519 2885.9328
8211.1948 2889 1.6809 2880 2926 5.6487 0.006 2887.4113 2893.06
8222.4448 2898 0.923 2894 2926 3.0269 -0.2227 2896.0296 2899.0565
8233.6948 2907 0.8818 2902 2914 5.0799 -0.6171 2905.7809 2910.8608
8247.4448 2918 1.226 2914 2926 5.7321 -0.5526 2915.9794 2921.7115
8253.6948 2923 0.4314 2922 2926 1.5492 -0.4589 2922.5 2924.0492
8262.4448 2930 0.4397 2926 2931 1.5903 -0.7124 2928.9097 2930.5
8266.1948 2933 0.504 2926 2934 1.7691 -0.6004 2931.7309 2933.5
8271.1948 2937 4.5317 2926 2940 2.2474 2.0463 2936.0754 2938.3228
8277.4448 2942 5.6844 2926 2947 1.9951 1.6621 2940.6709 2942.6659
8288.6948 2951 7.8528 2947 2960 2.682 2.0776 2949.182 2951.864
8297.4448 2958 2.9591 2956 2960 1.7655 0.726 2957.3 2959.0655
8303.6948 2963 3.2115 2960 2965 1.8758 1.6749 2962.3774 2964.2532
8309.9448 2968 6.1875 2960 2985 3.2414 0.4721 2965.9465 2969.1879
8318.6948 2975 3.4315 2973 2977 2.0846 -0.5644 2974.1524 2976.2369
8327.4448 2982 3.7201 2977 2985 2.4379 -0.4673 2981.1595 2983.5974
8338.6948 2991 12.9391 2960 2997 2.6957 2.9882 2989.775 2992.4706
8349.9448 3000 5.2823 2997 3004 3.9697 0.3142 2998.5359 3002.5057
8363.6948 3011 7.1458 2997 3027 2.327 2.2409 3010.1235 3012.4505
8372.4448 3018 0.4154 3015 3021 3.2957 -0.4088 3016.8587 3020.1543
8378.6948 3023 6.5512 3015 3027 2.6991 2.3764 3022.2698 3024.9689
8384.9448 3028 0.2648 3027 3030 1.7195 -1.0755 3027.6596 3029.3791
8397.4448 3038 14.8945 2997 3066 3.5063 2.3378 3036.3128 3039.8191
8402.4448 3042 1.271 3041 3050 6.2882 -1.6706 3041.7525 3048.0407
8418.6948 3055 8.0682 3041 3062 2.4752 0.5212 3053.2983 3055.7735
8429.9448 3064 8.1654 3041 3066 1.7248 0.4799 3062.765 3064.4898
8433.6948 3067 1.1456 3066 3072 3.7154 -2.4941 3066.8203 3070.5358
8442.4448 3074 8.8955 3066 3077 1.9508 2.6479 3073.3036 3075.2544
8451.1948 3081 9.645 3066 3083 2.0747 2.6311 3080.0533 3082.128
8456.1948 3085 0.4447 3083 3088 1.7821 -1.1397 3084.4192 3086.2013
8464.9448 3092 14.1042 2997 3094 2.2041 4.952 3090.3895 3092.5937
8472.4448 3098 10.1838 3094 3116 2.1831 4.7013 3096.5497 3098.7328
8479.9448 3104 2.94 3101 3116 2.1391 1.2429 3103.0359 3105.175
8486.1948 3109 0.4052 3106 3111 2.4 0.2459 3107.446 3109.846
8492.4448 3114 1.4721 3111 3116 1.9816 0.6954 3113.3488 3115.3304
8502.4448 3122 1.6134 3116 3124 1.847 3.7254 3121.5188 3123.3658
8507.4448 3126 14.7212 2997 3157 2.4571 5.0049 3124.5288 3126.9858
8516.1948 3133 0.4033 3129 3135 3.8748 -0.6747 3130.3159 3134.1907
8527.4448 3142 3.3497 3135 3157 2.3714 0.7346 3140.837 3143.2084
8533.6948 3147 0.6386 3145 3157 2.6163 -0.685 3145.7628 3148.3791
8537.4448 3150 0.5194 3149 3157 1.7293 -0.6666 3149.5 3151.2293
8549.9448 3160 15.0925 2997 3199 2.1961 6.1411 3159.1291 3161.3252
8554.9448 3164 5.1218 3162 3199 1.7398 2.9352 3162.919 3164.6588
8564.9448 3172 3.5886 3169 3175 2.0304 1.3382 3171.2432 3173.2736
8583.6948 3187 4.4417 3169 3199 2.6839 1.2952 3185.6107 3188.2946
8603.6948 3203 17.5637 2997 3206 2.2276 7.2657 3201.4987 3203.7263
8616.1948 3213 1.9513 3206 3216 2.1234 0.0585 3211.6015 3213.7249
8624.9448 3220 1.0844 3216 3224 2.2153 0.1564 3219.449 3221.6643
8636.1948 3229 0.3647 3227 3230 1.513 0.1089 3227.8881 3229.4012
8639.9448 3232 0.5427 3224 3236 2.5946 0.2592 3230.851 3233.4456
8654.9448 3244 5.9365 3206 3249 2.5607 2.6685 3242.6831 3245.2438
8664.9448 3252 10.6963 3206 3254 2.0198 4.8694 3250.6461 3252.6658
8669.9448 3256 25.9928 2997 3275 2.2251 9.663 3254.8136 3257.0388
8678.6948 3263 0.76 3262 3270 1.7045 -1.1059 3262.5 3264.2045
8689.9448 3272 2.1271 3270 3275 1.8437 -1.2529 3271.2725 3273.1162
8732.4448 3306 11.1387 3275 3320 2.3914 5.3267 3304.4352 3306.8266
8737.4448 3310 0.388 3309 3312 1.8186 1.0753 3309.6643 3311.4829
8743.6948 3315 1.3273 3309 3320 1.9701 1.355 3313.6194 3315.5895
8754.9448 3324 32.7633 2997 3383 2.5501 10.7149 3323.0631 3325.6131
8761.1948 3329 2.021 3327 3331 1.5382 0.9401 3327.842 3329.3802
8767.4448 3334 5.6128 3331 3336 2.1518 1.2685 3332.6966 3334.8484
8777.4448 3342 6.5006 3336 3344 2.1011 1.3567 3341.2456 3343.3467
8782.4448 3346 1.0913 3344 3348 1.9905 -0.7499 3344.6972 3346.6877
8793.6948 3355 7.7028 3336 3380 2.3507 2.1058 3354.2023 3356.553
8806.1948 3365 0.6642 3358 3369 7.0152 -0.6646 3360.6475 3367.6627
8814.9448 3372 2.9677 3369 3380 2.8011 0.4404 3370.7871 3373.5882
8821.1948 3377 0.3137 3374 3380 1.774 0.1885 3376.403 3378.177
8826.1948 3381 16.3349 3336 3383 1.7967 6.0119 3380.4871 3382.2839
8832.4448 3386 0.3631 3383 3387 1.7715 0.067 3384.7285 3386.5
8836.1948 3389 5.8019 3383 3391 1.6289 2.5329 3388.1021 3389.731
8846.1948 3397 0.5521 3395 3398 1.8526 0.3891 3395.5691 3397.4217
8856.1948 3405 8.0942 3383 3409 2.4325 2.3111 3403.2881 3405.7207
8867.4448 3414 46.4763 2997 3430 2.2611 17.1626 3413.0921 3415.3531
8877.4448 3422 0.303 3419 3427 3.155 -2.8551 3419.565 3422.72
8884.9448 3428 12.684 3427 3430 1.839 1.1333 3427.5 3429.339
8893.6948 3435 2.5462 3430 3437 1.853 -0.3633 3434.3876 3436.2406
8898.6948 3439 11.5147 3430 3454 2.9184 0.0989 3437.5631 3440.4814
8906.1948 3445 1.5966 3444 3454 6.666 -2.5257 3444.5 3451.166
8919.9448 3456 12.9257 3430 3457 2.0031 0.5327 3454.4969 3456.5
8936.1948 3469 0.8868 3457 3473 6.0546 -1.5967 3465.3812 3471.4358
8943.6948 3475 2.6686 3457 3476 1.9871 -0.6794 3473.5129 3475.5
8951.1948 3481 4.7099 3457 3484 3.947 0.6353 3478.9254 3482.8725
8957.4448 3486 9.5303 3457 3488 1.9254 1.055 3485.2809 3487.2063
8966.1948 3493 1.5425 3488 3495 3.0368 0.7272 3491.271 3494.3078
8971.1948 3497 2.6052 3488 3500 2.5832 0.3575 3495.3684 3497.9516
8979.9448 3504 1.8125 3500 3507 2.4543 0.5228 3502.4699 3504.9241
8988.6948 3511 10.0188 3430 3528 4.2691 3.3365 3509.316 3513.5851
9001.1948 3521 8.1477 3517 3528 1.8233 2.9492 3520.0933 3521.9166
9019.9448 3536 51.352 3430 3545 2.2737 22.8939 3534.923 3537.1967
9024.9448 3540 7.6226 3538 3545 1.8244 7.9915 3538.5789 3540.4034
9034.9448 3548 9.3481 3545 3554 2.309 2.5264 3546.4219 3548.731
9046.1948 3557 0.5515 3554 3558 1.8786 -1.4478 3555.6214 3557.5
9054.9448 3564 2.9345 3554 3568 6.1481 0.1459 3559.4577 3565.6058
9062.4448 3570 6.7188 3554 3576 2.239 1.3955 3568.8408 3571.0798
9067.4448 3574 2.1621 3572 3576 1.9229 0.4264 3572.9069 3574.8298
9073.6948 3579 330.3395 3430 3800 2.1477 158.7996 3578.2489 3580.3966
9083.6948 3587 1.8507 3585 3589 2.0825 -0.8601 3585.8237 3587.9062
9088.6948 3591 2.1519 3589 3595 2.4643 -0.618 3590.5262 3592.9905
9097.4448 3598 1.1204 3595 3599 1.5883 -0.3582 3596.9117 3598.5
9103.6948 3603 7.1759 3589 3629 3.0261 0.6462 3601.5964 3604.6224
9126.1948 3621 0.5014 3619 3629 1.7669 -0.2579 3620.2385 3622.0054
9132.4448 3626 1.6802 3625 3629 1.7857 -1.2754 3625.5 3627.2857
9139.9448 3632 0.497 3629 3635 2.2732 0.3221 3631.5092 3633.7824
9149.9448 3640 5.3257 3629 3644 6.3483 0.1395 3635.3437 3641.692
9167.4448 3654 0.5972 3652 3659 1.8835 1.1743 3652.756 3654.6395
9179.9448 3664 1.1231 3659 3667 3.7273 -0.1172 3662.4562 3666.1835
9189.9448 3672 1.4768 3659 3676 7.0036 -0.0187 3668.4688 3675.4723
9199.9448 3680 1.4463 3659 3690 5.3242 0.2468 3677.8864 3683.2107
9209.9448 3688 0.4064 3684 3690 1.7739 0.1224 3686.6857 3688.4596
9214.9448 3692 2.7671 3659 3703 6.5534 -0.3155 3690.6895 3697.2429
9233.6948 3707 73.5775 3629 3800 2.3557 33.5747 3706.2483 3708.6039
9248.6948 3719 0.3229 3716 3720 1.6096 -1.3742 3717.8904 3719.5
9252.4448 3722 0.8009 3716 3729 6.8663 -1.4891 3720.3352 3727.2015
9269.9448 3736 1.1595 3729 3738 5.2624 -1.3564 3731.6483 3736.9107
9279.9448 3744 2.4708 3738 3753 2.4508 -1.0435 3742.6045 3745.0553
9284.9448 3748 1.4313 3746 3753 3.258 -1.4431 3747.3946 3750.6525
9302.4448 3762 7.6379 3753 3765 2.2076 5.378 3761.0706 3763.2782
9308.6948 3767 10.7098 3753 3772 2.4424 4.251 3765.4751 3767.9175
9316.1948 3773 18.0473 3753 3777 2.2777 6.2115 3772.4477 3774.7254
9323.6948 3779 20.8516 3777 3784 2.4394 8.1591 3778.0806 3780.5201
9333.6948 3787 6.6786 3784 3792 2.0441 8.4157 3786.4004 3788.4445
9343.6948 3795 55.7479 3777 3800 2.9974 23.6418 3793.5812 3796.5786
