data/spec1d/n346-nostar-fil-b-peaks-p0002-d0030.csv
# %ECSV 1.0
# ---
# datatype:
# - {name: Wavelength, datatype: float64}
# - {name: Pixel, datatype: int64}
# - {name: prominences, datatype: float64}
# - {name: left_bases, datatype: int64}
# - {name: right_bases, datatype: int64}
# - {name: widths, datatype: float64}
# - {name: width_heights, datatype: float64}
# - {name: left_ips, datatype: float64}
# - {name: right_ips, datatype: float64}
# schema: astropy-2.0
Wavelength Pixel prominences left_bases right_bases widths width_heights left_ips right_ips
4602.4448 2 2.4822 0 41 2.9351 3.0181 0.9687 3.9038
4623.6948 19 1.6169 16 41 1.9363 1.6493 18.106 20.0422
4637.4448 30 1.4875 27 41 1.7646 0.9418 29.1251 30.8897
4652.4448 42 0.9002 41 44 1.7222 -1.6122 41.6128 43.335
4661.1948 49 6.6134 41 208 4.0248 0.9821 46.7409 50.7657
4673.6948 59 1.9717 54 71 7.643 0.0408 54.9751 62.6181
4679.9448 64 0.4991 63 71 2.1396 0.0549 63.5 65.6396
4696.1948 77 1.5236 71 82 2.8007 0.6446 76.0048 78.8055
4704.9448 84 2.7026 71 87 1.8533 1.1793 83.0743 84.9276
4723.6948 99 2.5945 94 112 3.543 1.0309 97.8298 101.3728
4733.6948 107 1.0831 105 112 2.2153 0.8511 105.6431 107.8584
4737.4448 110 0.4987 109 112 1.53 0.7095 109.5 111.03
4742.4448 114 2.9456 94 208 2.505 1.1078 113.209 115.714
4774.9448 140 0.7882 130 141 2.5759 -0.006 137.9241 140.5
4781.1948 145 1.624 130 146 2.0935 -0.1904 143.4065 145.5
4797.4448 158 1.0449 130 163 6.0501 0.1535 154.5347 160.5848
4816.1948 173 2.0211 130 208 7.4947 0.0016 171.3631 178.8579
4829.9448 184 0.8754 183 208 3.7409 0.1178 183.5 187.2409
4837.4448 190 0.3907 188 208 2.1202 0.1405 188.5628 190.683
4863.6948 211 2013.1791 208 325 2.1977 965.9277 210.1302 212.3279
4888.6948 231 1.1169 215 232 2.2282 0.2549 229.2718 231.5
4907.4448 246 0.9581 243 248 3.6267 2.0761 243.842 247.4688
4912.4448 250 0.3476 248 251 1.7941 1.8058 248.7059 250.5
4941.1948 273 0.437 271 277 1.5283 0.0997 271.7198 273.2481
4947.4448 278 0.6982 277 280 1.8091 -0.1746 277.5479 279.357
4952.4448 282 1.0519 277 287 3.0373 -0.0717 281.1191 284.1564
4961.1948 289 1553.3618 287 325 2.1954 673.1354 288.2476 290.4429
4978.6948 303 1.1337 296 308 4.8699 -0.5151 300.0853 304.9552
4988.6948 311 4.2287 308 325 2.6862 0.8367 309.5626 312.2488
4998.6948 319 2.0334 314 325 7.02 -0.2349 315.9811 323.0012
5009.9448 328 4217.4713 325 1033 2.1477 2101.7394 326.5605 328.7081
5018.6948 335 33.8501 332 783 2.0137 20.5981 333.6727 335.6864
5028.6948 343 0.5474 338 346 1.5341 -0.1925 342.3296 343.8637
5037.4448 350 1.5791 338 353 4.343 -0.4287 346.471 350.8139
5046.1948 357 0.5212 353 358 3.7095 -0.643 353.7905 357.5
5049.9448 360 3.2817 353 457 2.1775 0.1093 359.0826 361.2601
5062.4448 370 1.5487 363 408 3.883 0.096 367.0751 370.9581
5073.6948 379 0.7142 375 389 4.2076 0.0302 378.2879 382.4955
5083.6948 387 0.4779 384 389 1.7068 -0.0042 386.3264 388.0332
5094.9448 396 1.1454 389 408 3.3944 0.1214 393.5489 396.9433
5098.6948 399 0.5469 398 408 1.9695 0.0787 398.5 400.4695
5111.1948 409 1.154 408 411 1.6793 -0.1592 408.5933 410.2727
5117.4448 414 1.4055 408 426 6.8555 0.1878 412.8082 419.6637
5131.1948 425 0.4062 423 426 1.9798 -0.3008 423.507 425.4868
5149.9448 440 0.9414 437 447 3.8819 0.1318 438.5999 442.4818
5156.1948 445 0.376 443 447 1.9782 -0.0157 444.0314 446.0096
5163.6948 451 2.157 408 457 5.4151 0.0775 447.419 452.834
5179.9448 464 2.5125 457 467 2.9687 -0.2083 462.3387 465.3074
5193.6948 475 1.6314 457 478 2.3799 0.3305 474.0786 476.4586
5202.4448 482 5.0802 457 651 5.5154 -0.043 478.4484 483.9638
5217.4448 494 0.3142 487 495 2.0385 0.1335 492.4615 494.5
5233.6948 507 0.7584 504 509 2.0713 0.0506 505.9217 507.993
5239.9448 512 0.489 504 514 2.5506 0.4916 510.0874 512.6379
5244.9448 516 1.0179 504 520 4.5185 0.2919 514.1332 518.6517
5258.6948 527 1.65 504 535 5.2851 0.1065 526.0248 531.31
5281.1948 545 0.6926 543 547 1.9954 -0.1822 543.8483 545.8437
5309.9448 568 1.586 561 586 9.0851 0.0486 564.3546 573.4397
5336.1948 589 1.3233 586 595 4.8309 -0.2854 586.9726 591.8035
5346.1948 597 0.7179 595 599 2.0185 -0.0207 596.4024 598.421
5371.1948 617 0.3432 616 619 1.5014 -0.1457 616.5 618.0014
5378.6948 623 0.3973 619 627 2.2876 0.4536 622.5186 624.8062
5394.9448 636 0.7433 633 651 3.4199 0.1466 633.6444 637.0643
5402.4448 642 0.8844 640 651 3.0903 -0.0601 640.9937 644.084
5421.1948 657 0.2837 651 659 1.8215 0.1317 656.6546 658.4761
5424.9448 660 0.5601 651 663 3.0777 0.1115 659.3028 662.3805
5431.1948 665 0.8611 651 669 2.0469 0.0491 663.4629 665.5098
5444.9448 676 1.5387 651 733 9.5328 -0.0971 669.8446 679.3774
5452.4448 682 1.1932 680 733 3.0991 0.0634 680.9169 684.0161
5463.6948 691 0.7571 687 693 2.8424 -0.0471 689.4314 692.2737
5472.4448 698 0.8679 687 733 7.1752 -0.0923 693.6658 700.841
5483.6948 707 0.8811 705 733 1.6857 -0.3399 705.9858 707.6715
5498.6948 719 0.6566 712 733 4.3287 -0.2524 715.2982 719.627
5502.4448 722 0.4105 721 724 1.5774 -0.3361 721.6836 723.2611
5507.4448 726 0.8421 721 733 2.6026 -0.3585 724.5529 727.1556
5521.1948 737 7.2979 651 779 2.5196 2.6249 735.3777 737.8973
5534.9448 748 0.5807 746 750 2.5593 -0.3531 746.7917 749.351
5541.1948 753 5.5058 750 779 2.3015 1.9217 751.5987 753.9003
5548.6948 759 0.3361 757 760 1.6702 -0.0353 757.8298 759.5
5556.1948 765 0.6392 757 779 4.2698 0.0036 761.3021 765.5719
5561.1948 769 0.3503 767 774 2.1536 -0.1324 768.4689 770.6225
5579.9448 784 2.0118 783 793 3.3671 0.1293 783.8647 787.2318
5587.4448 790 0.7206 788 793 2.4485 0.0401 788.6375 791.086
5599.9448 800 1.0878 793 802 3.4629 -0.2883 797.3183 800.7812
5611.1948 809 1.35 793 866 4.1446 0.1327 806.4919 810.6365
5623.6948 819 0.7262 814 822 2.4618 0.0009 817.2653 819.7271
5634.9448 828 0.4229 822 835 6.1225 -0.0801 822.8042 828.9268
5644.9448 836 0.5296 822 840 1.8832 -0.0338 835.4932 837.3764
5652.4448 842 0.6694 822 850 5.4644 -0.019 840.7434 846.2079
5668.6948 855 0.3968 853 857 1.9516 0.0496 854.4577 856.4093
5702.4448 882 0.4662 879 887 2.0378 0.0102 881.0986 883.1364
5707.4448 886 0.2151 884 887 1.6252 -0.3557 884.7531 886.3782
5717.4448 894 0.5373 887 896 3.3809 0.0391 891.7822 895.1632
5727.4448 902 0.7988 887 917 5.1994 0.0627 898.4013 903.6007
5736.1948 909 0.248 907 910 1.5025 0.0568 907.9975 909.5
5741.1948 913 0.4308 907 917 3.1255 0.1184 911.3656 914.4911
5757.4448 926 7.734 783 1020 2.6551 2.1866 925.0896 927.7447
5786.1948 949 0.2985 945 951 2.5582 -0.6046 947.7673 950.3256
5789.9448 952 0.3722 945 955 1.5974 -0.4724 951.602 953.1994
5802.4448 962 0.417 945 967 2.8493 -0.0339 960.8422 963.6915
5812.4448 970 0.3221 967 972 2.2274 -0.0607 968.5242 970.7515
5824.9448 980 0.4186 945 988 4.7485 0.1425 975.9403 980.6888
5839.9448 992 0.2403 945 996 3.9462 0.3033 991.0792 995.0253
5868.6948 1015 0.7446 1008 1020 4.967 -0.0731 1013.3614 1018.3284
5878.6948 1023 242.7522 783 1033 2.1824 115.0779 1022.1267 1024.309
5894.9448 1036 2.2503 1033 1037 1.6958 -3.9591 1034.8042 1036.5
5906.1948 1045 0.625 1033 1046 1.5843 0.3613 1043.9157 1045.5
5913.6948 1051 0.8181 1033 1055 3.4934 0.2874 1050.145 1053.6383
5944.9448 1076 0.2305 1073 1079 3.7262 0.1756 1074.6397 1078.3659
5949.9448 1080 0.8002 1073 1087 4.5675 0.1359 1079.1587 1083.7262
5961.1948 1089 0.5749 1087 1094 1.8936 -0.0372 1088.1037 1089.9973
5972.4448 1098 0.5331 1087 1102 4.6913 0.0206 1095.6435 1100.3348
5986.1948 1109 0.9615 1087 1139 5.1323 0.1039 1105.2555 1110.3878
5991.1948 1113 0.2212 1111 1114 1.7448 -0.057 1111.6089 1113.3538
6002.4448 1122 0.5386 1114 1139 5.5496 0.0103 1119.0496 1124.5992
6021.1948 1137 0.5859 1129 1139 7.1216 -0.2556 1130.4291 1137.5507
6024.9448 1140 0.268 1139 1142 1.5303 -0.2444 1139.7521 1141.2824
6032.4448 1146 1.3986 1139 1253 3.7655 0.0484 1144.2759 1148.0414
6039.9448 1152 0.3164 1149 1156 2.7206 0.1361 1150.9767 1153.6973
6048.6948 1159 0.7121 1149 1175 3.3195 0.1604 1158.1542 1161.4737
6054.9448 1164 0.2835 1162 1167 2.3002 -0.0229 1162.5291 1164.8294
6063.6948 1171 0.5831 1167 1175 2.9228 0.0856 1168.835 1171.7578
6073.6948 1179 0.22 1175 1180 3.1396 0.2052 1176.3604 1179.5
6077.4448 1182 0.5043 1175 1197 2.9752 0.2738 1181.3168 1184.292
6087.4448 1190 0.2038 1185 1194 1.896 0.2271 1189.5014 1191.3974
6098.6948 1199 1.0746 1175 1253 3.3509 0.1804 1198.1968 1201.5477
6111.1948 1209 0.3905 1205 1211 3.3886 0.0951 1207.0167 1210.4053
6119.9448 1216 0.9913 1205 1220 7.3024 -0.064 1211.1785 1218.4809
6134.9448 1228 1.2643 1220 1253 8.4448 0.0381 1222.4327 1230.8775
6158.6948 1247 0.4696 1245 1253 1.9628 0.1253 1245.8926 1247.8554
6169.9448 1256 1.0023 1253 1258 3.1643 -0.5938 1254.2002 1257.3644
6182.4448 1266 0.8997 1253 1283 8.4688 0.0305 1263.4663 1271.9351
6193.6948 1275 0.3664 1273 1276 1.7747 -0.0036 1273.5488 1275.3235
6197.4448 1278 0.3956 1276 1280 2.3998 -0.0129 1276.8306 1279.2304
6201.1948 1281 0.6893 1276 1283 2.0737 -0.0421 1280.3285 1282.4022
6207.4448 1286 0.5995 1283 1294 4.4655 0.1636 1285.199 1289.6645
6221.1948 1297 0.5215 1253 1298 1.658 0.2896 1295.842 1297.5
6224.9448 1300 2.1835 1033 1329 7.9045 -0.0666 1294.8072 1302.7118
6239.9448 1312 0.775 1305 1329 2.3994 -0.1683 1310.3772 1312.7766
6247.4448 1318 0.6413 1317 1329 2.177 -0.7511 1317.5 1319.677
6256.1948 1325 0.2644 1320 1329 1.8216 -0.687 1324.3767 1326.1983
6273.6948 1339 3.3605 1033 1347 3.6758 0.2868 1338.1124 1341.7882
6286.1948 1349 0.3094 1347 1351 1.5115 -0.0685 1348.8533 1350.3648
6291.1948 1353 0.8946 1347 1358 3.8769 -0.0328 1351.4945 1355.3715
6299.9448 1360 1.8059 1347 1361 1.9655 0.5277 1358.5345 1360.5
6303.6948 1363 70.8895 1033 1520 2.1018 33.8992 1362.1049 1364.2067
6314.9448 1372 31.4054 1367 1520 2.3015 14.4444 1371.3325 1373.634
6328.6948 1383 0.7813 1379 1385 2.5043 -0.4794 1381.5896 1384.0938
6336.1948 1389 0.6484 1385 1391 2.2223 -0.4281 1388.2163 1390.4387
6346.1948 1397 0.2774 1391 1399 2.2488 -0.2708 1395.399 1397.6479
6354.9448 1404 0.9277 1379 1409 2.7934 -0.2257 1403.0883 1405.8817
6367.4448 1414 23.7964 1379 1520 2.1597 10.8816 1412.8033 1414.963
6379.9448 1424 0.2573 1421 1427 2.4114 0.0852 1422.1563 1424.5676
6399.9448 1440 0.2289 1434 1442 2.5533 -0.242 1438.6012 1441.1544
6406.1948 1445 0.6226 1442 1452 4.3235 -0.1242 1444.1534 1448.4769
6422.4448 1458 0.3673 1452 1460 1.949 -0.1513 1456.5645 1458.5134
6427.4448 1462 0.664 1442 1468 5.1773 -0.0805 1461.2899 1466.4672
6438.6948 1471 0.9731 1442 1474 3.69 -0.108 1468.9157 1472.6056
6446.1948 1477 0.338 1474 1478 1.6807 0.1384 1475.8193 1477.5
6451.1948 1481 0.8394 1474 1487 2.7751 0.1751 1478.7905 1481.5656
6454.9448 1484 0.7406 1482 1487 2.5083 0.223 1483.12 1485.6283
6463.6948 1491 1.7529 1474 1520 3.1746 0.187 1488.6716 1491.8462
6472.4448 1498 1.3007 1493 1520 4.2757 -0.0145 1495.096 1499.3717
6477.4448 1502 1.1088 1500 1520 1.5542 0.0027 1501.3617 1502.9159
6489.9448 1512 0.7458 1509 1520 1.9112 0.1119 1511.1738 1513.0851
6506.1948 1525 1.4492 1520 1550 2.5708 -0.3664 1523.3565 1525.9274
6509.9448 1528 0.4512 1527 1533 2.1513 -0.4919 1527.5 1529.6513
6521.1948 1537 0.4294 1533 1544 2.5137 -0.6514 1535.263 1537.7767
6532.4448 1546 0.9364 1533 1550 1.7072 -0.4179 1545.2905 1546.9977
6551.1948 1561 100.6941 1033 1565 2.2534 48.6134 1560.3155 1562.5689
6561.1948 1569 3.0108 1565 1570 2.1572 -0.1861 1567.3428 1569.5
6566.1948 1573 6955.8957 325 3800 2.1188 3468.4564 1572.1719 1574.2907
6587.4448 1590 326.1286 1580 1689 2.1714 161.8065 1588.5934 1590.7648
6609.9448 1608 0.2036 1607 1610 1.7314 -0.2632 1607.5 1609.2314
6618.6948 1615 0.6387 1598 1621 4.0272 -0.2149 1612.3448 1616.372
6632.4448 1626 2.1462 1598 1662 3.8068 0.2251 1623.8388 1627.6456
6639.9448 1632 1.468 1630 1662 2.447 0.2346 1631.0978 1633.5448
6648.6948 1639 1.0255 1635 1662 2.4016 0.0375 1638.3544 1640.756
6658.6948 1647 0.5636 1645 1662 2.1882 -0.0504 1646.4184 1648.6067
6663.6948 1651 0.3431 1650 1662 1.7647 -0.2556 1650.5 1652.2647
6671.1948 1657 0.3792 1655 1662 2.0098 -0.4282 1655.6832 1657.693
6682.4448 1666 63.4257 1662 1689 2.2475 30.5655 1664.3968 1666.6444
6702.4448 1682 0.9561 1672 1689 2.8737 -0.4825 1680.7339 1683.6076
6719.9448 1696 517.4528 1580 3800 2.1309 257.3708 1695.1921 1697.323
6734.9448 1708 387.0663 1704 3800 2.1539 193.323 1706.6018 1708.7558
6759.9448 1728 0.3664 1722 1737 3.7249 -0.3336 1725.2678 1728.9926
6767.4448 1734 0.2435 1730 1737 2.6106 -0.2748 1732.9073 1735.5179
6781.1948 1745 1.911 1737 1809 2.7766 0.3903 1743.1709 1745.9475
6789.9448 1752 0.2368 1749 1754 1.5114 -0.2337 1751.2305 1752.7419
6807.4448 1766 0.4968 1754 1785 4.0422 -0.1909 1763.6099 1767.6521
6821.1948 1777 0.5601 1775 1785 1.8903 -0.254 1776.3502 1778.2405
6833.6948 1787 0.9921 1785 1789 1.7406 -0.3787 1785.9564 1787.6969
6842.4448 1794 0.5302 1789 1797 2.9477 -0.6007 1792.5424 1795.4901
6851.1948 1801 1.3239 1789 1809 3.7239 -0.306 1798.8464 1802.5703
6869.9448 1816 5.1961 1809 1837 8.0007 1.3695 1814.9431 1822.9437
6887.4448 1830 3.037 1826 1837 4.417 0.8584 1829.3331 1833.7501
6902.4448 1842 2.0914 1837 1844 2.3466 0.0191 1840.2365 1842.5831
6911.1948 1849 1.9698 1837 1855 2.4564 0.2001 1848.1517 1850.6081
6914.9448 1852 0.5106 1851 1855 1.6849 0.0279 1851.5 1853.1849
6922.4448 1858 0.5722 1855 1859 2.1059 -0.4505 1856.3941 1858.5
6926.1948 1861 2.1924 1837 1864 1.7719 0.1043 1860.1707 1861.9426
6933.6948 1867 2.7222 1837 1973 6.9858 0.4437 1864.6774 1871.6632
6947.4448 1878 0.7553 1876 1880 2.2082 0.4283 1877.1487 1879.3569
6953.6948 1883 1.0858 1880 1973 3.4236 0.4782 1881.4686 1884.8922
6961.1948 1889 0.2518 1888 1892 2.7682 -0.3503 1888.5 1891.2682
6968.6948 1895 0.578 1892 1897 2.7096 -0.2075 1892.7856 1895.4952
6973.6948 1899 0.2326 1897 1901 1.8868 -0.4407 1897.8656 1899.7524
6977.4448 1902 0.8463 1897 1910 1.5941 -0.2732 1901.4014 1902.9955
6991.1948 1913 1.409 1910 1919 2.112 -0.0103 1911.8266 1913.9386
6996.1948 1917 0.212 1915 1919 1.5641 -0.4715 1916.2876 1917.8516
7001.1948 1921 0.4566 1919 1924 1.8884 -0.318 1920.2884 1922.1767
7013.6948 1931 1.8109 1910 1973 3.2268 0.0377 1929.6947 1932.9215
7029.9448 1944 0.7916 1942 1950 1.7253 0.0922 1943.0563 1944.7816
7042.4448 1954 1.6567 1942 1973 7.9236 -0.0014 1951.6621 1959.5857
7047.4448 1958 0.5859 1956 1967 1.9277 0.4298 1956.6131 1958.5408
7061.1948 1969 1.1477 1967 1973 1.9308 0.1588 1967.6779 1969.6087
7068.6948 1975 50.5397 1809 2029 2.1701 24.4118 1974.3415 1976.5117
7083.6948 1987 0.7264 1983 1992 3.1879 -0.1632 1986.1349 1989.3228
7092.4448 1994 0.2687 1992 1995 1.6635 -0.4898 1992.8365 1994.5
7096.1948 1997 2.7086 1992 2029 2.4327 0.682 1995.8483 1998.281
7102.4448 2002 0.2121 2001 2005 2.8957 -0.4211 2001.5893 2004.485
7109.9448 2008 1.9861 2001 2029 2.2592 0.4198 2006.505 2008.7642
7114.9448 2012 1.6121 2010 2029 2.2559 0.4606 2011.3386 2013.5946
7132.4448 2026 0.2831 2024 2029 3.7899 -0.7102 2024.5318 2028.3218
7139.9448 2032 197.5145 1809 3430 2.035 97.2156 2030.7786 2032.8136
7147.4448 2038 0.9105 2035 2041 2.7877 0.3489 2036.6086 2039.3962
7159.9448 2048 0.3932 2041 2051 4.1348 -0.3604 2045.3338 2049.4687
7166.1948 2053 0.3768 2041 2054 1.5124 0.2016 2051.9876 2053.5
7169.9448 2056 1.1331 2041 2061 5.4573 0.1668 2054.7333 2060.1906
7173.6948 2059 0.2227 2057 2061 1.8788 0.4169 2057.6093 2059.4882
7182.4448 2066 2.4275 2041 2084 2.1099 0.2316 2064.9098 2067.0197
7188.6948 2071 1.3045 2069 2074 1.8006 -0.4664 2070.1673 2071.9679
7198.6948 2079 2.1487 2074 2084 4.0885 -0.3343 2075.8268 2079.9153
7202.4448 2082 0.3777 2081 2084 1.5937 -0.899 2081.5 2083.0937
7209.9448 2088 0.2156 2084 2089 1.553 -0.293 2086.947 2088.5
7213.6948 2091 0.2689 2084 2095 2.7325 -0.177 2089.9327 2092.6651
7222.4448 2098 0.2141 2084 2099 1.8836 0.0579 2096.6164 2098.5
7226.1948 2101 2.3288 2084 2108 5.62 0.356 2099.4072 2105.0272
7238.6948 2111 0.5905 2108 2112 1.8214 -0.1345 2109.6786 2111.5
7242.4448 2114 3.5 2084 2138 2.9535 0.2186 2112.659 2115.6126
7258.6948 2127 1.9062 2117 2138 6.0261 0.0594 2122.3238 2128.3498
7267.4448 2134 0.8296 2132 2138 2.5031 -0.77 2132.7386 2135.2417
7276.1948 2141 2.0585 2138 2146 2.4965 0.7277 2139.7443 2142.2408
7284.9448 2148 16.4826 2138 2151 2.1659 6.1784 2147.2547 2149.4206
7292.4448 2154 1.0168 2151 2159 4.9856 -0.6854 2152.6922 2157.6778
7302.4448 2162 1.2454 2151 2170 3.9654 -0.0248 2161.4554 2165.4208
7309.9448 2168 0.6983 2166 2170 1.7349 0.0299 2167.0919 2168.8268
7323.6948 2179 122.8963 2151 3430 2.2691 59.2754 2178.1194 2180.3886
7333.6948 2187 83.1103 2184 3430 2.4635 40.7633 2186.259 2188.7225
7351.1948 2201 0.3708 2194 2205 7.6642 -0.4439 2195.7163 2203.3805
7358.6948 2207 0.6715 2194 2208 2.0494 -0.4106 2205.4506 2207.5
7363.6948 2211 0.2757 2208 2212 1.9782 -0.4327 2209.5218 2211.5
