data/spec1d/n346-nostar-glob-e-peaks-p0002-d0030.csv
# %ECSV 1.0
# ---,
# datatype:
# - {name: Wavelength, datatype: float64}
# - {name: Pixel, datatype: int64}
# - {name: prominences, datatype: float64}
# - {name: left_bases, datatype: int64}
# - {name: right_bases, datatype: int64}
# - {name: widths, datatype: float64}
# - {name: width_heights, datatype: float64}
# - {name: left_ips, datatype: float64}
# - {name: right_ips, datatype: float64}
# schema: astropy-2.0
Wavelength Pixel prominences left_bases right_bases widths width_heights left_ips right_ips
[from data line 252]
7503.6948 2323 1.2253 2317 2338 2.2324 0.191 2322.0157 2324.2481
7517.4448 2334 1.4861 2332 2338 2.5427 0.0473 2332.8205 2335.3631
7524.9448 2340 1.3589 2338 2342 1.7064 0.2642 2338.8494 2340.5557
7547.4448 2358 0.4799 2355 2376 1.8807 -0.3059 2357.0311 2358.9118
7557.4448 2366 0.5876 2364 2376 2.0192 -0.3977 2365.4598 2367.479
7572.4448 2378 1.9196 2376 2391 2.0421 -0.3259 2376.7236 2378.7658
7582.4448 2386 0.5629 2384 2391 1.8618 -0.7146 2384.6591 2386.5209
7602.4448 2402 0.6183 2401 2422 1.5604 4.7125 2401.5 2403.0604
7624.9448 2420 3.1654 2416 2422 2.036 0.5763 2419.4438 2421.4798
7628.6948 2423 3.2951 2422 2425 1.8266 2.1295 2422.6561 2424.4827
7632.4448 2426 8.1739 2422 2519 2.239 3.0729 2425.388 2427.627
7642.4448 2434 5.2302 2432 2519 2.0855 2.8652 2432.5691 2434.6546
7646.1948 2437 3.0612 2436 2448 1.9261 1.2291 2436.5 2438.4261
7651.1948 2441 2.185 2440 2448 1.9283 0.2031 2440.5 2442.4283
7656.1948 2445 1.5837 2444 2448 2.2035 -0.6509 2444.5 2446.7035
7662.4448 2450 1.3826 2448 2452 2.0117 -0.2581 2449.0951 2451.1069
7667.4448 2454 6.2884 2448 2519 2.7039 1.2173 2452.8308 2455.5347
7679.9448 2464 0.8007 2462 2467 2.415 -0.6459 2462.64 2465.055
7687.4448 2470 0.6067 2467 2471 2.5358 -0.757 2467.9642 2470.5
7692.4448 2474 0.7711 2467 2477 3.3397 -0.5375 2472.8889 2476.2285
7698.6948 2479 0.9958 2467 2482 2.4704 -0.5351 2478.1398 2480.6102
7712.4448 2490 3.9832 2467 2519 2.3338 0.7553 2488.3831 2490.717
7717.4448 2494 2.4586 2492 2519 3.1743 0.1986 2492.8207 2495.995
7726.1948 2501 1.0806 2498 2506 4.3344 -0.3174 2499.2618 2503.5962
7744.9448 2516 1.5192 2506 2519 4.608 -0.1056 2512.5258 2517.1338
7754.9448 2524 48.2249 2519 2717 2.1419 22.065 2523.2252 2525.3671
7759.9448 2528 1.2345 2527 2531 2.6675 -0.0933 2527.5878 2530.2553
7772.4448 2538 5.556 2527 2543 2.7476 1.8045 2537.0925 2539.8401
7786.1948 2549 5.3007 2543 2554 3.836 0.833 2546.7105 2550.5464
7794.9448 2556 5.5828 2543 2560 2.1349 1.8323 2554.884 2557.0189
7806.1948 2565 1.8505 2560 2571 3.8692 0.1382 2563.6782 2567.5474
7821.1948 2577 3.131 2560 2591 2.0738 0.8539 2576.4537 2578.5275
7829.9448 2584 0.3348 2581 2587 1.9949 -0.3574 2582.5069 2584.5019
7836.1948 2589 0.6206 2581 2591 1.7926 -0.2886 2587.8975 2589.6902
7842.4448 2594 7.3088 2543 2649 2.2732 2.465 2592.6067 2594.8798
7852.4448 2602 3.2926 2599 2607 2.4541 0.9851 2601.1207 2603.5748
7861.1948 2609 1.0742 2607 2611 2.071 -0.1225 2607.6983 2609.7693
7867.4448 2614 1.3124 2607 2615 1.6223 0.2804 2612.8777 2614.5
7871.1948 2617 2.2269 2607 2629 1.8528 0.4222 2615.971 2617.8237
7878.6948 2623 1.1875 2620 2629 1.9611 0.0315 2622.3222 2624.2833
7889.9448 2632 0.5399 2629 2634 1.7985 0.0323 2631.6741 2633.4726
7894.9448 2636 3.7287 2607 2649 2.1669 1.1251 2634.748 2636.915
7921.1948 2657 2.5639 2654 2686 2.1471 0.569 2656.4304 2658.5775
7931.1948 2665 1.2652 2662 2686 3.0442 0.4579 2663.4739 2666.5181
7938.6948 2671 0.6098 2669 2686 2.668 -0.2127 2670.0163 2672.6843
7948.6948 2679 0.6155 2678 2686 1.9285 -0.3298 2678.5 2680.4285
7964.9448 2692 10.0147 2543 2717 2.3495 2.4066 2690.358 2692.7075
7969.9448 2696 0.3159 2694 2697 1.6013 -0.0319 2694.8987 2696.5
7974.9448 2700 0.5844 2694 2702 2.5458 0.0965 2698.4221 2700.9679
7979.9448 2704 1.7677 2694 2713 1.6875 0.5192 2703.1545 2704.842
7986.1948 2709 0.35 2707 2713 1.9939 -0.2288 2708.3096 2710.3034
7993.6948 2715 2.8507 2713 2717 1.5859 0.3772 2713.8061 2715.392
8004.9448 2724 1.3779 2717 2726 4.941 0.0703 2719.8326 2724.7736
8013.6948 2731 4.4612 2717 2739 2.3838 1.2402 2729.6645 2732.0483
8019.9448 2736 0.6522 2735 2739 1.5557 -0.0203 2735.5 2737.0557
8042.4448 2754 1.8981 2739 2757 2.2768 0.6406 2753.2449 2755.5217
8049.9448 2760 7.7363 2717 2828 2.5626 3.2755 2759.1927 2761.7553
8062.4448 2770 0.7382 2768 2777 2.1016 0.0266 2769.4079 2771.5095
8073.6948 2779 0.9182 2768 2784 1.8095 0.2111 2778.0638 2779.8733
8087.4448 2790 2.2027 2768 2828 2.4231 0.5831 2788.7233 2791.1464
8093.6948 2795 0.2082 2793 2797 1.6106 -0.3007 2793.8401 2795.4508
8102.4448 2802 0.4954 2797 2806 2.8863 -0.2866 2801.341 2804.2273
8119.9448 2816 0.4912 2797 2818 2.8229 -0.2797 2814.1914 2817.0143
8131.1948 2825 0.9669 2797 2828 4.1914 -0.1018 2822.1026 2826.294
8147.4448 2838 0.564 2828 2842 1.5701 0.2733 2837.36 2838.9301
8154.9448 2844 10.0968 2717 2985 2.5798 2.6645 2843.0224 2845.6022
8163.6948 2851 0.3279 2849 2855 1.5849 0.0762 2849.7493 2851.3342
8174.9448 2860 0.8912 2855 2869 2.3424 0.0385 2859.1306 2861.473
8179.9448 2864 0.6005 2862 2869 2.3154 0.1488 2862.5679 2864.8832
8192.4448 2874 0.5492 2855 2875 1.519 0.7667 2872.981 2874.5
8221.1948 2897 2.1335 2895 2925 2.8562 0.4023 2895.8481 2898.7043
8227.4448 2902 1.5613 2900 2925 1.8742 -0.1118 2901.2963 2903.1706
8233.6948 2907 1.3405 2905 2915 2.6286 -0.459 2906.0422 2908.6708
8247.4448 2918 1.7848 2905 2925 3.0372 -0.3454 2916.4544 2919.4915
8264.9448 2932 0.2892 2925 2934 1.701 -0.6911 2931.6074 2933.3084
8271.1948 2937 5.99 2925 2946 2.5846 1.7494 2935.6643 2938.2489
8277.4448 2942 4.0907 2939 2946 2.0075 1.5307 2940.6499 2942.6574
8292.4448 2954 1.5553 2952 2985 1.6304 5.1774 2952.5412 2954.1716
8296.1948 2957 1.6679 2956 2960 2.0223 -0.639 2956.5 2958.5223
8303.6948 2963 5.4733 2960 2985 2.553 0.9765 2962.0401 2964.593
8309.9448 2968 3.2186 2965 2985 2.4806 1.5294 2966.3668 2968.8473
8318.6948 2975 3.8016 2973 2977 1.9798 -0.2416 2974.1127 2976.0925
8327.4448 2982 4.3335 2977 2985 2.3288 -0.1261 2981.1301 2983.4589
8338.6948 2991 15.1791 2717 3063 2.7792 3.8016 2989.6783 2992.4575
8349.9448 3000 5.2854 2994 3006 2.7757 0.6595 2998.3271 3001.1029
8363.6948 3011 6.3295 2994 3016 2.757 1.6836 3009.7719 3012.5289
8378.6948 3023 7.1728 2994 3029 2.3121 1.9127 3022.1007 3024.4127
8396.1948 3037 12.8163 2994 3063 3.6354 2.7902 3036.1495 3039.785
8404.9448 3044 0.2733 3043 3051 1.6482 -1.076 3043.5 3045.1482
8417.4448 3054 9.1102 3051 3063 2.5307 2.6057 3052.9684 3055.4992
8429.9448 3064 1.5139 3063 3069 1.6894 -0.3564 3063.8193 3065.5087
8442.4448 3074 8.5012 3063 3076 1.8911 5.2697 3073.1654 3075.0565
8451.1948 3081 48.1592 2717 3380 2.9316 21.1857 3079.5904 3082.522
8463.6948 3091 9.6347 3089 3095 2.2243 4.7631 3090.2671 3092.4914
8472.4448 3098 10.5272 3089 3114 2.4673 4.339 3096.2817 3098.749
8479.9448 3104 2.6879 3101 3114 1.9457 0.5898 3102.9698 3104.9155
8507.4448 3126 14.1704 3114 3135 2.5236 5.5278 3124.2796 3126.8032
8527.4448 3142 3.9629 3135 3145 2.0796 0.6157 3140.8392 3142.9187
8533.6948 3147 0.5751 3145 3150 3.1491 -1.0198 3145.8083 3148.9574
8549.9448 3160 18.6128 3114 3169 2.3875 8.2014 3158.7527 3161.1402
8554.9448 3164 5.7859 3162 3169 1.7513 4.4058 3162.8098 3164.5611
8564.9448 3172 4.2522 3169 3177 2.0618 1.262 3171.145 3173.2068
8583.6948 3187 2.915 3177 3197 2.261 1.0704 3185.7802 3188.0412
8602.4448 3202 19.2311 3114 3210 2.5465 7.9691 3201.1983 3203.7448
8616.1948 3213 2.878 3210 3225 2.2149 -0.0356 3211.5685 3213.7834
8622.4448 3218 0.4769 3215 3219 1.5458 -0.5505 3216.9542 3218.5
8626.1948 3221 1.8884 3215 3225 2.3199 -0.4342 3219.3477 3221.6676
8632.4448 3226 0.4993 3225 3237 4.358 -1.0514 3225.629 3229.9869
8642.4448 3234 0.293 3231 3237 1.7498 -1.0698 3233.0802 3234.8299
8654.9448 3244 5.014 3210 3247 2.351 1.7384 3243.08 3245.431
8669.9448 3256 26.4195 3210 3289 2.5071 12.0006 3254.4638 3256.9708
8678.6948 3263 0.7521 3261 3266 1.6358 0.8171 3262.3939 3264.0296
8689.9448 3272 3.3493 3266 3289 2.5155 1.2372 3270.7185 3273.234
8699.9448 3280 0.5482 3275 3283 2.4193 -0.8299 3279.1962 3281.6155
8707.4448 3286 0.8709 3275 3289 2.9306 -0.7454 3285.0745 3288.0051
8716.1948 3293 0.7423 3289 3297 2.6371 -0.6089 3292.1679 3294.805
8723.6948 3299 0.3119 3297 3301 1.7663 -0.6778 3297.9312 3299.6975
8732.4448 3306 6.6537 3289 3309 2.4131 2.9406 3304.3292 3306.7423
8738.6948 3311 0.2415 3309 3312 1.8377 -0.186 3309.6623 3311.5
8743.6948 3315 2.0595 3309 3317 2.0829 0.6439 3313.6796 3315.7625
8754.9448 3324 33.6821 3210 3380 2.5148 15.1724 3322.8874 3325.4022
8762.4448 3330 1.1805 3329 3333 2.1008 -0.2602 3329.5 3331.6008
8768.6948 3335 2.1574 3333 3340 2.1519 -0.3904 3334.0946 3336.2465
8778.6948 3343 3.2905 3340 3352 2.8789 0.0827 3342.4031 3345.282
8793.6948 3355 8.5051 3352 3380 2.4186 2.6303 3354.0393 3356.4579
8814.9448 3372 2.9591 3368 3380 2.3235 0.0966 3370.6966 3373.0201
8822.4448 3378 1.178 3376 3380 1.9227 -0.206 3377.2125 3379.1352
8827.4448 3382 4.8991 3380 3388 2.1971 0.8192 3381.4574 3383.6544
8851.1948 3401 0.584 3394 3402 1.6961 1.1437 3399.8039 3401.5
8856.1948 3405 7.9147 3380 3408 2.2797 4.1087 3403.4177 3405.6974
8867.4448 3414 49.7255 2717 3455 2.5196 21.3415 3412.799 3415.3186
8893.6948 3435 3.1269 3432 3437 1.9141 1.1695 3434.2781 3436.1922
8898.6948 3439 12.0521 3427 3455 2.5121 2.8888 3437.7993 3440.3115
8904.9448 3444 2.9365 3442 3455 3.0647 -0.8609 3442.6126 3445.6772
8909.9448 3448 0.2432 3447 3450 1.5662 -1.4552 3447.5 3449.0662
8919.9448 3456 5.3345 3455 3474 1.7147 0.9224 3455.6249 3457.3396
8928.6948 3463 0.3536 3460 3467 2.0042 -1.1345 3461.7106 3463.7148
8944.9448 3476 0.6847 3474 3477 1.5164 0.859 3474.9836 3476.5
8951.1948 3481 8.3687 3455 3520 4.6948 1.0663 3478.0508 3482.7456
8958.6948 3487 6.5973 3485 3520 2.5214 0.2392 3486.3657 3488.8872
8978.6948 3503 0.9488 3500 3505 2.128 -0.2208 3501.9781 3504.1062
8988.6948 3511 3.927 3500 3520 1.9175 1.0152 3510.3348 3512.2523
9002.4448 3522 4.4681 3520 3527 1.798 0.9944 3520.921 3522.719
9019.9448 3536 58.9054 2717 3559 2.435 27.2609 3534.6068 3537.0418
9023.6948 3539 7.1649 3538 3559 1.7798 10.8749 3538.5 3540.2798
9034.9448 3548 11.1217 3545 3559 2.2789 3.8598 3546.3612 3548.6401
9039.9448 3552 1.4225 3550 3559 1.8899 -0.4797 3550.6865 3552.5764
9046.1948 3557 0.8657 3554 3559 2.1415 -1.7364 3555.4487 3557.5902
9051.1948 3561 4.0131 3559 3568 1.8982 0.7385 3560.0192 3561.9174
9062.4448 3570 6.6904 3559 3572 1.9123 2.2758 3568.9082 3570.8204
9067.4448 3574 1.5067 3572 3575 1.5509 0.2438 3572.9491 3574.5
9073.6948 3579 257.7144 2717 3629 2.1234 126.3586 3578.0549 3580.1783
9083.6948 3587 1.1198 3584 3589 1.6598 -1.1724 3586.0031 3587.663
9088.6948 3591 2.1633 3589 3594 1.9358 -0.4166 3590.3913 3592.3272
9103.6948 3603 7.9556 3589 3629 2.4721 1.5911 3602.2061 3604.6782
9118.6948 3615 5.3711 3606 3629 2.838 1.2322 3613.5714 3616.4095
9127.4448 3622 0.6224 3619 3629 2.2588 -0.1643 3620.445 3622.7038
9133.6948 3627 1.0155 3625 3629 1.8157 -1.2507 3625.775 3627.5908
9138.6948 3631 0.384 3629 3636 2.923 -0.0705 3630.8432 3633.7662
9149.9448 3640 5.7088 3629 3660 4.1964 0.5183 3637.5413 3641.7377
9179.9448 3664 0.5771 3660 3668 3.4859 -0.3869 3663.0655 3666.5515
9198.6948 3679 0.6611 3676 3685 4.3484 -0.5717 3677.8849 3682.2333
9208.6948 3687 1.049 3660 3690 2.2793 0.0695 3686.4191 3688.6984
9214.9448 3692 1.2612 3660 3694 1.6691 0.7012 3691.4744 3693.1435
9223.6948 3699 1.0197 3660 3700 1.7839 1.0692 3697.7161 3699.5
9233.6948 3707 92.1132 3629 3778 2.4578 43.6736 3706.0579 3708.5157
9249.9448 3720 1.3596 3717 3729 2.8307 -0.5186 3718.3364 3721.1671
9281.1948 3745 0.5299 3738 3748 2.1105 -0.8488 3743.6441 3745.7546
9287.4448 3750 0.6051 3729 3753 2.8735 -0.5316 3749.3949 3752.2685
9293.6948 3755 0.5137 3729 3758 2.2174 -0.1394 3754.5216 3756.739
9302.4448 3762 10.2391 3729 3778 2.5275 3.6291 3761.108 3763.6354
9308.6948 3767 5.1399 3765 3770 2.3946 1.0265 3765.79 3768.1846
9317.4448 3774 2.0032 3773 3778 2.811 0.347 3773.5 3776.311
9323.6948 3779 9.9231 3778 3800 1.5181 3.0102 3778.5208 3780.039
9331.1948 3785 1.3308 3781 3789 2.4157 0.5302 3784.3034 3786.7192
9337.4448 3790 3.1348 3781 3800 2.6871 0.0486 3789.1049 3791.792
