data/spec1d/n346-nostar-yso-peaks-p0010-d0030.csv
# %ECSV 1.0
# ---
# datatype:
# - {name: Wavelength, datatype: float64}
# - {name: Pixel, datatype: int64}
# - {name: prominences, datatype: float64}
# - {name: left_bases, datatype: int64}
# - {name: right_bases, datatype: int64}
# - {name: widths, datatype: float64}
# - {name: width_heights, datatype: float64}
# - {name: left_ips, datatype: float64}
# - {name: right_ips, datatype: float64}
# schema: astropy-2.0
Wavelength Pixel prominences left_bases right_bases widths width_heights left_ips right_ips
[from data line 250]
7503.6948 2323 7.2544 2302 2326 5.1002 2.0274 2319.2045 2324.3047
7517.4448 2334 42.7185 2302 2392 3.0162 17.3129 2332.56 2335.5762
7529.9448 2344 5.1817 2341 2392 2.022 0.4663 2343.3856 2345.4076
7557.4448 2366 1.5738 2364 2375 1.7334 -6.4426 2364.6175 2366.3509
7567.4448 2374 1.3167 2371 2375 2.3496 -7.7933 2372.0338 2374.3835
7582.4448 2386 1.6576 2379 2392 7.0782 -8.9274 2379.6429 2386.7212
7626.1948 2421 59.7908 2416 2425 2.068 26.1596 2419.492 2421.5601
7633.6948 2427 87.9756 2416 2443 2.0718 30.4422 2425.5877 2427.6595
7642.4448 2434 66.4385 2432 2443 2.1163 29.2881 2432.5548 2434.6711
7646.1948 2437 37.8125 2436 2443 1.8313 21.3646 2436.5 2438.3313
7651.1948 2441 37.0635 2439 2443 1.7757 10.3465 2440.4303 2442.206
7656.1948 2445 19.6067 2443 2447 1.7443 -1.1363 2444.6288 2446.373
7662.4448 2450 20.3018 2443 2452 2.4659 1.3677 2448.5968 2451.0627
7667.4448 2454 35.141 2443 2482 2.3901 5.1649 2452.9518 2455.3419
7673.6948 2459 7.4716 2457 2467 2.182 -1.015 2457.5389 2459.7209
7679.9448 2464 10.6887 2462 2467 2.2664 -6.0543 2462.6366 2464.903
7686.1948 2469 7.7647 2467 2471 2.4152 -5.8558 2467.9422 2470.3574
7693.6948 2475 9.8441 2467 2477 3.9148 0.1512 2472.5401 2476.4548
7698.6948 2479 19.3798 2467 2482 2.9507 -2.3205 2477.4308 2480.3815
7711.1948 2489 9.5528 2482 2491 1.7191 3.8629 2488.4704 2490.1895
7716.1948 2493 32.1017 2443 2522 2.6387 9.2739 2491.6587 2494.2975
7726.1948 2501 1.7136 2499 2505 1.7282 -3.0702 2499.6419 2501.3701
7736.1948 2509 14.6969 2505 2522 2.735 2.5625 2507.4629 2510.1979
7744.9448 2516 2.8918 2512 2518 1.5029 -1.6283 2515.1768 2516.6798
7754.9448 2524 230.1632 2443 2960 2.2503 97.1692 2523.1614 2525.4117
7794.9448 2556 14.1549 2553 2561 2.5296 4.6921 2554.4193 2556.9489
7806.1948 2565 10.5452 2561 2571 2.8755 1.6934 2563.8052 2566.6807
7821.1948 2577 13.021 2561 2585 1.973 2.8383 2575.6171 2577.5901
7828.6948 2583 1.0846 2581 2585 1.8784 -2.8113 2582.467 2584.3454
7842.4448 2594 24.7994 2561 2652 2.3933 8.726 2592.4315 2594.8248
7859.9448 2608 5.223 2604 2610 1.5018 -1.9459 2607.2519 2608.7538
7871.1948 2617 21.0525 2604 2652 3.1683 3.3392 2615.1549 2618.3233
7881.1948 2625 14.2552 2621 2647 3.2387 3.8669 2622.9302 2626.1689
7888.6948 2631 4.6456 2630 2633 1.6804 -1.6464 2630.5 2632.1804
7894.9448 2636 13.7645 2633 2647 2.3402 2.3797 2634.4668 2636.8069
7899.9448 2640 8.5903 2638 2647 2.3576 4.4364 2639.2316 2641.5892
7912.4448 2650 17.3362 2647 2652 2.022 2.7049 2649.241 2651.2629
7921.1948 2657 12.0754 2652 2681 3.9547 0.4028 2655.7541 2659.7088
7931.1948 2665 5.3284 2662 2681 2.1982 -0.4603 2663.507 2665.7052
7938.6948 2671 1.3461 2667 2681 1.7031 -1.4778 2670.0911 2671.7941
7954.9448 2684 3.1719 2681 2688 3.3019 -3.7017 2683.1354 2686.4373
7963.6948 2691 35.6165 2652 2716 2.0846 10.6175 2690.3594 2692.444
7979.9448 2704 10.3812 2693 2707 2.6198 3.4553 2702.3995 2705.0192
7986.1948 2709 8.5489 2693 2711 1.8511 5.7129 2708.4497 2710.3008
7992.4448 2714 26.1868 2693 2716 2.6151 8.6203 2712.151 2714.7661
7999.9448 2720 24.147 2652 2721 1.8116 23.9065 2718.6884 2720.5
8004.9448 2724 66.6476 2652 2855 2.5303 23.7756 2722.2037 2724.734
8013.6948 2731 11.499 2726 2742 2.4402 1.8056 2729.6014 2732.0416
8019.9448 2736 2.3136 2733 2738 2.274 -0.6522 2734.5001 2736.7741
8031.1948 2745 1.6958 2742 2747 1.8763 -2.14 2743.6496 2745.526
8042.4448 2754 4.8046 2742 2756 2.6871 0.2752 2752.369 2755.0561
8051.1948 2761 23.7715 2742 2818 2.79 5.0596 2759.4485 2762.2385
8061.1948 2769 4.747 2765 2788 1.6149 1.4055 2768.4402 2770.0551
8066.1948 2773 1.5612 2771 2776 2.4277 -0.918 2772.1432 2774.5709
8073.6948 2779 2.9478 2771 2788 3.135 -0.7191 2777.56 2780.6951
8082.4448 2786 1.4198 2784 2788 1.8228 -1.44 2785.2768 2787.0996
8087.4448 2790 9.0627 2788 2818 2.4985 1.0357 2789.1603 2791.6587
8101.1948 2801 2.6901 2796 2803 2.1104 -1.7095 2800.0879 2802.1983
8106.1948 2805 1.1847 2803 2807 1.8011 -1.4142 2803.7628 2805.5639
8111.1948 2809 3.99 2796 2811 1.7545 0.0827 2807.7801 2809.5346
8114.9448 2812 3.2801 2796 2814 1.5659 0.6474 2811.6095 2813.1754
8119.9448 2816 7.6467 2796 2818 2.3785 -0.4278 2814.1478 2816.5263
8129.9448 2824 57.451 2742 2855 2.6308 21.194 2822.5068 2825.1377
8143.6948 2835 6.8058 2828 2842 2.9512 0.2819 2833.5585 2836.5097
8154.9448 2844 28.0386 2828 2855 2.6155 5.594 2843.1191 2845.7345
8159.9448 2848 2.9968 2846 2849 1.5016 2.168 2846.6741 2848.1757
8163.6948 2851 9.0029 2849 2855 1.8007 -0.359 2849.7576 2851.5582
8179.9448 2864 15.716 2855 2869 7.153 -2.9097 2858.7448 2865.8978
8192.4448 2874 84.5363 2855 2880 2.6663 31.1492 2872.5249 2875.1912
8204.9448 2884 21.0005 2880 2887 2.2497 3.5719 2882.7146 2884.9642
8214.9448 2892 37.9414 2880 2894 2.3691 15.975 2890.8091 2893.1782
8221.1948 2897 78.614 2880 2900 2.259 33.8313 2895.4756 2897.7347
8227.4448 2902 122.0333 2855 2946 2.298 42.0083 2901.0272 2903.3252
8233.6948 2907 71.2152 2905 2946 2.2138 31.021 2906.1839 2908.3977
8247.4448 2918 73.456 2915 2946 2.2768 28.1283 2916.4361 2918.7129
8261.1948 2929 6.8247 2926 2931 1.9659 -11.6404 2928.4007 2930.3666
8271.1948 2937 24.2931 2926 2946 3.2204 -3.0612 2935.7704 2938.9908
8276.1948 2941 11.3656 2940 2946 1.5961 0.1905 2940.5 2942.0961
8281.1948 2945 12.8978 2943 2946 1.5397 -10.8639 2943.8665 2945.4062
8292.4448 2954 134.6215 2946 2960 2.4917 47.0185 2952.3772 2954.8689
8297.4448 2958 15.1514 2956 2960 1.8149 1.6966 2956.5767 2958.3916
8303.6948 2963 32.9351 2960 2966 2.046 12.5899 2961.9032 2963.9492
8309.9448 2968 55.3185 2960 2973 4.877 3.868 2966.5248 2971.4018
8318.6948 2975 41.8745 2973 2977 2.1525 -2.3497 2974.0536 2976.2062
8327.4448 2982 51.553 2973 2985 2.5623 2.984 2981.0278 2983.5901
8338.6948 2991 95.2909 2960 2997 2.7236 25.3178 2989.5116 2992.2352
8349.9448 3000 69.9403 2997 3006 2.8351 17.4115 2998.7914 3001.6265
8363.6948 3011 100.3115 2960 3030 3.0437 31.2287 3009.2461 3012.2898
8378.6948 3023 93.0577 3016 3030 2.7023 33.3829 3022.0098 3024.7121
8397.4448 3038 117.3876 2960 3065 2.9804 37.6159 3036.2765 3039.2569
8417.4448 3054 109.8507 3048 3065 2.7593 36.5246 3053.0221 3055.7814
8429.9448 3064 15.0317 3062 3065 1.7543 -5.5763 3062.5722 3064.3265
8442.4448 3074 98.9407 2960 3077 2.0298 72.2642 3073.1074 3075.1372
8451.1948 3081 2033.8259 2960 3430 2.3091 996.7576 3079.6588 3081.9679
8463.6948 3091 43.4672 3089 3093 2.0794 15.6002 3090.353 3092.4325
8472.4448 3098 144.0802 3089 3110 2.784 62.4533 3096.166 3098.9501
8484.9448 3108 1.7463 3106 3110 1.7085 -8.1542 3107.3556 3109.064
8494.9448 3116 11.9772 3110 3119 2.3824 4.5399 3114.7806 3117.163
8507.4448 3126 178.137 3089 3152 2.9238 80.719 3124.1003 3127.024
8527.4448 3142 10.9167 3136 3152 2.4175 -2.7073 3140.8751 3143.2925
8533.6948 3147 3.0201 3145 3152 3.0552 -5.8709 3145.7266 3148.7818
8549.9448 3160 218.6899 3089 3195 3.1479 100.1276 3158.2295 3161.3774
8564.9448 3172 13.0912 3169 3182 2.034 -0.0505 3171.1065 3173.1406
8572.4448 3178 1.7263 3175 3182 3.3361 -5.6392 3176.1834 3179.5195
8583.6948 3187 47.4594 3169 3195 2.2772 16.7108 3185.4788 3187.756
8602.4448 3202 218.7922 3089 3247 2.6511 103.956 3201.1738 3203.8249
8621.1948 3217 42.8683 3210 3247 2.4581 16.7738 3216.0307 3218.4888
8633.6948 3227 12.569 3224 3239 2.7447 2.3849 3225.9961 3228.7408
8642.4448 3234 1.9327 3230 3239 2.7143 -2.4794 3231.7392 3234.4535
8654.9448 3244 14.1246 3239 3247 2.4821 2.0947 3242.5289 3245.0111
8669.9448 3256 292.1434 3089 3275 2.7982 135.8785 3254.2126 3257.0107
8688.6948 3271 62.6804 3265 3275 6.5142 22.5203 3266.9783 3273.4925
8699.9448 3280 14.603 3275 3283 2.0031 -4.7174 3279.1445 3281.1476
8708.6948 3287 38.7415 3275 3290 2.3017 10.7229 3285.3848 3287.6865
8716.1948 3293 48.2853 3275 3296 2.0931 17.7385 3292.2482 3294.3412
8723.6948 3299 18.287 3296 3302 2.0934 3.7801 3297.8731 3299.9665
8732.4448 3306 63.0735 3275 3318 2.4743 23.8719 3304.4714 3306.9457
8738.6948 3311 1.9526 3309 3313 1.6457 -3.044 3309.7243 3311.37
8743.6948 3315 3.9631 3313 3318 1.722 -3.8594 3314.0448 3315.7668
8754.9448 3324 356.6458 3275 3407 2.6323 164.4808 3322.8707 3325.5031
8767.4448 3334 9.8384 3331 3336 2.123 -0.6233 3332.4397 3334.5626
8777.4448 3342 15.5575 3336 3344 5.1989 0.3511 3338.0656 3343.2646
8781.1948 3345 6.8018 3344 3347 1.5528 -1.4613 3344.6369 3346.1898
8793.6948 3355 19.6497 3336 3359 2.1803 7.6952 3354.2519 3356.4322
8802.4448 3362 1.7711 3359 3366 3.5512 -1.0119 3360.4374 3363.9886
8814.9448 3372 4.8969 3359 3374 2.1373 2.8923 3370.7591 3372.8964
8826.1948 3381 37.823 3336 3407 2.1719 10.3831 3380.1154 3382.2873
8836.1948 3389 19.1318 3383 3402 2.5037 1.7143 3387.289 3389.7926
8844.9448 3396 2.7051 3391 3402 3.1971 -1.8639 3393.7364 3396.9335
8849.9448 3400 4.9748 3398 3402 1.7316 -3.1317 3398.665 3400.3967
8854.9448 3404 25.4157 3383 3407 2.4084 -1.2724 3403.2017 3405.6102
8867.4448 3414 457.2141 3407 3430 2.5114 214.3469 3412.8249 3415.3363
8884.9448 3428 29.3227 3427 3430 1.628 -1.2151 3427.5 3429.128
8898.6948 3439 46.3406 3430 3529 3.2639 7.1624 3437.046 3440.3099
8912.4448 3450 2.7032 3444 3453 3.7187 -5.5458 3448.0969 3451.8156
8918.6948 3455 24.9572 3444 3500 1.9459 4.5136 3454.4655 3456.4115
8932.4448 3466 22.3759 3457 3473 3.2153 3.7214 3464.1333 3467.3486
8943.6948 3475 9.6573 3473 3477 1.8821 -2.4945 3473.6306 3475.5126
8952.4448 3482 20.5079 3457 3484 3.7287 4.7335 3479.4476 3483.1763
8957.4448 3486 27.9795 3457 3500 2.2713 2.9377 3484.8885 3487.1599
8967.4448 3494 14.695 3488 3500 7.4661 -0.3392 3490.1227 3497.5888
8988.6948 3511 39.5723 3500 3529 3.2064 8.3924 3509.644 3512.8504
9001.1948 3521 27.321 3517 3529 1.8664 6.7962 3520.3448 3522.2111
9019.9448 3536 577.057 3430 3545 2.6311 269.4136 3534.5287 3537.1599
9033.6948 3547 41.0004 3545 3554 2.563 5.5623 3546.312 3548.8751
9044.9448 3556 3.2996 3554 3558 1.5337 -5.4508 3555.7541 3557.2878
9049.9448 3560 8.1905 3554 3562 2.5359 -1.9927 3558.8744 3561.4103
9056.1948 3565 22.7052 3554 3568 3.4821 1.2867 3563.2916 3566.7737
9066.1948 3573 24.1003 3545 3575 2.0919 14.7744 3572.2121 3574.304
9073.6948 3579 3425.0648 1654 3800 2.2858 1671.2694 3577.924 3580.2098
9083.6948 3587 28.8785 3584 3589 2.5157 -0.5535 3585.3702 3587.8859
9089.9448 3592 6.2211 3589 3595 2.001 -4.645 3590.9393 3592.9404
9099.9448 3600 66.5379 3589 3644 5.9478 7.2835 3597.6825 3603.6303
9114.9448 3612 17.1315 3606 3615 6.2802 -5.27 3607.5661 3613.8463
9122.4448 3618 2.8514 3606 3619 1.59 2.1855 3616.91 3618.5
9127.4448 3622 37.9983 3606 3629 7.109 -2.2933 3616.3911 3623.5001
9132.4448 3626 12.8788 3625 3629 1.8588 -11.7533 3625.5 3627.3588
9147.4448 3638 5.8266 3635 3644 3.0735 1.0067 3636.5085 3639.582
9182.4448 3666 41.6611 3644 3677 6.7734 4.6924 3663.0878 3669.8612
9202.4448 3682 6.8786 3677 3684 2.6096 5.9251 3680.6723 3683.2819
9208.6948 3687 71.3933 3644 3691 2.5586 29.9875 3686.0988 3688.6574
9223.6948 3699 59.4928 3691 3702 2.3843 27.3151 3697.369 3699.7533
9233.6948 3707 793.3745 3644 3800 2.6218 360.4018 3705.9063 3708.5281
9248.6948 3719 50.1522 3716 3729 2.6624 9.441 3718.0945 3720.7569
9257.4448 3726 2.3482 3724 3729 1.5807 -5.2574 3724.5885 3726.1692
9268.6948 3735 12.1283 3729 3747 7.4573 -9.5503 3730.8573 3738.3146
9274.9448 3740 1.7182 3739 3742 1.5457 -11.2984 3739.5 3741.0457
9279.9448 3744 7.4396 3742 3747 1.6259 -11.0027 3743.4212 3745.0471
9287.4448 3750 7.6066 3747 3753 2.1318 -10.7572 3749.4447 3751.5764
9302.4448 3762 56.9509 3729 3772 3.3338 16.1703 3760.5898 3763.9235
9308.6948 3767 18.4378 3765 3772 2.0503 19.7631 3765.8109 3767.8612
9316.1948 3773 39.9442 3772 3776 2.3649 9.8588 3772.526 3774.8909
9323.6948 3779 29.6664 3776 3784 4.5284 11.6039 3777.8983 3782.4267
9333.6948 3787 20.7073 3784 3791 4.7344 13.1627 3785.6318 3790.3662
9343.6948 3795 138.8886 3729 3800 3.5658 50.8979 3793.1986 3796.7645
