data/spec1d/n346-nostar-fil-d-peaks-p0002-d0030.csv
# %ECSV 1.0
# ---
# datatype:
# - {name: Wavelength, datatype: float64}
# - {name: Pixel, datatype: int64}
# - {name: prominences, datatype: float64}
# - {name: left_bases, datatype: int64}
# - {name: right_bases, datatype: int64}
# - {name: widths, datatype: float64}
# - {name: width_heights, datatype: float64}
# - {name: left_ips, datatype: float64}
# - {name: right_ips, datatype: float64}
# schema: astropy-2.0
Wavelength Pixel prominences left_bases right_bases widths width_heights left_ips right_ips
[from data line 254]
7277.4448 2142 8.3311 2140 2146 1.9888 1.7861 2140.6797 2142.6685
7284.9448 2148 25.4247 2140 2172 2.0899 9.0103 2147.1917 2149.2816
7292.4448 2154 0.9366 2151 2156 2.5526 -1.0369 2152.6853 2155.2379
7296.1948 2157 0.88 2151 2160 1.8439 -0.6879 2156.6501 2158.4939
7304.9448 2164 3.4028 2151 2172 3.6238 -0.4022 2162.2289 2165.8526
7317.4448 2174 5.2351 2172 2176 1.8545 2.5908 2172.7592 2174.6137
7323.6948 2179 90.9366 2140 3427 2.2889 40.4754 2178.1656 2180.4544
7334.9448 2188 61.8336 2182 3427 2.4234 29.0435 2186.3278 2188.7512
7341.1948 2193 9.0203 2191 2376 1.9542 0.9001 2192.3798 2194.334
7358.6948 2207 2.3172 2206 2214 2.2702 -0.2807 2206.5 2208.7702
7369.9448 2216 7.3545 2214 2376 2.3736 0.169 2215.1619 2217.5355
7374.9448 2220 0.6251 2218 2232 1.5972 -0.278 2219.1191 2220.7163
7384.9448 2228 0.6081 2226 2232 4.6283 -0.3323 2226.5872 2231.2155
7392.4448 2234 2.2093 2232 2240 2.1879 0.4306 2233.3776 2235.5655
7402.4448 2242 4.7792 2240 2338 2.3111 0.5017 2241.136 2243.4471
7407.4448 2246 0.4056 2244 2247 1.7632 -0.1404 2244.7368 2246.5
7413.6948 2251 0.5666 2244 2259 2.3375 -0.1432 2249.2626 2251.6001
7417.4448 2254 0.3074 2252 2259 2.1709 -0.1783 2252.6251 2254.796
7429.9448 2264 0.8484 2259 2269 2.3581 -0.1547 2263.3904 2265.7485
7438.6948 2271 1.6026 2269 2292 1.7077 0.3882 2270.5634 2272.2711
7447.4448 2278 0.7754 2273 2292 2.369 0.0523 2276.508 2278.877
7458.6948 2287 0.2846 2284 2290 1.9967 -0.166 2286.3643 2288.361
7467.4448 2294 3.5766 2269 2338 2.0619 0.8688 2292.6312 2294.6931
7473.6948 2299 1.5 2296 2302 2.8294 0.4201 2297.2455 2300.0749
7483.6948 2307 2.4078 2302 2338 1.8002 0.2518 2306.362 2308.1622
7492.4448 2314 1.5008 2310 2319 2.2877 0.2025 2313.2476 2315.5352
7503.6948 2323 1.746 2319 2338 2.1329 0.1537 2321.7868 2323.9197
7524.9448 2340 6.7746 2338 2376 2.1221 0.3397 2338.852 2340.9741
7531.1948 2345 3.1792 2343 2376 4.6826 0.7121 2343.9117 2348.5943
7534.9448 2348 1.07 2346 2376 1.6177 1.4391 2346.6343 2348.2519
7541.1948 2353 0.4969 2350 2376 1.5345 -0.2959 2352.0248 2353.5592
7557.4448 2366 1.1434 2365 2376 1.9259 -0.7863 2365.5 2367.4259
7563.6948 2371 0.2649 2368 2376 3.014 -1.0033 2368.5564 2371.5704
7572.4448 2378 4.8719 2376 2388 1.8054 0.2043 2376.9476 2378.753
7586.1948 2389 1.4908 2388 2391 1.8372 -1.3425 2388.544 2390.3812
7593.6948 2395 2.8868 2388 2397 1.6716 0.7722 2394.1388 2395.8105
7603.6948 2403 1.3892 2400 2519 1.6384 8.319 2401.8472 2403.4856
7618.6948 2415 2.3953 2413 2416 1.7542 0.3191 2413.7458 2415.5
7628.6948 2423 8.3963 2422 2425 1.8879 2.8659 2422.5492 2424.4371
7633.6948 2427 11.0141 2422 2519 2.0877 3.2587 2425.6012 2427.6889
7637.4448 2430 5.6712 2429 2432 1.739 2.1444 2429.5 2431.239
7642.4448 2434 8.145 2432 2519 2.1189 3.0297 2432.6832 2434.8021
7647.4448 2438 4.5575 2436 2448 1.9053 1.3115 2436.5475 2438.4528
7652.4448 2442 3.3713 2440 2448 2.2036 -0.131 2440.5289 2442.7326
7656.1948 2445 2.3985 2444 2448 1.9478 -0.6288 2444.5 2446.4478
7662.4448 2450 3.0384 2448 2452 1.996 -0.3686 2449.2667 2451.2626
7667.4448 2454 7.7317 2448 2492 4.0222 0.2786 2452.7306 2456.7527
7679.9448 2464 1.0067 2462 2467 3.0947 -0.915 2462.5554 2465.6501
7687.4448 2470 0.8034 2467 2472 2.2263 -1.0088 2468.2813 2470.5076
7693.6948 2475 1.1411 2462 2478 3.5139 -0.5215 2472.8628 2476.3767
7699.9448 2480 1.8738 2462 2488 2.4859 -0.5497 2478.4747 2480.9606
7707.4448 2486 0.4249 2483 2488 1.9372 -0.896 2484.4011 2486.3383
7712.4448 2490 5.2509 2488 2492 1.6509 0.8387 2489.3915 2491.0424
7717.4448 2494 8.0437 2492 2519 3.0585 0.233 2492.8755 2495.9341
7726.1948 2501 2.4333 2499 2519 2.8924 -0.0789 2499.9641 2502.8565
7737.4448 2510 0.6026 2507 2511 1.9176 -0.5392 2508.5824 2510.5
7744.9448 2516 1.6621 2507 2519 2.7099 -0.2151 2514.2478 2516.9577
7754.9448 2524 54.7052 2519 3380 2.121 20.2249 2523.1714 2525.2924
7759.9448 2528 2.6445 2527 2534 1.8299 0.6702 2527.6926 2529.5226
7773.6948 2539 5.9374 2527 2554 2.7944 0.659 2537.1846 2539.979
7794.9448 2556 12.6926 2554 2576 2.1742 1.8883 2554.7143 2556.8885
7808.6948 2567 2.4519 2561 2576 1.7658 0.2219 2565.9814 2567.7472
7821.1948 2577 8.9838 2576 2601 1.9829 2.1684 2576.596 2578.5789
7828.6948 2583 1.04 2581 2592 2.6328 -0.5041 2582.012 2584.6448
7836.1948 2589 0.9054 2586 2592 3.3019 -0.5812 2586.6378 2589.9396
7842.4448 2594 7.5956 2592 2601 2.2405 2.5621 2592.5731 2594.8136
7853.6948 2603 11.0237 2576 2649 1.8146 1.6584 2602.0791 2603.8936
7871.1948 2617 5.1084 2607 2649 1.651 0.7716 2616.1136 2617.7646
7882.4448 2626 1.2218 2624 2630 1.562 0.3527 2624.8157 2626.3777
7894.9448 2636 4.2409 2630 2649 2.9487 0.2844 2634.5162 2637.4649
7899.9448 2640 0.2778 2638 2641 1.5096 -0.3434 2638.9357 2640.4453
7913.6948 2651 11.5768 2576 2690 1.8265 1.7381 2650.376 2652.2024
7921.1948 2657 6.096 2655 2690 2.053 1.0488 2656.413 2658.4659
7931.1948 2665 2.9039 2663 2690 1.988 0.9645 2664.3462 2666.3342
7939.9448 2672 0.5911 2670 2678 2.3975 -0.0794 2670.5478 2672.9453
7949.9448 2680 3.2334 2678 2690 2.1529 0.2093 2678.5493 2680.7022
7961.1948 2689 0.8906 2687 2690 1.5178 -0.5146 2687.594 2689.1119
7964.9448 2692 17.0526 2554 2994 2.0872 3.1214 2690.6363 2692.7235
7979.9448 2704 3.4849 2702 2713 1.8056 0.9815 2703.0252 2704.8308
7987.4448 2710 0.5065 2707 2713 3.9173 -0.5921 2707.8121 2711.7294
7993.6948 2715 10.6373 2713 2739 1.8866 1.4161 2713.8104 2715.697
7997.4448 2718 0.7794 2716 2720 2.3479 -0.0839 2716.7303 2719.0783
8002.4448 2722 1.0618 2716 2726 2.713 -0.0974 2720.5475 2723.2605
8013.6948 2731 5.0556 2716 2739 1.8547 1.6314 2730.2606 2732.1153
8019.9448 2736 0.6944 2734 2739 1.6592 -0.1662 2735.4114 2737.0706
8026.1948 2741 4.9431 2739 2742 1.6451 1.1989 2739.8549 2741.5
8033.6948 2747 0.2326 2742 2748 3.8813 -0.3586 2743.6187 2747.5
8043.6948 2755 1.5465 2742 2757 2.2197 0.2825 2753.3444 2755.5641
8049.9448 2760 9.0572 2713 2947 3.2333 2.4828 2758.8487 2762.082
8062.4448 2770 3.165 2768 2811 1.634 0.6064 2769.3004 2770.9344
8073.6948 2779 1.1162 2772 2781 2.1619 0.1065 2778.0975 2780.2594
8087.4448 2790 2.0856 2772 2811 2.3816 0.5447 2788.8759 2791.2575
8102.4448 2802 1.215 2800 2811 2.0578 -0.3285 2801.4537 2803.5115
8132.4448 2826 0.7451 2811 2828 3.0761 -0.535 2824.3673 2827.4434
8138.6948 2831 0.3237 2811 2832 1.8087 -0.3158 2829.6913 2831.5
8147.4448 2838 0.7126 2811 2840 2.5877 0.1659 2836.8818 2839.4694
8154.9448 2844 7.8862 2768 2947 2.3939 2.9387 2843.2125 2845.6065
8174.9448 2860 0.787 2856 2862 2.006 0.5659 2859.4594 2861.4655
8179.9448 2864 1.5007 2856 2869 3.0154 0.282 2862.5149 2865.5303
8188.6948 2871 0.5999 2869 2872 1.6791 0.2526 2869.8209 2871.5
8196.1948 2877 2.8826 2856 2925 3.9814 0.1406 2875.0068 2878.9882
8204.9448 2884 0.3539 2880 2886 2.1137 0.1511 2882.4099 2884.5236
8211.1948 2889 1.2717 2880 2894 4.3383 0.2999 2888.2377 2892.5761
8222.4448 2898 1.802 2894 2925 3.4272 0.1324 2895.9143 2899.3415
8228.6948 2903 0.4356 2900 2905 2.8205 -0.3757 2900.6168 2903.4373
8234.9448 2908 0.2008 2905 2909 1.6075 -0.6145 2906.8925 2908.5
8241.1948 2913 1.0974 2905 2915 4.6684 -0.5947 2909.3393 2914.0077
8247.4448 2918 1.9011 2905 2925 2.6056 -0.4135 2916.2907 2918.8963
8261.1948 2929 0.7963 2925 2931 1.9968 -1.1043 2928.3577 2930.3545
8271.1948 2937 6.508 2925 2947 2.32 1.6281 2936.0402 2938.3602
8277.4448 2942 4.542 2940 2947 1.6139 1.5212 2941.135 2942.7489
8288.6948 2951 12.6887 2713 2977 2.085 3.2753 2949.8927 2951.9777
8303.6948 2963 3.3402 2961 2965 2.1761 0.9086 2962.0567 2964.2328
8309.9448 2968 6.5657 2961 2977 2.6938 0.7757 2966.6373 2969.3311
8318.6948 2975 3.6437 2973 2977 2.0571 -0.3577 2974.0105 2976.0676
8327.4448 2982 4.0568 2977 2985 2.3436 -0.0657 2981.0603 2983.4039
8338.6948 2991 16.061 2713 2994 3.0935 2.181 2989.4546 2992.5481
8344.9448 2996 19.9521 2994 3063 1.7518 3.2192 2994.8171 2996.5689
8349.9448 3000 5.8574 2997 3004 2.4616 0.0816 2998.3025 3000.7641
8363.6948 3011 7.1627 2997 3021 2.6642 2.1134 3009.9894 3012.6536
8371.1948 3017 0.3955 3015 3021 2.7709 -1.0889 3015.6833 3018.4542
8378.6948 3023 7.8123 2997 3028 1.8805 2.1373 3022.1537 3024.0342
8398.6948 3039 15.7513 2997 3063 2.0763 3.5362 3038.255 3040.3313
8402.4448 3042 1.9272 3041 3051 4.7642 -2.1478 3041.5 3046.2642
8417.4448 3054 10.5311 3051 3063 3.6618 0.835 3051.9319 3055.5937
8442.4448 3074 10.7201 3066 3077 1.9598 3.7527 3073.0107 3074.9704
8451.1948 3081 12.4603 3063 3087 2.1197 5.4437 3080.3063 3082.426
8464.9448 3092 15.93 2994 3154 2.1746 5.8583 3091.0679 3093.2425
8471.1948 3097 11.7852 3094 3113 2.4095 4.7308 3096.3066 3098.7161
8479.9448 3104 2.9688 3102 3113 2.3084 1.2976 3102.9999 3105.3083
8497.4448 3118 0.397 3117 3120 1.9767 0.1348 3117.5126 3119.4893
8502.4448 3122 1.1875 3113 3123 1.6191 2.3415 3120.8809 3122.5
8507.4448 3126 14.1917 3094 3154 2.8483 5.4194 3123.8791 3126.7274
8517.4448 3134 0.2553 3130 3136 3.6138 -1.074 3131.7565 3135.3703
8521.1948 3137 0.5447 3130 3140 3.3665 -1.1878 3136.0484 3139.4149
8527.4448 3142 2.8345 3130 3154 2.1314 -0.0531 3140.9765 3143.1079
8538.6948 3151 0.9639 3149 3154 2.0616 -1.3866 3150.0034 3152.065
8549.9448 3160 19.914 2994 3207 2.159 7.4001 3158.7928 3160.9518
8554.9448 3164 6.2462 3162 3196 2.0118 2.1731 3162.8536 3164.8655
8564.9448 3172 3.8126 3167 3182 2.1078 1.3163 3171.2351 3173.343
8573.6948 3179 0.3995 3177 3182 2.1927 -0.3654 3177.6691 3179.8618
8583.6948 3187 4.8389 3167 3196 2.6095 1.205 3185.6002 3188.2096
8602.4448 3202 18.9897 3196 3207 2.2439 7.2178 3201.3217 3203.5656
8616.1948 3213 1.8846 3207 3216 1.8114 -0.9193 3211.8461 3213.6575
8624.9448 3220 1.0742 3207 3224 2.2641 -0.3541 3219.5372 3221.8013
8641.1948 3233 0.6957 3230 3236 3.7759 -0.1432 3231.3263 3235.1022
8646.1948 3237 0.983 3236 3239 1.7189 -0.2303 3236.5 3238.2189
8654.9448 3244 6.7336 3207 3250 2.6792 2.1328 3242.8514 3245.5306
8659.9448 3248 2.0146 3247 3250 1.6018 0.5011 3247.5 3249.1018
8664.9448 3252 11.7732 3207 3254 1.7775 6.9453 3250.971 3252.7485
8669.9448 3256 27.1232 2994 3284 2.1743 11.5708 3254.6379 3256.8122
8676.1948 3261 0.966 3258 3267 2.3528 -0.5467 3259.5723 3261.9251
8679.9448 3264 0.4698 3262 3267 2.1799 -0.3509 3262.5041 3264.6841
8689.9448 3272 2.4031 3267 3284 2.3394 -0.1617 3270.7037 3273.0431
8697.4448 3278 0.7918 3275 3284 2.6541 -1.5052 3276.0038 3278.6579
8717.4448 3294 0.4723 3284 3296 2.8598 -0.5879 3292.266 3295.1258
8732.4448 3306 10.0776 3284 3319 2.7323 3.3899 3304.2285 3306.9608
8737.4448 3310 0.6121 3309 3313 2.021 0.6052 3309.5384 3311.5593
8743.6948 3315 1.1246 3309 3319 1.6561 0.8107 3313.7139 3315.37
8754.9448 3324 41.8768 2994 3380 2.6368 10.1488 3322.7448 3325.3816
8761.1948 3329 6.6933 3328 3332 1.965 0.6591 3328.5 3330.465
8768.6948 3335 10.8331 3332 3339 2.1446 1.5139 3333.4844 3335.629
8778.6948 3343 16.6316 3332 3380 1.8844 4.0362 3341.8074 3343.6918
8793.6948 3355 8.5235 3351 3380 4.0372 1.7848 3352.6492 3356.6863
8802.4448 3362 0.3948 3358 3364 2.8158 -0.1093 3360.5716 3363.3874
8814.9448 3372 2.9704 3358 3380 3.7618 0.8007 3370.118 3373.8798
8821.1948 3377 0.2134 3375 3380 2.3848 0.7219 3375.6462 3378.031
8836.1948 3389 11.9612 3388 3409 1.9908 3.3973 3388.5491 3390.5399
8846.1948 3397 1.6801 3391 3398 1.8239 0.3386 3395.493 3397.3169
8856.1948 3405 7.5517 3398 3409 2.2197 2.3036 3403.461 3405.6807
8867.4448 3414 62.1112 3380 3427 2.3404 17.0684 3412.9327 3415.2732
8876.1948 3421 0.9626 3418 3427 3.867 -3.904 3419.385 3423.2519
8886.1948 3429 35.4214 3427 3454 1.8814 2.3864 3427.8935 3429.7748
8893.6948 3435 2.9369 3431 3437 1.8107 -1.0904 3434.414 3436.2247
8898.6948 3439 10.0229 3431 3454 1.9998 1.2591 3438.1062 3440.106
8903.6948 3443 12.4075 3441 3454 2.2068 -1.2791 3441.719 3443.9258
8943.6948 3475 10.0884 3473 3485 2.3981 1.013 3474.2712 3476.6693
8951.1948 3481 5.5653 3477 3485 3.1386 3.2567 3479.3798 3482.5185
8958.6948 3487 19.3051 3485 3520 1.9147 4.081 3485.877 3487.7917
8967.4448 3494 1.4753 3488 3495 3.3408 2.2892 3491.1592 3494.5
8971.1948 3497 1.9326 3488 3509 1.6587 2.5082 3495.9201 3497.5788
8978.6948 3503 2.1802 3501 3509 3.019 1.3566 3502.0422 3505.0613
8988.6948 3511 11.4118 3509 3520 1.814 5.5963 3510.1373 3511.9513
9001.1948 3521 11.48 3520 3529 1.9419 2.7593 3520.5921 3522.534
9014.9448 3532 0.7084 3529 3533 1.6395 -1.7119 3530.8605 3532.5
9019.9448 3536 58.3313 3427 3576 2.2177 24.1366 3534.6288 3536.8465
9024.9448 3540 11.4612 3538 3576 1.9992 4.8968 3538.5967 3540.5959
9034.9448 3548 10.1048 3544 3576 2.2837 0.8143 3546.3763 3548.6601
9038.6948 3551 0.9999 3550 3558 1.5504 -1.4148 3550.5 3552.0504
9049.9448 3560 3.4321 3558 3568 2.3641 -0.1954 3559.5319 3561.896
9062.4448 3570 8.3454 3558 3576 3.0156 -0.596 3568.5098 3571.5254
9067.4448 3574 2.3223 3572 3576 1.8001 -0.3171 3572.7867 3574.5868
9073.6948 3579 294.4425 3427 3777 1.987 136.4104 3577.9303 3579.9173
9083.6948 3587 2.7142 3581 3589 2.5659 -1.5391 3585.7346 3588.3005
9088.6948 3591 2.0606 3581 3601 1.5815 -0.358 3590.5822 3592.1637
9097.4448 3598 1.4613 3594 3601 2.2535 -0.5195 3596.403 3598.6564
9103.6948 3603 8.6841 3581 3703 2.5562 1.6767 3602.1422 3604.6984
9124.9448 3620 0.3756 3619 3629 3.0641 0.3026 3619.5 3622.5641
9132.4448 3626 0.8929 3625 3629 1.8216 -0.8169 3625.5 3627.3216
9141.1948 3633 0.968 3629 3635 3.4574 0.3776 3630.7979 3634.2552
9167.4448 3654 0.4484 3652 3703 1.7689 1.1669 3653.1122 3654.8812
9178.6948 3663 0.964 3659 3667 2.7823 0.1602 3662.5448 3665.3271
9198.6948 3679 0.7262 3677 3690 2.9851 0.1982 3677.6082 3680.5933
9209.9448 3688 0.5967 3684 3690 2.2072 -0.1542 3686.3239 3688.5311
9214.9448 3692 3.0025 3659 3703 4.5984 -0.1489 3690.7994 3695.3978
9233.6948 3707 93.0157 3581 3777 2.2605 41.0913 3706.1181 3708.3786
9249.9448 3720 0.2483 3717 3722 2.6179 -1.5178 3718.8151 3721.433
9258.6948 3727 0.6342 3717 3729 2.9193 -1.5015 3725.1489 3728.0681
9263.6948 3731 1.6076 3717 3742 3.2728 -1.7488 3729.0998 3732.3726
9269.9448 3736 1.0854 3733 3742 2.8124 -1.5456 3734.2148 3737.0273
9276.1948 3741 0.3309 3738 3742 2.2479 -2.3749 3739.2343 3741.4821
9279.9448 3744 2.0329 3717 3746 1.814 -1.5722 3742.9809 3744.7949
9287.4448 3750 1.4325 3746 3753 3.3062 -1.2777 3748.1481 3751.4543
9293.6948 3755 1.2238 3746 3757 1.5051 0.9186 3754.7784 3756.2835
9302.4448 3762 10.515 3746 3765 3.5895 2.3906 3759.6249 3763.2143
9308.6948 3767 20.9754 3765 3777 2.0066 6.5908 3765.6627 3767.6693
9313.6948 3771 26.1061 3769 3777 4.9104 3.4134 3770.305 3775.2154
9323.6948 3779 36.5864 3777 3783 1.865 16.3171 3778.4774 3780.3425
9333.6948 3787 9.5697 3783 3789 2.417 5.8122 3785.8009 3788.2179
9338.6948 3791 7.4544 3783 3792 1.7135 8.8074 3789.7865 3791.5
9343.6948 3795 46.5223 3777 3799 3.2982 16.2615 3793.3694 3796.6676
