data/spec1d/n346-nostar-glob-peaks-p0010-d0030.csv
# %ECSV 1.0
# ---
# datatype:
# - {name: Wavelength, datatype: float64}
# - {name: Pixel, datatype: int64}
# - {name: prominences, datatype: float64}
# - {name: left_bases, datatype: int64}
# - {name: right_bases, datatype: int64}
# - {name: widths, datatype: float64}
# - {name: width_heights, datatype: float64}
# - {name: left_ips, datatype: float64}
# - {name: right_ips, datatype: float64}
# schema: astropy-2.0
Wavelength Pixel prominences left_bases right_bases widths width_heights left_ips right_ips
4602.4448 2 4.9646 0 4 1.9091 0.1825 0.9345 2.8436
4608.6948 7 2.6749 0 9 1.8073 1.559 6.6263 8.4336
4642.4448 34 4.0072 26 38 2.3812 0.8635 32.5623 34.9434
4652.4448 42 7.8792 0 72 2.4417 0.7 40.9163 43.3579
4659.9448 48 2.4732 46 50 1.5717 -0.4333 47.4028 48.9746
4664.9448 52 5.3588 46 72 2.092 -0.2586 50.607 52.699
4674.9448 60 1.9722 57 65 2.0965 -0.8946 59.3677 61.4643
4679.9448 64 1.3227 62 65 1.7216 -0.9105 62.6287 64.3503
4692.4448 74 3.6951 72 82 1.7862 -1.185 73.4091 75.1953
4713.6948 91 68.1388 72 133 2.9325 31.0798 90.0028 92.9353
4726.1948 101 1.4596 98 104 4.5206 -0.9764 98.9038 103.4244
4733.6948 107 1.4584 98 110 1.8377 -0.4432 106.468 108.3057
4742.4448 114 46.0608 98 133 2.4421 21.1884 113.0776 115.5196
4801.1948 161 1.1628 159 165 2.2755 -1.1409 159.6704 161.9459
4817.4448 174 1.8702 159 179 1.5275 -0.9715 173.3552 174.8828
4831.1948 185 2.2241 179 199 3.3758 -1.0514 184.0207 187.3965
4846.1948 197 1.7393 188 199 3.984 -1.4408 194.3782 198.3622
4863.6948 211 4917.4402 72 256 2.3526 2454.6378 210.0401 212.3927
4874.9448 220 1.0872 218 256 2.1531 -0.8226 219.0408 221.1939
4878.6948 223 2.3969 222 256 2.1271 -1.8288 222.5 224.6271
4899.9448 240 1.4036 239 251 2.2162 -2.3665 239.5 241.7162
4924.9448 260 53.2378 256 276 2.4013 22.3356 258.5004 260.9016
4934.9448 268 3.2301 264 276 3.5663 -1.2565 265.6874 269.2536
4961.1948 289 8123.8298 256 307 2.3445 4057.34 288.1471 290.4916
5009.9448 328 23771.2021 307 780 2.3926 11879.6353 326.4309 328.8235
5018.6948 335 60.8737 333 780 1.8328 72.8165 333.684 335.5168
5031.1948 345 1.3163 344 348 1.9719 -2.2808 344.5825 346.5544
5037.4448 350 1.9838 344 352 1.5615 -2.2071 349.2673 350.8288
5043.6948 355 1.6827 352 358 1.722 -1.5972 353.9205 355.6425
5049.9448 360 9.7219 352 367 2.3354 2.0206 359.2988 361.6343
5068.6948 375 1.1257 367 377 1.9601 -1.0112 374.5331 376.4933
5101.1948 401 1.9291 398 404 2.986 -0.3075 400.2482 403.2342
5128.6948 423 1.5202 420 438 4.5021 -0.1589 422.1658 426.6679
5139.9448 432 1.6337 431 438 2.3872 -0.6141 431.5 433.8872
5157.4448 446 2.1521 438 454 2.5307 -0.2746 445.4627 447.9935
5171.1948 457 2.6566 438 458 2.7224 -0.3132 454.7776 457.5
5179.9448 464 1.8226 458 466 2.3138 -0.4143 462.8357 465.1495
5184.9448 468 1.2944 466 473 2.376 -0.2752 467.514 469.89
5193.6948 475 3.8179 367 478 2.3283 1.02 474.0355 476.3638
5202.4448 482 6.3037 367 572 3.5773 1.8046 479.9688 483.5461
5214.9448 492 1.6 487 493 3.128 0.0184 489.372 492.5
5223.6948 499 1.8732 487 546 4.7981 0.0889 495.4731 500.2712
5267.4448 534 1.992 523 535 1.9549 -0.0817 532.5073 534.4622
5273.6948 539 2.219 535 546 3.4672 -0.1311 536.158 539.6252
5279.9448 544 1.4955 540 546 1.9502 -0.0484 543.2774 545.2276
5303.6948 563 2.5245 546 572 3.5554 -0.0165 560.3666 563.9221
5324.9448 580 2.195 572 609 2.1559 -0.0031 579.2897 581.4456
5334.9448 588 1.1782 586 590 1.5786 -0.43 587.2748 588.8535
5366.1948 613 2.7824 572 729 4.4383 0.0851 611.1584 615.5967
5406.1948 645 1.2459 644 650 2.2465 -0.1497 644.5 646.7465
5421.1948 657 1.2339 655 663 1.8788 -0.0433 655.7798 657.6586
5453.6948 683 1.2363 677 694 2.1138 0.0075 681.4437 683.5575
5471.1948 697 1.7973 663 729 1.9418 -0.1596 695.9045 697.8463
5491.1948 713 1.3282 711 729 2.1512 -0.2656 711.601 713.7522
5504.9448 724 1.036 721 729 3.8217 -0.6496 721.5282 725.3499
5521.1948 737 15.7841 352 780 2.6082 4.6734 735.1884 737.7966
5541.1948 753 10.4346 741 780 2.4589 4.1006 751.466 753.9248
5566.1948 773 1.5485 770 774 1.6205 -0.5484 771.8795 773.5
5571.1948 777 2.8518 770 780 2.3634 -0.3537 775.6911 778.0545
5581.1948 785 3.255 784 871 4.7457 0.5005 784.6387 789.3844
5588.6948 791 1.3464 790 871 1.6043 0.582 790.5 792.1043
5612.4448 810 2.1931 793 871 3.8179 0.0683 807.1567 810.9746
5616.1948 813 1.0203 812 822 1.8611 -0.2563 812.5 814.3611
5629.9448 824 1.5569 822 831 2.7444 -0.0393 822.9092 825.6536
5669.9448 856 2.0757 831 871 2.7972 -0.0155 855.1622 857.9594
5692.4448 874 1.0647 871 876 1.6175 -0.0942 873.5235 875.141
5699.9448 880 1.7269 871 884 3.6565 -0.2231 877.1246 880.7811
5714.9448 892 1.0012 871 895 3.356 0.1795 891.1111 894.4672
5724.9448 900 1.8867 871 907 4.7798 -0.1278 898.0591 902.8389
5742.4448 914 2.504 784 919 1.9247 0.9342 913.369 915.2938
5758.6948 927 5.7557 784 979 2.6677 1.8082 925.0259 927.6937
5777.4448 942 1.3134 939 948 3.7882 -0.2357 940.5192 944.3074
5814.9448 972 1.7283 939 979 1.9319 -0.1442 970.6547 972.5866
5818.6948 975 1.2301 973 979 2.3515 -0.1382 974.186 976.5376
5836.1948 989 1.3732 979 994 2.2321 -0.3243 988.3686 990.6007
5848.6948 999 1.534 979 1013 2.264 -0.2785 997.4362 999.7002
5859.9448 1008 1.2998 1004 1013 2.1151 -0.3317 1006.9147 1009.0299
5871.1948 1017 1.2335 979 1019 1.9921 -0.0886 1016.3522 1018.3443
5878.6948 1023 607.5867 780 1359 2.246 300.9747 1022.0451 1024.2911
5889.9448 1032 2.5847 1030 1033 1.5555 0.0561 1030.9445 1032.5
5924.9448 1060 1.2151 1055 1064 2.2984 -0.2769 1059.4915 1061.7899
5947.4448 1078 1.8575 1033 1086 3.1052 -0.0578 1075.6377 1078.7429
5961.1948 1089 1.2217 1086 1095 1.6872 0.0267 1088.5958 1090.283
6014.9448 1132 1.6174 1123 1144 4.8807 0.0512 1130.6361 1135.5168
6033.6948 1147 2.063 1144 1195 2.3464 0.0556 1145.5617 1147.9082
6041.1948 1153 1.1105 1150 1168 1.5226 0.2185 1152.3628 1153.8854
6062.4448 1170 1.5796 1168 1195 1.9957 0.2279 1169.3079 1171.3036
6086.1948 1189 1.2483 1184 1195 2.9632 -0.1224 1188.4154 1191.3786
6104.9448 1204 4.0806 1030 1359 2.895 0.729 1202.4997 1205.3948
6143.6948 1235 1.8658 1233 1247 1.8368 0.0445 1234.1992 1236.036
6153.6948 1243 1.1664 1237 1247 4.5109 -0.1561 1239.3691 1243.88
6192.4448 1274 1.5931 1247 1285 3.8489 0.0114 1273.3878 1277.2367
6202.4448 1282 1.1267 1281 1285 2.3282 0.116 1281.5 1283.8282
6224.9448 1300 2.4408 1233 1330 4.3753 0.2816 1297.0351 1301.4104
6257.4448 1326 1.0078 1325 1330 1.6216 -0.3392 1325.5 1327.1216
6273.6948 1339 3.1897 1330 1359 2.5109 0.5283 1337.7954 1340.3063
6287.4448 1350 1.4784 1347 1359 2.0367 -0.1622 1348.8435 1350.8802
6303.6948 1363 83.5554 1359 1530 2.2056 39.3767 1362.2302 1364.4359
6314.9448 1372 51.7332 1368 1530 2.2768 25.093 1371.2698 1373.5466
6329.9448 1384 1.1786 1382 1387 1.5489 -0.5037 1382.9171 1384.466
6351.1948 1401 1.8133 1387 1409 3.1135 -0.323 1398.5591 1401.6726
6356.1948 1405 1.5439 1403 1409 2.0152 -0.4871 1404.2622 1406.2774
6367.4448 1414 29.0363 1409 1530 2.2617 12.5709 1413.0042 1415.2659
6473.6948 1499 1.2982 1494 1530 2.1283 0.2054 1497.455 1499.5833
6506.1948 1525 1.5667 1521 1530 2.6265 -0.2736 1522.8431 1525.4696
6532.4448 1546 1.6355 1530 1549 2.4408 -1.0884 1545.5802 1548.0209
6551.1948 1561 95.6914 1359 1564 2.2858 49.8102 1560.3439 1562.6297
6566.1948 1573 16486.0603 780 2994 2.2321 8238.2277 1572.0383 1574.2704
6587.4448 1590 332.7281 1583 1600 2.17 166.4086 1588.6334 1590.8034
6633.6948 1627 2.3307 1600 1645 2.0184 0.0436 1625.5981 1627.6165
6641.1948 1633 2.0627 1631 1645 2.0027 0.1768 1631.5762 1633.5789
6648.6948 1639 1.2606 1636 1645 2.3285 -0.1074 1638.314 1640.6425
6659.9448 1648 1.3091 1645 1656 3.677 -0.4568 1645.6283 1649.3053
6681.1948 1665 162.2213 1600 1674 2.3333 79.686 1664.2963 1666.6296
6702.4448 1682 1.3644 1674 1689 2.135 -0.5838 1681.0309 1683.1659
6719.9448 1696 592.5479 1600 2994 2.1744 294.1114 1695.2282 1697.4026
6734.9448 1708 452.6593 1704 2994 2.1689 225.6897 1706.6516 1708.8205
6779.9448 1744 2.4212 1738 1961 3.038 0.2327 1743.1342 1746.1723
6822.4448 1778 1.0914 1752 1782 2.7788 -0.0813 1776.5494 1779.3282
6828.6948 1783 1.1446 1782 1786 2.1253 -0.1226 1782.539 1784.6644
6834.9448 1788 1.2688 1782 1792 1.9821 -0.1575 1786.5737 1788.5558
6851.1948 1801 2.0993 1792 1809 3.6873 0.1724 1798.9581 1802.6454
6863.6948 1811 2.0275 1809 1844 2.0449 0.2572 1810.479 1812.524
6871.1948 1817 1.5562 1813 1844 2.3728 0.3386 1815.2408 1817.6135
6893.6948 1835 1.4595 1828 1844 3.0415 0.2661 1833.2673 1836.3087
6911.1948 1849 1.155 1844 1856 2.616 -0.1313 1848.2852 1850.9011
6923.6948 1859 1.7764 1844 1878 2.2464 0.1432 1857.4351 1859.6815
6948.6948 1879 1.923 1844 1898 1.7819 0.2077 1878.4977 1880.2796
6952.4448 1882 1.6628 1881 1898 1.8884 0.3235 1881.5 1883.3884
6977.4448 1902 1.2354 1898 1904 1.8761 0.1329 1901.5704 1903.4465
6991.1948 1913 2.2876 1809 1961 3.1001 0.1485 1911.7514 1914.8514
7006.1948 1925 1.2109 1916 1927 1.9907 0.0804 1924.2984 1926.289
7014.9448 1932 1.9479 1927 1961 1.926 0.1735 1930.8609 1932.7868
7042.4448 1954 1.7656 1950 1961 2.1745 0.1705 1952.3683 1954.5428
7068.6948 1975 124.7207 1961 1990 2.2396 61.3621 1974.2178 1976.4573
7096.1948 1997 3.6448 1990 2020 3.3913 0.5748 1995.5099 1998.9012
7109.9448 2008 2.4236 2000 2020 2.4699 0.252 2006.3694 2008.8393
7116.1948 2013 2.2125 2010 2020 2.4375 0.1361 2011.1973 2013.6348
7139.9448 2032 379.167 1990 2994 2.2141 188.3031 2030.5833 2032.7974
7147.4448 2038 1.0369 2035 2046 3.5745 0.7907 2035.8187 2039.3932
7164.9448 2052 1.2532 2046 2057 2.308 -0.0601 2050.8406 2053.1486
7174.9448 2060 3.2281 2046 2081 2.7593 0.4866 2058.1777 2060.937
7182.4448 2066 1.7538 2064 2081 1.9351 0.4176 2065.3873 2067.3223
7198.6948 2079 1.9745 2074 2081 1.9268 0.1059 2077.6365 2079.5633
7241.1948 2113 6.374 2081 2139 2.7353 2.0179 2111.6761 2114.4114
7258.6948 2127 2.0739 2121 2129 2.7934 0.1867 2124.9341 2127.7275
7267.4448 2134 2.4622 2121 2139 2.4908 0.3282 2132.373 2134.8639
7284.9448 2148 42.8139 2139 2171 2.2575 18.8249 2147.1738 2149.4313
7303.6948 2163 2.7208 2155 2171 3.4539 -0.2851 2161.1222 2164.576
7309.9448 2168 1.027 2166 2171 2.3499 -0.3955 2166.9142 2169.264
7323.6948 2179 98.9631 2139 2994 2.3495 45.9334 2178.0957 2180.4453
7334.9448 2188 68.4303 2182 2191 2.5198 33.001 2186.2555 2188.7753
7341.1948 2193 5.2853 2191 2214 1.7086 0.4803 2191.904 2193.6126
7348.6948 2199 1.4987 2194 2205 2.8856 -0.4418 2197.0178 2199.9034
7369.9448 2216 3.4409 2214 2240 2.0786 0.1806 2214.5894 2216.6681
7392.4448 2234 1.248 2222 2240 2.0244 -0.0579 2232.9112 2234.9356
7401.1948 2241 2.297 2240 2272 1.9278 0.2134 2240.6042 2242.532
7412.4448 2250 1.044 2243 2269 3.3757 -0.1309 2249.1838 2252.5595
7429.9448 2264 1.0955 2262 2269 4.1779 -0.1819 2262.5968 2266.7747
7438.6948 2271 1.5635 2269 2272 1.688 -0.0911 2269.7929 2271.4809
7446.1948 2277 1.1005 2272 2281 1.6991 0.1606 2276.043 2277.7422
7467.4448 2294 3.2401 2214 2337 2.5824 0.5976 2292.2938 2294.8762
7492.4448 2314 2.6286 2305 2337 2.2222 0.462 2313.1493 2315.3715
7503.6948 2323 2.0613 2318 2337 2.0908 0.4068 2322.2836 2324.3744
7531.1948 2345 1.5338 2341 2346 1.825 0.9963 2343.675 2345.5
7534.9448 2348 6.1693 2191 2375 2.4318 1.7711 2346.4143 2348.8461
7571.1948 2377 2.2691 2375 2391 1.6356 0.0089 2376.5155 2378.1512
7609.9448 2408 2.4536 2405 2416 3.9616 1.2816 2405.692 2409.6537
7632.4448 2426 9.1257 2191 2491 2.5407 2.2419 2424.9978 2427.5385
7641.1948 2433 4.4841 2431 2491 1.9122 2.7783 2432.3359 2434.2481
7667.4448 2454 5.3069 2447 2491 3.0361 1.4155 2452.7666 2455.8027
7711.1948 2489 5.1815 2477 2491 1.9435 1.3288 2488.4402 2490.3836
7717.4448 2494 4.6094 2491 2518 2.1117 0.5598 2492.6785 2494.7902
7754.9448 2524 91.2334 2191 2994 2.2471 42.5736 2523.1736 2525.4207
7772.4448 2538 4.1246 2532 2542 2.3593 1.1437 2537.1765 2539.5358
7786.1948 2549 5.565 2542 2553 4.0768 1.4578 2546.4895 2550.5663
7793.6948 2555 4.8029 2553 2568 2.9509 0.8289 2554.3719 2557.3228
7807.4448 2566 2.6754 2563 2568 2.8079 0.3473 2563.9969 2566.8048
7821.1948 2577 6.0513 2553 2591 2.0169 1.4724 2575.6891 2577.7059
7842.4448 2594 6.1284 2553 2600 2.7205 2.2212 2592.3454 2595.0659
7852.4448 2602 7.6166 2553 2604 1.7394 1.8401 2601.396 2603.1354
7859.9448 2608 2.624 2604 2610 2.0144 -0.0541 2607.3315 2609.3459
7869.9448 2616 2.7229 2604 2633 2.0711 0.1342 2615.4861 2617.5572
7878.6948 2623 1.2478 2621 2630 1.9865 -0.2691 2621.5327 2623.5192
7889.9448 2632 1.8276 2630 2633 1.79 -0.0159 2630.64 2632.43
7894.9448 2636 5.3524 2604 2649 3.191 0.4529 2634.4501 2637.6411
7913.6948 2651 5.0317 2604 2652 1.8358 1.0267 2649.6642 2651.5
7921.1948 2657 2.3808 2652 2658 1.8347 0.7967 2655.6653 2657.5
7931.1948 2665 2.8059 2652 2681 2.3861 0.7354 2663.5195 2665.9056
7948.6948 2679 1.0176 2677 2681 1.8012 -0.1096 2678.1152 2679.9164
7963.6948 2691 11.5643 2604 2713 1.9807 3.6592 2690.4118 2692.3924
7979.9448 2704 2.0058 2693 2713 2.4325 0.142 2702.2385 2704.671
7992.4448 2714 5.71 2713 2716 1.5649 1.1066 2713.5308 2715.0957
7996.1948 2717 1.427 2716 2726 3.2881 -0.293 2716.671 2719.9592
8013.6948 2731 5.6427 2716 2739 2.2129 1.1113 2729.6533 2731.8662
8019.9448 2736 1.4199 2733 2739 2.9155 -0.1352 2734.3691 2737.2846
8024.9448 2740 2.7265 2739 2742 1.8284 0.253 2739.5902 2741.4185
8042.4448 2754 1.6707 2742 2757 2.8638 0.2652 2752.798 2755.6618
8049.9448 2760 16.9629 2604 2985 2.6641 5.5791 2759.0145 2761.6786
8062.4448 2770 2.0032 2768 2771 1.5747 0.1367 2768.9253 2770.5
8087.4448 2790 2.7433 2768 2803 3.0766 0.3607 2788.6664 2791.743
8154.9448 2844 8.7136 2768 2947 2.3752 3.2359 2843.1218 2845.4969
8197.4448 2878 2.9397 2853 2928 3.1246 0.6986 2875.7795 2878.9041
8222.4448 2898 1.8311 2894 2928 3.0347 0.0981 2896.5533 2899.5881
8247.4448 2918 1.2245 2904 2928 1.9191 -0.7303 2917.3617 2919.2809
8271.1948 2937 6.864 2928 2947 3.0657 1.6819 2935.3132 2938.3789
8277.4448 2942 4.5099 2940 2947 1.8705 0.7879 2940.7104 2942.5809
8288.6948 2951 10.9715 2947 2985 4.7592 3.0071 2949.449 2954.2082
8296.1948 2957 3.1926 2956 2960 2.785 -0.2165 2956.5 2959.285
8303.6948 2963 6.0488 2960 2965 2.2757 1.7896 2961.946 2964.2217
8309.9448 2968 7.9314 2960 2985 2.9642 0.9203 2966.5119 2969.4761
8318.6948 2975 6.318 2972 2978 2.2129 0.2794 2973.9333 2976.1462
8327.4448 2982 7.3863 2978 2985 2.3119 0.4456 2981.2584 2983.5703
8338.6948 2991 18.488 2985 2994 2.6214 5.8412 2989.6851 2992.3065
8349.9448 3000 8.8957 2994 3004 3.0963 1.6048 2998.4585 3001.5548
8363.6948 3011 11.6166 2994 3017 2.835 3.5074 3009.7955 3012.6305
8378.6948 3023 12.1106 2994 3028 2.5286 3.7094 3022.0639 3024.5925
8397.4448 3038 16.5002 2994 3050 3.0851 5.1626 3036.256 3039.341
8417.4448 3054 16.2234 3050 3062 2.4716 5.0955 3053.0951 3055.5667
8442.4448 3074 18.6757 2994 3078 2.2901 7.2607 3073.0018 3075.2919
8451.1948 3081 10.9372 3078 3088 2.2331 3.715 3080.234 3082.4671
8464.9448 3092 13.2537 3078 3094 2.2869 4.6995 3090.5197 3092.8066
8472.4448 3098 20.3892 2994 3102 2.4477 8.7002 3096.3263 3098.774
8479.9448 3104 3.242 3102 3112 1.9792 0.1273 3103.097 3105.0762
8493.6948 3115 1.2793 3112 3116 1.9505 -0.787 3113.5495 3115.5
8507.4448 3126 25.4668 2994 3152 2.503 11.191 3124.4091 3126.9121
8527.4448 3142 3.3247 3130 3152 2.4103 0.4525 3140.7257 3143.136
8533.6948 3147 1.7337 3145 3152 1.9472 -0.5958 3146.0159 3147.9631
8549.9448 3160 32.0507 2994 3167 2.4484 13.8344 3158.8324 3161.2808
8564.9448 3172 3.8417 3167 3176 1.9888 0.6059 3171.3695 3173.3583
8603.6948 3203 34.4776 2994 3230 2.5584 15.297 3201.2391 3203.7975
8616.1948 3213 2.6149 3208 3230 2.6077 0.4324 3211.2407 3213.8484
8626.1948 3221 1.0858 3218 3230 3.2217 -1.0002 3218.7465 3221.9681
8654.9448 3244 5.9669 3230 3249 2.5893 1.9248 3242.727 3245.3163
8669.9448 3256 48.0993 2994 3297 2.378 22.2594 3254.6192 3256.9973
8679.9448 3264 1.7596 3262 3266 1.8764 0.5919 3262.7349 3264.6113
8689.9448 3272 3.105 3266 3297 2.0374 0.7525 3271.1393 3273.1768
8732.4448 3306 9.4181 3297 3318 2.4621 3.7498 3304.3843 3306.8464
8743.6948 3315 2.119 3308 3318 2.086 0.5121 3313.6406 3315.7266
8754.9448 3324 58.8634 2994 3331 2.4967 26.9827 3322.983 3325.4797
8767.4448 3334 5.2882 3331 3351 2.2989 1.0596 3333.1093 3335.4082
8777.4448 3342 4.3163 3339 3351 4.9634 0.726 3341.1374 3346.1009
8793.6948 3355 8.0066 3331 3379 2.6372 2.1393 3354.0143 3356.6515
8814.9448 3372 2.5828 3358 3379 2.2339 -0.1063 3370.7265 3372.9604
8827.4448 3382 10.6271 3331 3388 2.0783 3.2097 3380.6461 3382.7244
8836.1948 3389 5.6051 3388 3391 1.7826 0.8403 3388.5123 3390.2949
8849.9448 3400 2.2897 3391 3402 1.6448 1.086 3399.526 3401.1707
8856.1948 3405 8.3094 3388 3408 2.4365 2.9259 3403.3031 3405.7395
8867.4448 3414 84.8766 2994 3441 2.4678 39.9372 3412.8718 3415.3396
8884.9448 3428 7.1853 3427 3433 2.1386 2.0295 3427.5302 3429.6688
8893.6948 3435 3.1644 3433 3437 1.8145 1.4247 3434.5065 3436.321
8898.6948 3439 10.9281 3427 3441 2.2198 3.4395 3437.9789 3440.1987
8903.6948 3443 6.0871 3441 3452 1.8694 0.8303 3441.6609 3443.5303
8919.9448 3456 11.8334 3441 3473 2.2449 3.9657 3454.7121 3456.957
8943.6948 3475 3.7062 3473 3477 1.7236 1.7297 3474.0273 3475.7509
8951.1948 3481 6.4582 3473 3484 3.1211 1.863 3478.9935 3482.1146
8958.6948 3487 8.2302 3473 3519 2.0492 2.7181 3485.5805 3487.6297
8978.6948 3503 1.1663 3499 3507 3.7399 -0.4388 3501.1014 3504.8413
8988.6948 3511 3.5719 3499 3519 2.2871 0.6798 3509.539 3511.8261
9002.4448 3522 6.822 3519 3528 2.2757 2.0445 3520.4416 3522.7173
9019.9448 3536 106.6823 2994 3558 2.5795 50.241 3534.6319 3537.2114
9034.9448 3548 10.0886 3545 3558 2.3301 3.1856 3546.3602 3548.6903
9062.4448 3570 5.4245 3558 3572 1.9355 1.7634 3568.9482 3570.8837
9073.6948 3579 468.0166 2994 3792 2.5005 231.3848 3577.8064 3580.3069
9103.6948 3603 5.8799 3589 3606 2.9827 1.32 3601.8513 3604.834
9118.6948 3615 4.3437 3606 3628 2.9117 0.3044 3613.4163 3616.3279
9151.1948 3641 5.3393 3606 3659 2.6802 1.0271 3639.1939 3641.874
9161.1948 3649 4.1901 3643 3659 4.2393 0.5903 3646.9282 3651.1675
9167.4448 3654 1.2475 3652 3659 1.6215 0.8292 3653.394 3655.0155
9179.9448 3664 1.1516 3659 3667 2.8479 -0.6585 3663.1473 3665.9951
9214.9448 3692 4.5077 3606 3698 2.8104 2.0733 3691.2377 3694.0481
9224.9448 3700 1.297 3698 3701 1.546 0.5016 3698.954 3700.5
9233.6948 3707 153.2636 3606 3792 2.5012 74.742 3706.05 3708.5513
9293.6948 3755 1.015 3746 3757 1.882 -0.8897 3753.9187 3755.8007
9302.4448 3762 4.8947 3746 3764 1.9202 4.1602 3761.3955 3763.3158
9307.4448 3766 9.3486 3746 3769 1.8458 6.4873 3764.7581 3766.6038
9312.4448 3770 18.3932 3746 3792 2.2322 6.9516 3769.3585 3771.5907
9323.6948 3779 8.379 3776 3792 2.3953 3.1066 3777.5112 3779.9066
9343.6948 3795 2.1244 3792 3797 1.8494 -1.2235 3794.1514 3796.0008
