CTYPE1 = 'RA---TAN'
CUNIT1 = 'deg'
CRPIX1 = 59.354325
CRVAL1 = 14.7839838
CTYPE2 = 'DEC--TAN'
CUNIT2 = 'deg'
CRPIX2 = 99.019415
CRVAL2 = -72.1792558
CTYPE3 = 'AWAV'
CUNIT3 = 'Angstrom'
CRPIX3 = 1
CRVAL3 = 7799.94482421875
CD1_1 = -5.55555555555556E-05
CD1_2 = 0
CD1_3 = 0
CD2_1 = 0
CD2_2 = 5.55555555555556E-05
CD2_3 = 0
CD3_1 = 0
CD3_2 = 0
CD3_3 = 1.25

