#depth	C	C+	C+2	C+3	C+4	C+5	C+6	C[1]	C[2]	C[3]	C+[1]	C+[2]	CO
 3.88397e+15	2.17e-12	2.79e-06	4.70e-02	9.34e-01	1.94e-02	2.00e-07	0.00e+00	2.68e-13	8.51e-13	1.05e-12	1.63e-06	1.16e-06	1.30e-38
 2.33038e+16	2.25e-12	2.86e-06	4.76e-02	9.33e-01	1.91e-02	1.95e-07	0.00e+00	2.77e-13	8.82e-13	1.09e-12	1.67e-06	1.19e-06	1.41e-38
 1.00983e+17	2.57e-12	3.13e-06	4.97e-02	9.32e-01	1.80e-02	1.75e-07	0.00e+00	3.17e-13	1.01e-12	1.24e-12	1.84e-06	1.29e-06	1.92e-38
 2.40696e+17	3.31e-12	3.71e-06	5.40e-02	9.30e-01	1.61e-02	1.44e-07	0.00e+00	4.08e-13	1.30e-12	1.59e-12	2.23e-06	1.49e-06	3.46e-38
 3.98938e+17	4.35e-12	4.47e-06	5.91e-02	9.27e-01	1.43e-02	0.00e+00	0.00e+00	5.38e-13	1.73e-12	2.09e-12	2.73e-06	1.74e-06	6.56e-38
 5.63510e+17	5.72e-12	5.37e-06	6.45e-02	9.23e-01	1.26e-02	0.00e+00	0.00e+00	7.08e-13	2.28e-12	2.73e-12	3.33e-06	2.04e-06	1.24e-37
 7.34664e+17	7.51e-12	6.45e-06	7.05e-02	9.18e-01	1.11e-02	0.00e+00	0.00e+00	9.30e-13	3.00e-12	3.58e-12	4.06e-06	2.39e-06	2.34e-37
 9.12665e+17	9.84e-12	7.74e-06	7.69e-02	9.13e-01	9.70e-03	0.00e+00	0.00e+00	1.22e-12	3.95e-12	4.67e-12	4.95e-06	2.80e-06	4.40e-37
 1.09779e+18	1.29e-11	9.28e-06	8.37e-02	9.08e-01	8.47e-03	0.00e+00	0.00e+00	1.60e-12	5.19e-12	6.10e-12	6.01e-06	3.26e-06	8.26e-37
 1.29031e+18	1.68e-11	1.11e-05	9.12e-02	9.01e-01	7.37e-03	0.00e+00	0.00e+00	2.09e-12	6.80e-12	7.95e-12	7.29e-06	3.81e-06	1.55e-36
 1.49054e+18	2.20e-11	1.33e-05	9.92e-02	8.94e-01	6.38e-03	0.00e+00	0.00e+00	2.72e-12	8.90e-12	1.03e-11	8.83e-06	4.43e-06	2.89e-36
 1.69877e+18	2.86e-11	1.58e-05	1.08e-01	8.87e-01	5.49e-03	0.00e+00	0.00e+00	3.55e-12	1.16e-11	1.34e-11	1.07e-05	5.15e-06	5.38e-36
 1.91534e+18	3.71e-11	1.88e-05	1.17e-01	8.78e-01	4.71e-03	0.00e+00	0.00e+00	4.61e-12	1.51e-11	1.74e-11	1.28e-05	5.98e-06	1.00e-35
 2.14057e+18	4.82e-11	2.24e-05	1.27e-01	8.69e-01	4.01e-03	0.00e+00	0.00e+00	5.97e-12	1.97e-11	2.25e-11	1.54e-05	6.94e-06	1.86e-35
 2.37480e+18	6.23e-11	2.65e-05	1.37e-01	8.59e-01	3.39e-03	0.00e+00	0.00e+00	7.73e-12	2.55e-11	2.91e-11	1.85e-05	8.04e-06	3.44e-35
 2.61841e+18	8.05e-11	3.14e-05	1.48e-01	8.49e-01	2.85e-03	0.00e+00	0.00e+00	9.97e-12	3.30e-11	3.75e-11	2.21e-05	9.29e-06	6.36e-35
 2.87176e+18	1.04e-10	3.71e-05	1.60e-01	8.38e-01	2.38e-03	0.00e+00	0.00e+00	1.28e-11	4.26e-11	4.82e-11	2.63e-05	1.07e-05	1.17e-34
 3.13524e+18	1.33e-10	4.37e-05	1.72e-01	8.26e-01	1.97e-03	0.00e+00	0.00e+00	1.65e-11	5.49e-11	6.19e-11	3.13e-05	1.24e-05	2.16e-34
 3.40927e+18	1.71e-10	5.14e-05	1.85e-01	8.13e-01	1.62e-03	0.00e+00	0.00e+00	2.11e-11	7.05e-11	7.92e-11	3.72e-05	1.42e-05	3.97e-34
 3.69425e+18	2.18e-10	6.02e-05	1.99e-01	8.00e-01	1.32e-03	0.00e+00	0.00e+00	2.69e-11	9.00e-11	1.01e-10	4.39e-05	1.63e-05	7.23e-34
 3.99064e+18	2.79e-10	7.07e-05	2.14e-01	7.85e-01	1.07e-03	0.00e+00	0.00e+00	3.45e-11	1.16e-10	1.29e-10	5.19e-05	1.88e-05	1.34e-33
 4.29888e+18	3.55e-10	8.25e-05	2.29e-01	7.70e-01	8.56e-04	0.00e+00	0.00e+00	4.38e-11	1.47e-10	1.64e-10	6.10e-05	2.15e-05	2.43e-33
 4.61945e+18	4.54e-10	9.67e-05	2.45e-01	7.54e-01	6.80e-04	0.00e+00	0.00e+00	5.60e-11	1.88e-10	2.10e-10	7.19e-05	2.48e-05	4.53e-33
 4.95284e+18	5.72e-10	1.12e-04	2.61e-01	7.38e-01	5.40e-04	0.00e+00	0.00e+00	7.06e-11	2.38e-10	2.64e-10	8.39e-05	2.83e-05	8.15e-33
 5.29957e+18	7.26e-10	1.31e-04	2.78e-01	7.21e-01	4.24e-04	0.00e+00	0.00e+00	8.95e-11	3.02e-10	3.35e-10	9.82e-05	3.24e-05	1.50e-32
 5.63774e+18	9.02e-10	1.50e-04	2.95e-01	7.05e-01	3.38e-04	0.00e+00	0.00e+00	1.11e-10	3.75e-10	4.15e-10	1.13e-04	3.66e-05	2.63e-32
 5.98945e+18	1.12e-09	1.72e-04	3.12e-01	6.88e-01	2.67e-04	0.00e+00	0.00e+00	1.38e-10	4.67e-10	5.16e-10	1.31e-04	4.14e-05	4.62e-32
 6.37764e+18	1.41e-09	1.99e-04	3.31e-01	6.69e-01	2.08e-04	0.00e+00	0.00e+00	1.74e-10	5.88e-10	6.49e-10	1.52e-04	4.72e-05	8.42e-32
 6.76653e+18	1.76e-09	2.29e-04	3.50e-01	6.50e-01	1.63e-04	0.00e+00	0.00e+00	2.17e-10	7.36e-10	8.11e-10	1.75e-04	5.36e-05	1.52e-31
 7.14782e+18	2.17e-09	2.60e-04	3.68e-01	6.32e-01	1.29e-04	0.00e+00	0.00e+00	2.67e-10	9.05e-10	9.97e-10	2.00e-04	6.03e-05	2.62e-31
 7.55920e+18	2.68e-09	2.97e-04	3.87e-01	6.13e-01	1.01e-04	0.00e+00	0.00e+00	3.29e-10	1.12e-09	1.23e-09	2.28e-04	6.81e-05	4.61e-31
 8.01019e+18	3.34e-09	3.40e-04	4.07e-01	5.92e-01	7.79e-05	0.00e+00	0.00e+00	4.11e-10	1.40e-09	1.54e-09	2.63e-04	7.72e-05	8.37e-31
 8.47921e+18	4.17e-09	3.89e-04	4.28e-01	5.71e-01	6.03e-05	0.00e+00	0.00e+00	5.12e-10	1.74e-09	1.91e-09	3.02e-04	8.75e-05	1.52e-30
 8.96699e+18	5.16e-09	4.44e-04	4.49e-01	5.51e-01	4.69e-05	0.00e+00	0.00e+00	6.34e-10	2.16e-09	2.37e-09	3.45e-04	9.87e-05	2.72e-30
 9.47428e+18	6.41e-09	5.06e-04	4.70e-01	5.29e-01	3.65e-05	0.00e+00	0.00e+00	7.87e-10	2.68e-09	2.95e-09	3.95e-04	1.12e-04	4.92e-30
 1.00019e+19	7.95e-09	5.77e-04	4.92e-01	5.08e-01	2.85e-05	0.00e+00	0.00e+00	9.75e-10	3.32e-09	3.65e-09	4.50e-04	1.26e-04	8.88e-30
 1.05506e+19	9.84e-09	6.56e-04	5.13e-01	4.86e-01	2.24e-05	0.00e+00	0.00e+00	1.21e-09	4.11e-09	4.52e-09	5.13e-04	1.43e-04	1.60e-29
 1.11212e+19	1.21e-08	7.42e-04	5.34e-01	4.65e-01	1.77e-05	0.00e+00	0.00e+00	1.48e-09	5.06e-09	5.56e-09	5.82e-04	1.60e-04	2.84e-29
 1.17147e+19	1.49e-08	8.41e-04	5.56e-01	4.44e-01	1.41e-05	0.00e+00	0.00e+00	1.83e-09	6.24e-09	6.86e-09	6.60e-04	1.81e-04	5.10e-29
 1.23319e+19	1.84e-08	9.50e-04	5.77e-01	4.22e-01	1.13e-05	0.00e+00	0.00e+00	2.25e-09	7.67e-09	8.44e-09	7.47e-04	2.03e-04	9.08e-29
 1.29737e+19	2.25e-08	1.07e-03	5.97e-01	4.02e-01	9.12e-06	0.00e+00	0.00e+00	2.75e-09	9.39e-09	1.03e-08	8.43e-04	2.27e-04	1.60e-28
 1.36413e+19	2.76e-08	1.21e-03	6.18e-01	3.81e-01	7.40e-06	0.00e+00	0.00e+00	3.37e-09	1.15e-08	1.27e-08	9.51e-04	2.55e-04	2.85e-28
 1.43241e+19	3.37e-08	1.35e-03	6.37e-01	3.61e-01	6.08e-06	0.00e+00	0.00e+00	4.11e-09	1.41e-08	1.55e-08	1.07e-03	2.86e-04	5.00e-28
 1.49749e+19	4.04e-08	1.50e-03	6.55e-01	3.43e-01	5.10e-06	0.00e+00	0.00e+00	4.93e-09	1.69e-08	1.86e-08	1.19e-03	3.16e-04	8.35e-28
 1.55606e+19	4.72e-08	1.65e-03	6.70e-01	3.28e-01	4.40e-06	0.00e+00	0.00e+00	5.77e-09	1.97e-08	2.17e-08	1.30e-03	3.45e-04	1.30e-27
 1.60877e+19	5.41e-08	1.78e-03	6.83e-01	3.15e-01	3.88e-06	0.00e+00	0.00e+00	6.61e-09	2.26e-08	2.49e-08	1.41e-03	3.73e-04	1.92e-27
 1.65621e+19	6.10e-08	1.91e-03	6.94e-01	3.04e-01	3.48e-06	0.00e+00	0.00e+00	7.44e-09	2.54e-08	2.81e-08	1.51e-03	3.98e-04	2.69e-27
 1.69891e+19	6.77e-08	2.02e-03	7.04e-01	2.94e-01	3.17e-06	0.00e+00	0.00e+00	8.26e-09	2.82e-08	3.12e-08	1.60e-03	4.22e-04	3.63e-27
 1.73733e+19	7.43e-08	2.13e-03	7.13e-01	2.85e-01	2.92e-06	0.00e+00	0.00e+00	9.06e-09	3.10e-08	3.42e-08	1.69e-03	4.45e-04	4.73e-27
 1.77192e+19	8.06e-08	2.23e-03	7.20e-01	2.78e-01	2.72e-06	0.00e+00	0.00e+00	9.83e-09	3.36e-08	3.72e-08	1.77e-03	4.66e-04	5.96e-27
 1.80304e+19	8.67e-08	2.33e-03	7.26e-01	2.71e-01	2.56e-06	0.00e+00	0.00e+00	1.06e-08	3.61e-08	4.00e-08	1.84e-03	4.85e-04	7.33e-27
 1.83106e+19	9.25e-08	2.41e-03	7.32e-01	2.66e-01	2.42e-06	0.00e+00	0.00e+00	1.13e-08	3.85e-08	4.26e-08	1.91e-03	5.03e-04	8.81e-27
 1.85627e+19	9.79e-08	2.49e-03	7.37e-01	2.61e-01	2.31e-06	0.00e+00	0.00e+00	1.19e-08	4.08e-08	4.51e-08	1.97e-03	5.19e-04	1.04e-26
 1.87896e+19	1.03e-07	2.56e-03	7.41e-01	2.56e-01	2.21e-06	0.00e+00	0.00e+00	1.25e-08	4.29e-08	4.75e-08	2.03e-03	5.34e-04	1.20e-26
 1.90012e+19	1.08e-07	2.63e-03	7.45e-01	2.52e-01	2.12e-06	0.00e+00	0.00e+00	1.31e-08	4.49e-08	4.98e-08	2.08e-03	5.48e-04	1.37e-26
 1.92095e+19	1.13e-07	2.70e-03	7.49e-01	2.48e-01	2.04e-06	0.00e+00	0.00e+00	1.37e-08	4.70e-08	5.21e-08	2.13e-03	5.61e-04	1.55e-26
 1.94179e+19	1.18e-07	2.76e-03	7.53e-01	2.44e-01	1.97e-06	0.00e+00	0.00e+00	1.44e-08	4.92e-08	5.45e-08	2.19e-03	5.76e-04	1.77e-26
 1.96262e+19	1.23e-07	2.83e-03	7.57e-01	2.41e-01	1.90e-06	0.00e+00	0.00e+00	1.50e-08	5.14e-08	5.70e-08	2.24e-03	5.90e-04	2.01e-26
 1.98345e+19	1.29e-07	2.90e-03	7.60e-01	2.37e-01	1.83e-06	0.00e+00	0.00e+00	1.57e-08	5.37e-08	5.95e-08	2.30e-03	6.04e-04	2.27e-26
 2.00428e+19	1.35e-07	2.98e-03	7.64e-01	2.33e-01	1.77e-06	0.00e+00	0.00e+00	1.64e-08	5.61e-08	6.22e-08	2.36e-03	6.19e-04	2.58e-26
 2.02511e+19	1.41e-07	3.05e-03	7.67e-01	2.30e-01	1.71e-06	0.00e+00	0.00e+00	1.71e-08	5.85e-08	6.49e-08	2.41e-03	6.34e-04	2.91e-26
 2.04594e+19	1.47e-07	3.12e-03	7.71e-01	2.26e-01	1.65e-06	0.00e+00	0.00e+00	1.79e-08	6.11e-08	6.78e-08	2.47e-03	6.49e-04	3.29e-26
 2.06678e+19	1.53e-07	3.20e-03	7.74e-01	2.23e-01	1.59e-06	0.00e+00	0.00e+00	1.86e-08	6.37e-08	7.08e-08	2.53e-03	6.65e-04	3.72e-26
 2.08018e+19	1.57e-07	3.24e-03	7.76e-01	2.21e-01	1.56e-06	0.00e+00	0.00e+00	1.92e-08	6.55e-08	7.28e-08	2.57e-03	6.75e-04	4.03e-26
