#depth	O	O+	O+2	O+3	O+4	O+5	O+6	O+7	O+8	O[1]	O[2]	O[3]
 1.24341e+15	5.54e-11	6.56e-05	6.68e-01	3.32e-01	2.90e-04	1.68e-07	0.00e+00	0.00e+00	0.00e+00	5.50e-11	1.75e-13	2.04e-13
 7.46046e+15	5.60e-11	6.60e-05	6.70e-01	3.30e-01	2.87e-04	1.66e-07	0.00e+00	0.00e+00	0.00e+00	5.56e-11	1.76e-13	2.06e-13
 3.23286e+16	5.83e-11	6.77e-05	6.76e-01	3.23e-01	2.76e-04	1.59e-07	0.00e+00	0.00e+00	0.00e+00	5.79e-11	1.83e-13	2.13e-13
 1.27575e+17	6.81e-11	7.44e-05	7.01e-01	2.98e-01	2.37e-04	1.33e-07	0.00e+00	0.00e+00	0.00e+00	6.77e-11	2.09e-13	2.44e-13
 2.81292e+17	8.80e-11	8.66e-05	7.38e-01	2.62e-01	1.83e-04	0.00e+00	0.00e+00	0.00e+00	0.00e+00	8.75e-11	2.50e-13	2.92e-13
 4.41158e+17	1.13e-10	1.00e-04	7.72e-01	2.27e-01	1.41e-04	0.00e+00	0.00e+00	0.00e+00	0.00e+00	1.12e-10	3.03e-13	3.54e-13
 6.07418e+17	1.43e-10	1.15e-04	8.06e-01	1.94e-01	1.06e-04	0.00e+00	0.00e+00	0.00e+00	0.00e+00	1.42e-10	3.65e-13	4.28e-13
 7.80329e+17	1.80e-10	1.32e-04	8.37e-01	1.63e-01	7.80e-05	0.00e+00	0.00e+00	0.00e+00	0.00e+00	1.79e-10	4.38e-13	5.13e-13
 9.60156e+17	2.27e-10	1.50e-04	8.66e-01	1.33e-01	5.61e-05	0.00e+00	0.00e+00	0.00e+00	0.00e+00	2.26e-10	5.25e-13	6.15e-13
 1.14718e+18	2.83e-10	1.70e-04	8.93e-01	1.07e-01	3.93e-05	0.00e+00	0.00e+00	0.00e+00	0.00e+00	2.82e-10	6.24e-13	7.33e-13
 1.34168e+18	3.51e-10	1.91e-04	9.16e-01	8.39e-02	2.68e-05	0.00e+00	0.00e+00	0.00e+00	0.00e+00	3.50e-10	7.40e-13	8.69e-13
 1.54396e+18	4.33e-10	2.14e-04	9.36e-01	6.41e-02	1.78e-05	0.00e+00	0.00e+00	0.00e+00	0.00e+00	4.32e-10	8.74e-13	1.03e-12
 1.75433e+18	5.32e-10	2.39e-04	9.52e-01	4.77e-02	1.14e-05	0.00e+00	0.00e+00	0.00e+00	0.00e+00	5.30e-10	1.03e-12	1.21e-12
 1.97312e+18	6.51e-10	2.65e-04	9.65e-01	3.47e-02	7.16e-06	0.00e+00	0.00e+00	0.00e+00	0.00e+00	6.48e-10	1.21e-12	1.42e-12
 2.20066e+18	7.95e-10	2.94e-04	9.75e-01	2.46e-02	4.36e-06	0.00e+00	0.00e+00	0.00e+00	0.00e+00	7.91e-10	1.42e-12	1.67e-12
 2.43730e+18	9.58e-10	3.23e-04	9.83e-01	1.71e-02	2.62e-06	0.00e+00	0.00e+00	0.00e+00	0.00e+00	9.55e-10	1.64e-12	1.94e-12
 2.68340e+18	1.16e-09	3.55e-04	9.88e-01	1.17e-02	1.54e-06	0.00e+00	0.00e+00	0.00e+00	0.00e+00	1.16e-09	1.92e-12	2.26e-12
 2.93935e+18	1.40e-09	3.90e-04	9.92e-01	7.87e-03	8.96e-07	0.00e+00	0.00e+00	0.00e+00	0.00e+00	1.40e-09	2.24e-12	2.64e-12
 3.18758e+18	1.67e-09	4.25e-04	9.94e-01	5.39e-03	5.41e-07	0.00e+00	0.00e+00	0.00e+00	0.00e+00	1.67e-09	2.59e-12	3.05e-12
 3.42070e+18	1.96e-09	4.60e-04	9.96e-01	3.78e-03	3.42e-07	0.00e+00	0.00e+00	0.00e+00	0.00e+00	1.96e-09	2.97e-12	3.50e-12
 3.68111e+18	2.33e-09	4.99e-04	9.97e-01	2.56e-03	2.12e-07	0.00e+00	0.00e+00	0.00e+00	0.00e+00	2.32e-09	3.44e-12	4.05e-12
 3.97697e+18	2.80e-09	5.46e-04	9.98e-01	1.67e-03	1.30e-07	0.00e+00	0.00e+00	0.00e+00	0.00e+00	2.79e-09	4.02e-12	4.74e-12
 4.27187e+18	3.35e-09	5.95e-04	9.98e-01	1.11e-03	0.00e+00	0.00e+00	0.00e+00	0.00e+00	0.00e+00	3.34e-09	4.69e-12	5.52e-12
 4.57856e+18	4.00e-09	6.48e-04	9.99e-01	7.40e-04	0.00e+00	0.00e+00	0.00e+00	0.00e+00	0.00e+00	3.99e-09	5.49e-12	6.47e-12
 4.91032e+18	4.82e-09	7.07e-04	9.99e-01	4.91e-04	0.00e+00	0.00e+00	0.00e+00	0.00e+00	0.00e+00	4.81e-09	6.47e-12	7.61e-12
 5.25535e+18	5.81e-09	7.72e-04	9.99e-01	3.31e-04	0.00e+00	0.00e+00	0.00e+00	0.00e+00	0.00e+00	5.79e-09	7.64e-12	8.98e-12
 5.61417e+18	7.00e-09	8.43e-04	9.99e-01	2.28e-04	0.00e+00	0.00e+00	0.00e+00	0.00e+00	0.00e+00	6.98e-09	9.05e-12	1.06e-11
 5.98736e+18	8.44e-09	9.21e-04	9.99e-01	1.61e-04	0.00e+00	0.00e+00	0.00e+00	0.00e+00	0.00e+00	8.42e-09	1.07e-11	1.26e-11
 6.37546e+18	1.02e-08	1.01e-03	9.99e-01	1.17e-04	0.00e+00	0.00e+00	0.00e+00	0.00e+00	0.00e+00	1.02e-08	1.28e-11	1.50e-11
 6.77910e+18	1.23e-08	1.10e-03	9.99e-01	8.74e-05	0.00e+00	0.00e+00	0.00e+00	0.00e+00	0.00e+00	1.23e-08	1.52e-11	1.78e-11
 7.19887e+18	1.49e-08	1.20e-03	9.99e-01	6.69e-05	0.00e+00	0.00e+00	0.00e+00	0.00e+00	0.00e+00	1.48e-08	1.82e-11	2.12e-11
 7.63544e+18	1.80e-08	1.31e-03	9.99e-01	5.24e-05	0.00e+00	0.00e+00	0.00e+00	0.00e+00	0.00e+00	1.80e-08	2.17e-11	2.54e-11
 8.08948e+18	2.18e-08	1.43e-03	9.99e-01	4.17e-05	0.00e+00	0.00e+00	0.00e+00	0.00e+00	0.00e+00	2.17e-08	2.61e-11	3.04e-11
 8.56167e+18	2.64e-08	1.56e-03	9.98e-01	3.37e-05	0.00e+00	0.00e+00	0.00e+00	0.00e+00	0.00e+00	2.64e-08	3.14e-11	3.65e-11
 9.05275e+18	3.21e-08	1.71e-03	9.98e-01	2.76e-05	0.00e+00	0.00e+00	0.00e+00	0.00e+00	0.00e+00	3.20e-08	3.78e-11	4.40e-11
 9.56347e+18	3.90e-08	1.87e-03	9.98e-01	2.27e-05	0.00e+00	0.00e+00	0.00e+00	0.00e+00	0.00e+00	3.89e-08	4.56e-11	5.31e-11
 1.00946e+19	4.75e-08	2.04e-03	9.98e-01	1.88e-05	0.00e+00	0.00e+00	0.00e+00	0.00e+00	0.00e+00	4.74e-08	5.52e-11	6.42e-11
 1.06087e+19	5.70e-08	2.21e-03	9.98e-01	1.59e-05	0.00e+00	0.00e+00	0.00e+00	0.00e+00	0.00e+00	5.68e-08	6.58e-11	7.64e-11
 1.11434e+19	6.88e-08	2.41e-03	9.98e-01	1.34e-05	0.00e+00	0.00e+00	0.00e+00	0.00e+00	0.00e+00	6.86e-08	7.92e-11	9.20e-11
 1.17221e+19	8.37e-08	2.63e-03	9.97e-01	1.13e-05	0.00e+00	0.00e+00	0.00e+00	0.00e+00	0.00e+00	8.35e-08	9.60e-11	1.11e-10
 1.22892e+19	1.01e-07	2.86e-03	9.97e-01	9.57e-06	0.00e+00	0.00e+00	0.00e+00	0.00e+00	0.00e+00	1.01e-07	1.15e-10	1.34e-10
 1.28947e+19	1.22e-07	3.11e-03	9.97e-01	8.09e-06	0.00e+00	0.00e+00	0.00e+00	0.00e+00	0.00e+00	1.22e-07	1.40e-10	1.62e-10
 1.35591e+19	1.50e-07	3.41e-03	9.97e-01	6.79e-06	0.00e+00	0.00e+00	0.00e+00	0.00e+00	0.00e+00	1.50e-07	1.71e-10	1.98e-10
 1.42501e+19	1.85e-07	3.74e-03	9.96e-01	5.71e-06	0.00e+00	0.00e+00	0.00e+00	0.00e+00	0.00e+00	1.84e-07	2.10e-10	2.44e-10
 1.49687e+19	2.28e-07	4.10e-03	9.96e-01	4.80e-06	0.00e+00	0.00e+00	0.00e+00	0.00e+00	0.00e+00	2.27e-07	2.59e-10	3.00e-10
 1.57160e+19	2.81e-07	4.50e-03	9.95e-01	4.03e-06	0.00e+00	0.00e+00	0.00e+00	0.00e+00	0.00e+00	2.80e-07	3.20e-10	3.70e-10
 1.64933e+19	3.48e-07	4.94e-03	9.95e-01	3.39e-06	0.00e+00	0.00e+00	0.00e+00	0.00e+00	0.00e+00	3.47e-07	3.95e-10	4.58e-10
 1.73016e+19	4.31e-07	5.43e-03	9.95e-01	2.85e-06	0.00e+00	0.00e+00	0.00e+00	0.00e+00	0.00e+00	4.30e-07	4.91e-10	5.68e-10
 1.81423e+19	5.36e-07	5.98e-03	9.94e-01	2.40e-06	0.00e+00	0.00e+00	0.00e+00	0.00e+00	0.00e+00	5.34e-07	6.10e-10	7.06e-10
 1.90166e+19	6.67e-07	6.58e-03	9.93e-01	2.01e-06	0.00e+00	0.00e+00	0.00e+00	0.00e+00	0.00e+00	6.65e-07	7.60e-10	8.79e-10
 1.99259e+19	8.32e-07	7.25e-03	9.93e-01	1.69e-06	0.00e+00	0.00e+00	0.00e+00	0.00e+00	0.00e+00	8.30e-07	9.50e-10	1.10e-09
 2.08715e+19	1.04e-06	7.99e-03	9.92e-01	1.42e-06	0.00e+00	0.00e+00	0.00e+00	0.00e+00	0.00e+00	1.04e-06	1.19e-09	1.38e-09
 2.18550e+19	1.31e-06	8.82e-03	9.91e-01	1.19e-06	0.00e+00	0.00e+00	0.00e+00	0.00e+00	0.00e+00	1.30e-06	1.50e-09	1.73e-09
 2.28778e+19	1.64e-06	9.75e-03	9.90e-01	1.00e-06	0.00e+00	0.00e+00	0.00e+00	0.00e+00	0.00e+00	1.64e-06	1.89e-09	2.18e-09
 2.39416e+19	2.07e-06	1.08e-02	9.89e-01	8.39e-07	0.00e+00	0.00e+00	0.00e+00	0.00e+00	0.00e+00	2.07e-06	2.38e-09	2.76e-09
 2.50478e+19	2.62e-06	1.20e-02	9.88e-01	7.03e-07	0.00e+00	0.00e+00	0.00e+00	0.00e+00	0.00e+00	2.62e-06	3.03e-09	3.50e-09
 2.61984e+19	3.34e-06	1.33e-02	9.87e-01	5.89e-07	0.00e+00	0.00e+00	0.00e+00	0.00e+00	0.00e+00	3.33e-06	3.86e-09	4.45e-09
 2.73949e+19	4.26e-06	1.48e-02	9.85e-01	4.93e-07	0.00e+00	0.00e+00	0.00e+00	0.00e+00	0.00e+00	4.25e-06	4.94e-09	5.70e-09
 2.86393e+19	5.45e-06	1.64e-02	9.84e-01	4.12e-07	0.00e+00	0.00e+00	0.00e+00	0.00e+00	0.00e+00	5.44e-06	6.33e-09	7.30e-09
 2.99335e+19	7.06e-06	1.84e-02	9.82e-01	3.44e-07	0.00e+00	0.00e+00	0.00e+00	0.00e+00	0.00e+00	7.04e-06	8.21e-09	9.47e-09
 3.12795e+19	9.17e-06	2.06e-02	9.79e-01	2.86e-07	0.00e+00	0.00e+00	0.00e+00	0.00e+00	0.00e+00	9.15e-06	1.07e-08	1.23e-08
 3.26793e+19	1.20e-05	2.31e-02	9.77e-01	2.38e-07	0.00e+00	0.00e+00	0.00e+00	0.00e+00	0.00e+00	1.20e-05	1.40e-08	1.62e-08
 3.41350e+19	1.59e-05	2.61e-02	9.74e-01	1.98e-07	0.00e+00	0.00e+00	0.00e+00	0.00e+00	0.00e+00	1.59e-05	1.86e-08	2.15e-08
 3.56491e+19	2.14e-05	2.96e-02	9.70e-01	1.64e-07	0.00e+00	0.00e+00	0.00e+00	0.00e+00	0.00e+00	2.13e-05	2.50e-08	2.88e-08
 3.72236e+19	2.90e-05	3.37e-02	9.66e-01	1.35e-07	0.00e+00	0.00e+00	0.00e+00	0.00e+00	0.00e+00	2.89e-05	3.38e-08	3.89e-08
 3.88152e+19	3.99e-05	3.86e-02	9.61e-01	0.00e+00	0.00e+00	0.00e+00	0.00e+00	0.00e+00	0.00e+00	3.98e-05	4.63e-08	5.33e-08
 4.03375e+19	5.45e-05	4.40e-02	9.56e-01	0.00e+00	0.00e+00	0.00e+00	0.00e+00	0.00e+00	0.00e+00	5.43e-05	6.30e-08	7.25e-08
 4.17516e+19	7.37e-05	5.00e-02	9.50e-01	0.00e+00	0.00e+00	0.00e+00	0.00e+00	0.00e+00	0.00e+00	7.35e-05	8.47e-08	9.76e-08
 4.29013e+19	9.52e-05	5.58e-02	9.44e-01	0.00e+00	0.00e+00	0.00e+00	0.00e+00	0.00e+00	0.00e+00	9.49e-05	1.09e-07	1.25e-07
 4.37602e+19	1.16e-04	6.08e-02	9.39e-01	0.00e+00	0.00e+00	0.00e+00	0.00e+00	0.00e+00	0.00e+00	1.16e-04	1.32e-07	1.53e-07
 4.46564e+19	1.52e-04	6.85e-02	9.31e-01	0.00e+00	0.00e+00	0.00e+00	0.00e+00	0.00e+00	0.00e+00	1.52e-04	1.75e-07	2.02e-07
 4.55551e+19	1.93e-04	7.59e-02	9.24e-01	0.00e+00	0.00e+00	0.00e+00	0.00e+00	0.00e+00	0.00e+00	1.92e-04	2.21e-07	2.54e-07
 4.63012e+19	2.37e-04	8.30e-02	9.17e-01	0.00e+00	0.00e+00	0.00e+00	0.00e+00	0.00e+00	0.00e+00	2.36e-04	2.70e-07	3.11e-07
 4.71153e+19	3.02e-04	9.24e-02	9.07e-01	0.00e+00	0.00e+00	0.00e+00	0.00e+00	0.00e+00	0.00e+00	3.02e-04	3.43e-07	3.94e-07
 4.79738e+19	3.96e-04	1.04e-01	8.95e-01	0.00e+00	0.00e+00	0.00e+00	0.00e+00	0.00e+00	0.00e+00	3.95e-04	4.46e-07	5.13e-07
 4.86791e+19	5.03e-04	1.16e-01	8.84e-01	0.00e+00	0.00e+00	0.00e+00	0.00e+00	0.00e+00	0.00e+00	5.02e-04	5.64e-07	6.48e-07
 4.92555e+19	6.20e-04	1.27e-01	8.72e-01	0.00e+00	0.00e+00	0.00e+00	0.00e+00	0.00e+00	0.00e+00	6.18e-04	6.92e-07	7.95e-07
 4.97563e+19	7.52e-04	1.39e-01	8.60e-01	0.00e+00	0.00e+00	0.00e+00	0.00e+00	0.00e+00	0.00e+00	7.50e-04	8.37e-07	9.62e-07
 5.02050e+19	9.05e-04	1.51e-01	8.48e-01	0.00e+00	0.00e+00	0.00e+00	0.00e+00	0.00e+00	0.00e+00	9.03e-04	1.01e-06	1.16e-06
 5.06356e+19	1.09e-03	1.65e-01	8.34e-01	0.00e+00	0.00e+00	0.00e+00	0.00e+00	0.00e+00	0.00e+00	1.09e-03	1.21e-06	1.39e-06
 5.10560e+19	1.33e-03	1.80e-01	8.19e-01	0.00e+00	0.00e+00	0.00e+00	0.00e+00	0.00e+00	0.00e+00	1.32e-03	1.47e-06	1.68e-06
 5.14563e+19	1.61e-03	1.97e-01	8.02e-01	0.00e+00	0.00e+00	0.00e+00	0.00e+00	0.00e+00	0.00e+00	1.61e-03	1.78e-06	2.05e-06
 5.18288e+19	1.96e-03	2.15e-01	7.83e-01	0.00e+00	0.00e+00	0.00e+00	0.00e+00	0.00e+00	0.00e+00	1.95e-03	2.16e-06	2.48e-06
 5.21758e+19	2.37e-03	2.34e-01	7.64e-01	0.00e+00	0.00e+00	0.00e+00	0.00e+00	0.00e+00	0.00e+00	2.36e-03	2.61e-06	3.00e-06
 5.25037e+19	2.87e-03	2.55e-01	7.42e-01	0.00e+00	0.00e+00	0.00e+00	0.00e+00	0.00e+00	0.00e+00	2.86e-03	3.16e-06	3.63e-06
 5.28149e+19	3.48e-03	2.78e-01	7.19e-01	0.00e+00	0.00e+00	0.00e+00	0.00e+00	0.00e+00	0.00e+00	3.47e-03	3.84e-06	4.40e-06
 5.31080e+19	4.22e-03	3.03e-01	6.93e-01	0.00e+00	0.00e+00	0.00e+00	0.00e+00	0.00e+00	0.00e+00	4.21e-03	4.66e-06	5.35e-06
 5.33828e+19	5.11e-03	3.29e-01	6.66e-01	0.00e+00	0.00e+00	0.00e+00	0.00e+00	0.00e+00	0.00e+00	5.10e-03	5.64e-06	6.47e-06
 5.36420e+19	6.19e-03	3.57e-01	6.37e-01	0.00e+00	0.00e+00	0.00e+00	0.00e+00	0.00e+00	0.00e+00	6.17e-03	6.84e-06	7.85e-06
 5.38876e+19	7.51e-03	3.87e-01	6.06e-01	0.00e+00	0.00e+00	0.00e+00	0.00e+00	0.00e+00	0.00e+00	7.49e-03	8.31e-06	9.54e-06
 5.41191e+19	9.10e-03	4.18e-01	5.72e-01	0.00e+00	0.00e+00	0.00e+00	0.00e+00	0.00e+00	0.00e+00	9.08e-03	1.01e-05	1.16e-05
 5.43366e+19	1.10e-02	4.51e-01	5.38e-01	0.00e+00	0.00e+00	0.00e+00	0.00e+00	0.00e+00	0.00e+00	1.10e-02	1.22e-05	1.41e-05
 5.45418e+19	1.34e-02	4.85e-01	5.01e-01	0.00e+00	0.00e+00	0.00e+00	0.00e+00	0.00e+00	0.00e+00	1.33e-02	1.49e-05	1.70e-05
 5.47363e+19	1.62e-02	5.21e-01	4.63e-01	0.00e+00	0.00e+00	0.00e+00	0.00e+00	0.00e+00	0.00e+00	1.62e-02	1.81e-05	2.07e-05
 5.49196e+19	1.96e-02	5.57e-01	4.24e-01	0.00e+00	0.00e+00	0.00e+00	0.00e+00	0.00e+00	0.00e+00	1.96e-02	2.19e-05	2.52e-05
 5.50919e+19	2.38e-02	5.92e-01	3.84e-01	0.00e+00	0.00e+00	0.00e+00	0.00e+00	0.00e+00	0.00e+00	2.37e-02	2.67e-05	3.06e-05
 5.52549e+19	2.89e-02	6.28e-01	3.43e-01	0.00e+00	0.00e+00	0.00e+00	0.00e+00	0.00e+00	0.00e+00	2.88e-02	3.25e-05	3.73e-05
 5.54076e+19	3.51e-02	6.62e-01	3.03e-01	0.00e+00	0.00e+00	0.00e+00	0.00e+00	0.00e+00	0.00e+00	3.50e-02	3.95e-05	4.53e-05
 5.55504e+19	4.25e-02	6.93e-01	2.64e-01	0.00e+00	0.00e+00	0.00e+00	0.00e+00	0.00e+00	0.00e+00	4.24e-02	4.80e-05	5.51e-05
 5.56850e+19	5.16e-02	7.23e-01	2.26e-01	0.00e+00	0.00e+00	0.00e+00	0.00e+00	0.00e+00	0.00e+00	5.15e-02	5.85e-05	6.72e-05
 5.58114e+19	6.25e-02	7.47e-01	1.90e-01	0.00e+00	0.00e+00	0.00e+00	0.00e+00	0.00e+00	0.00e+00	6.24e-02	7.09e-05	8.15e-05
 5.59298e+19	7.59e-02	7.67e-01	1.57e-01	0.00e+00	0.00e+00	0.00e+00	0.00e+00	0.00e+00	0.00e+00	7.58e-02	8.64e-05	9.94e-05
 5.60267e+19	8.99e-02	7.79e-01	1.31e-01	0.00e+00	0.00e+00	0.00e+00	0.00e+00	0.00e+00	0.00e+00	8.97e-02	1.02e-04	1.18e-04
 5.60960e+19	1.02e-01	7.85e-01	1.13e-01	0.00e+00	0.00e+00	0.00e+00	0.00e+00	0.00e+00	0.00e+00	1.02e-01	1.16e-04	1.34e-04
 5.61559e+19	1.15e-01	7.88e-01	9.73e-02	0.00e+00	0.00e+00	0.00e+00	0.00e+00	0.00e+00	0.00e+00	1.14e-01	1.31e-04	1.50e-04
 5.62247e+19	1.32e-01	7.88e-01	8.07e-02	0.00e+00	0.00e+00	0.00e+00	0.00e+00	0.00e+00	0.00e+00	1.31e-01	1.50e-04	1.72e-04
 5.62952e+19	1.52e-01	7.82e-01	6.53e-02	0.00e+00	0.00e+00	0.00e+00	0.00e+00	0.00e+00	0.00e+00	1.52e-01	1.73e-04	1.99e-04
 5.63499e+19	1.72e-01	7.74e-01	5.43e-02	0.00e+00	0.00e+00	0.00e+00	0.00e+00	0.00e+00	0.00e+00	1.71e-01	1.95e-04	2.24e-04
 5.63933e+19	1.89e-01	7.65e-01	4.61e-02	0.00e+00	0.00e+00	0.00e+00	0.00e+00	0.00e+00	0.00e+00	1.89e-01	2.14e-04	2.46e-04
 5.64397e+19	2.11e-01	7.51e-01	3.80e-02	0.00e+00	0.00e+00	0.00e+00	0.00e+00	0.00e+00	0.00e+00	2.10e-01	2.37e-04	2.74e-04
 5.64887e+19	2.37e-01	7.32e-01	3.05e-02	0.00e+00	0.00e+00	0.00e+00	0.00e+00	0.00e+00	0.00e+00	2.36e-01	2.65e-04	3.06e-04
 5.65292e+19	2.62e-01	7.13e-01	2.50e-02	0.00e+00	0.00e+00	0.00e+00	0.00e+00	0.00e+00	0.00e+00	2.61e-01	2.90e-04	3.35e-04
 5.65626e+19	2.84e-01	6.95e-01	2.09e-02	0.00e+00	0.00e+00	0.00e+00	0.00e+00	0.00e+00	0.00e+00	2.83e-01	3.13e-04	3.61e-04
 5.65987e+19	3.11e-01	6.72e-01	1.69e-02	0.00e+00	0.00e+00	0.00e+00	0.00e+00	0.00e+00	0.00e+00	3.10e-01	3.40e-04	3.92e-04
 5.66367e+19	3.42e-01	6.44e-01	1.33e-02	0.00e+00	0.00e+00	0.00e+00	0.00e+00	0.00e+00	0.00e+00	3.41e-01	3.69e-04	4.25e-04
 5.66682e+19	3.70e-01	6.19e-01	1.08e-02	0.00e+00	0.00e+00	0.00e+00	0.00e+00	0.00e+00	0.00e+00	3.69e-01	3.94e-04	4.54e-04
 5.66949e+19	3.96e-01	5.95e-01	8.90e-03	0.00e+00	0.00e+00	0.00e+00	0.00e+00	0.00e+00	0.00e+00	3.95e-01	4.16e-04	4.79e-04
 5.67230e+19	4.25e-01	5.68e-01	7.14e-03	0.00e+00	0.00e+00	0.00e+00	0.00e+00	0.00e+00	0.00e+00	4.24e-01	4.39e-04	5.06e-04
 5.67526e+19	4.56e-01	5.38e-01	5.60e-03	0.00e+00	0.00e+00	0.00e+00	0.00e+00	0.00e+00	0.00e+00	4.55e-01	4.63e-04	5.34e-04
 5.67790e+19	4.86e-01	5.09e-01	4.45e-03	0.00e+00	0.00e+00	0.00e+00	0.00e+00	0.00e+00	0.00e+00	4.85e-01	4.84e-04	5.58e-04
 5.68016e+19	5.12e-01	4.84e-01	3.61e-03	0.00e+00	0.00e+00	0.00e+00	0.00e+00	0.00e+00	0.00e+00	5.11e-01	5.00e-04	5.77e-04
 5.68218e+19	5.36e-01	4.61e-01	2.97e-03	0.00e+00	0.00e+00	0.00e+00	0.00e+00	0.00e+00	0.00e+00	5.35e-01	5.14e-04	5.92e-04
 5.68408e+19	5.59e-01	4.38e-01	2.45e-03	0.00e+00	0.00e+00	0.00e+00	0.00e+00	0.00e+00	0.00e+00	5.58e-01	5.26e-04	6.06e-04
 5.68588e+19	5.81e-01	4.17e-01	2.03e-03	0.00e+00	0.00e+00	0.00e+00	0.00e+00	0.00e+00	0.00e+00	5.80e-01	5.36e-04	6.17e-04
 5.68727e+19	5.97e-01	4.01e-01	1.76e-03	0.00e+00	0.00e+00	0.00e+00	0.00e+00	0.00e+00	0.00e+00	5.96e-01	5.42e-04	6.25e-04
 5.68819e+19	6.08e-01	3.91e-01	1.59e-03	0.00e+00	0.00e+00	0.00e+00	0.00e+00	0.00e+00	0.00e+00	6.07e-01	5.46e-04	6.29e-04
 5.68906e+19	6.18e-01	3.80e-01	1.44e-03	0.00e+00	0.00e+00	0.00e+00	0.00e+00	0.00e+00	0.00e+00	6.17e-01	5.49e-04	6.33e-04
 5.69008e+19	6.31e-01	3.68e-01	1.28e-03	0.00e+00	0.00e+00	0.00e+00	0.00e+00	0.00e+00	0.00e+00	6.30e-01	5.54e-04	6.37e-04
 5.69115e+19	6.44e-01	3.55e-01	1.13e-03	0.00e+00	0.00e+00	0.00e+00	0.00e+00	0.00e+00	0.00e+00	6.43e-01	5.56e-04	6.40e-04
 5.69216e+19	6.57e-01	3.42e-01	9.97e-04	0.00e+00	0.00e+00	0.00e+00	0.00e+00	0.00e+00	0.00e+00	6.55e-01	5.60e-04	6.44e-04
 5.69311e+19	6.68e-01	3.31e-01	8.89e-04	0.00e+00	0.00e+00	0.00e+00	0.00e+00	0.00e+00	0.00e+00	6.67e-01	5.61e-04	6.46e-04
 5.69404e+19	6.79e-01	3.20e-01	7.90e-04	0.00e+00	0.00e+00	0.00e+00	0.00e+00	0.00e+00	0.00e+00	6.78e-01	5.62e-04	6.47e-04
 5.69498e+19	6.91e-01	3.09e-01	6.97e-04	0.00e+00	0.00e+00	0.00e+00	0.00e+00	0.00e+00	0.00e+00	6.89e-01	5.64e-04	6.49e-04
 5.69592e+19	7.02e-01	2.98e-01	6.18e-04	0.00e+00	0.00e+00	0.00e+00	0.00e+00	0.00e+00	0.00e+00	7.01e-01	5.64e-04	6.48e-04
 5.69683e+19	7.13e-01	2.87e-01	5.47e-04	0.00e+00	0.00e+00	0.00e+00	0.00e+00	0.00e+00	0.00e+00	7.11e-01	5.64e-04	6.48e-04
 5.69773e+19	7.23e-01	2.76e-01	4.83e-04	0.00e+00	0.00e+00	0.00e+00	0.00e+00	0.00e+00	0.00e+00	7.22e-01	5.63e-04	6.48e-04
 5.69862e+19	7.34e-01	2.66e-01	4.26e-04	0.00e+00	0.00e+00	0.00e+00	0.00e+00	0.00e+00	0.00e+00	7.32e-01	5.62e-04	6.46e-04
 5.69950e+19	7.44e-01	2.56e-01	3.76e-04	0.00e+00	0.00e+00	0.00e+00	0.00e+00	0.00e+00	0.00e+00	7.42e-01	5.60e-04	6.43e-04
 5.70037e+19	7.53e-01	2.46e-01	3.31e-04	0.00e+00	0.00e+00	0.00e+00	0.00e+00	0.00e+00	0.00e+00	7.52e-01	5.58e-04	6.40e-04
 5.70123e+19	7.63e-01	2.37e-01	2.92e-04	0.00e+00	0.00e+00	0.00e+00	0.00e+00	0.00e+00	0.00e+00	7.62e-01	5.55e-04	6.37e-04
 5.70208e+19	7.72e-01	2.27e-01	2.57e-04	0.00e+00	0.00e+00	0.00e+00	0.00e+00	0.00e+00	0.00e+00	7.71e-01	5.52e-04	6.33e-04
 5.70292e+19	7.81e-01	2.18e-01	2.26e-04	0.00e+00	0.00e+00	0.00e+00	0.00e+00	0.00e+00	0.00e+00	7.80e-01	5.48e-04	6.29e-04
 5.70375e+19	7.90e-01	2.10e-01	1.98e-04	0.00e+00	0.00e+00	0.00e+00	0.00e+00	0.00e+00	0.00e+00	7.89e-01	5.45e-04	6.25e-04
 5.70457e+19	7.99e-01	2.01e-01	1.74e-04	0.00e+00	0.00e+00	0.00e+00	0.00e+00	0.00e+00	0.00e+00	7.97e-01	5.41e-04	6.20e-04
 5.70539e+19	8.07e-01	1.93e-01	1.53e-04	0.00e+00	0.00e+00	0.00e+00	0.00e+00	0.00e+00	0.00e+00	8.06e-01	5.37e-04	6.15e-04
 5.70619e+19	8.15e-01	1.85e-01	1.34e-04	0.00e+00	0.00e+00	0.00e+00	0.00e+00	0.00e+00	0.00e+00	8.14e-01	5.33e-04	6.10e-04
 5.70699e+19	8.23e-01	1.77e-01	1.17e-04	0.00e+00	0.00e+00	0.00e+00	0.00e+00	0.00e+00	0.00e+00	8.21e-01	5.28e-04	6.05e-04
 5.70778e+19	8.30e-01	1.70e-01	1.03e-04	0.00e+00	0.00e+00	0.00e+00	0.00e+00	0.00e+00	0.00e+00	8.29e-01	5.23e-04	5.99e-04
 5.70857e+19	8.37e-01	1.63e-01	9.00e-05	0.00e+00	0.00e+00	0.00e+00	0.00e+00	0.00e+00	0.00e+00	8.36e-01	5.19e-04	5.93e-04
 5.70934e+19	8.44e-01	1.56e-01	7.87e-05	0.00e+00	0.00e+00	0.00e+00	0.00e+00	0.00e+00	0.00e+00	8.43e-01	5.14e-04	5.87e-04
 5.71011e+19	8.51e-01	1.49e-01	6.88e-05	0.00e+00	0.00e+00	0.00e+00	0.00e+00	0.00e+00	0.00e+00	8.50e-01	5.09e-04	5.81e-04
 5.71088e+19	8.57e-01	1.43e-01	6.01e-05	0.00e+00	0.00e+00	0.00e+00	0.00e+00	0.00e+00	0.00e+00	8.56e-01	5.04e-04	5.75e-04
 5.71163e+19	8.64e-01	1.36e-01	5.24e-05	0.00e+00	0.00e+00	0.00e+00	0.00e+00	0.00e+00	0.00e+00	8.63e-01	4.98e-04	5.69e-04
 5.71237e+19	8.70e-01	1.30e-01	4.58e-05	0.00e+00	0.00e+00	0.00e+00	0.00e+00	0.00e+00	0.00e+00	8.68e-01	4.93e-04	5.63e-04
 5.71310e+19	8.75e-01	1.25e-01	4.01e-05	0.00e+00	0.00e+00	0.00e+00	0.00e+00	0.00e+00	0.00e+00	8.74e-01	4.88e-04	5.57e-04
 5.71381e+19	8.81e-01	1.19e-01	3.51e-05	0.00e+00	0.00e+00	0.00e+00	0.00e+00	0.00e+00	0.00e+00	8.79e-01	4.84e-04	5.51e-04
 5.71451e+19	8.86e-01	1.14e-01	3.08e-05	0.00e+00	0.00e+00	0.00e+00	0.00e+00	0.00e+00	0.00e+00	8.85e-01	4.79e-04	5.45e-04
 5.71520e+19	8.90e-01	1.09e-01	2.70e-05	0.00e+00	0.00e+00	0.00e+00	0.00e+00	0.00e+00	0.00e+00	8.89e-01	4.74e-04	5.40e-04
 5.71588e+19	8.95e-01	1.05e-01	2.37e-05	0.00e+00	0.00e+00	0.00e+00	0.00e+00	0.00e+00	0.00e+00	8.94e-01	4.69e-04	5.34e-04
 5.71655e+19	9.00e-01	1.00e-01	2.08e-05	0.00e+00	0.00e+00	0.00e+00	0.00e+00	0.00e+00	0.00e+00	8.99e-01	4.65e-04	5.28e-04
 5.71720e+19	9.04e-01	9.62e-02	1.83e-05	0.00e+00	0.00e+00	0.00e+00	0.00e+00	0.00e+00	0.00e+00	9.03e-01	4.60e-04	5.23e-04
 5.71785e+19	9.08e-01	9.22e-02	1.61e-05	0.00e+00	0.00e+00	0.00e+00	0.00e+00	0.00e+00	0.00e+00	9.07e-01	4.56e-04	5.18e-04
 5.71849e+19	9.12e-01	8.83e-02	1.42e-05	0.00e+00	0.00e+00	0.00e+00	0.00e+00	0.00e+00	0.00e+00	9.11e-01	4.52e-04	5.13e-04
 5.71911e+19	9.15e-01	8.47e-02	1.25e-05	0.00e+00	0.00e+00	0.00e+00	0.00e+00	0.00e+00	0.00e+00	9.14e-01	4.47e-04	5.08e-04
 5.71973e+19	9.19e-01	8.12e-02	1.10e-05	0.00e+00	0.00e+00	0.00e+00	0.00e+00	0.00e+00	0.00e+00	9.18e-01	4.44e-04	5.03e-04
 5.72034e+19	9.22e-01	7.78e-02	9.71e-06	0.00e+00	0.00e+00	0.00e+00	0.00e+00	0.00e+00	0.00e+00	9.21e-01	4.40e-04	4.98e-04
 5.72094e+19	9.25e-01	7.46e-02	8.58e-06	0.00e+00	0.00e+00	0.00e+00	0.00e+00	0.00e+00	0.00e+00	9.24e-01	4.36e-04	4.93e-04
 5.72154e+19	9.28e-01	7.16e-02	7.58e-06	0.00e+00	0.00e+00	0.00e+00	0.00e+00	0.00e+00	0.00e+00	9.27e-01	4.32e-04	4.89e-04
 5.72212e+19	9.31e-01	6.87e-02	6.70e-06	0.00e+00	0.00e+00	0.00e+00	0.00e+00	0.00e+00	0.00e+00	9.30e-01	4.29e-04	4.85e-04
 5.72270e+19	9.34e-01	6.59e-02	5.93e-06	0.00e+00	0.00e+00	0.00e+00	0.00e+00	0.00e+00	0.00e+00	9.33e-01	4.25e-04	4.81e-04
 5.72327e+19	9.37e-01	6.32e-02	5.25e-06	0.00e+00	0.00e+00	0.00e+00	0.00e+00	0.00e+00	0.00e+00	9.36e-01	4.22e-04	4.77e-04
 5.72384e+19	9.39e-01	6.07e-02	4.65e-06	0.00e+00	0.00e+00	0.00e+00	0.00e+00	0.00e+00	0.00e+00	9.38e-01	4.19e-04	4.73e-04
 5.72440e+19	9.42e-01	5.82e-02	4.12e-06	0.00e+00	0.00e+00	0.00e+00	0.00e+00	0.00e+00	0.00e+00	9.41e-01	4.16e-04	4.69e-04
 5.72495e+19	9.44e-01	5.59e-02	3.65e-06	0.00e+00	0.00e+00	0.00e+00	0.00e+00	0.00e+00	0.00e+00	9.43e-01	4.13e-04	4.66e-04
 5.72549e+19	9.46e-01	5.37e-02	3.24e-06	0.00e+00	0.00e+00	0.00e+00	0.00e+00	0.00e+00	0.00e+00	9.45e-01	4.11e-04	4.62e-04
 5.72603e+19	9.48e-01	5.15e-02	2.88e-06	0.00e+00	0.00e+00	0.00e+00	0.00e+00	0.00e+00	0.00e+00	9.48e-01	4.08e-04	4.59e-04
 5.72656e+19	9.50e-01	4.95e-02	2.55e-06	0.00e+00	0.00e+00	0.00e+00	0.00e+00	0.00e+00	0.00e+00	9.50e-01	4.06e-04	4.56e-04
 5.72709e+19	9.52e-01	4.75e-02	2.27e-06	0.00e+00	0.00e+00	0.00e+00	0.00e+00	0.00e+00	0.00e+00	9.52e-01	4.03e-04	4.53e-04
 5.72761e+19	9.54e-01	4.57e-02	2.02e-06	0.00e+00	0.00e+00	0.00e+00	0.00e+00	0.00e+00	0.00e+00	9.53e-01	4.01e-04	4.51e-04
 5.72813e+19	9.56e-01	4.39e-02	1.80e-06	0.00e+00	0.00e+00	0.00e+00	0.00e+00	0.00e+00	0.00e+00	9.55e-01	3.99e-04	4.48e-04
 5.72864e+19	9.58e-01	4.22e-02	1.60e-06	0.00e+00	0.00e+00	0.00e+00	0.00e+00	0.00e+00	0.00e+00	9.57e-01	3.97e-04	4.46e-04
 5.72915e+19	9.59e-01	4.05e-02	1.42e-06	0.00e+00	0.00e+00	0.00e+00	0.00e+00	0.00e+00	0.00e+00	9.59e-01	3.95e-04	4.43e-04
 5.72964e+19	9.61e-01	3.89e-02	1.27e-06	0.00e+00	0.00e+00	0.00e+00	0.00e+00	0.00e+00	0.00e+00	9.60e-01	3.94e-04	4.41e-04
 5.73014e+19	9.63e-01	3.74e-02	1.13e-06	0.00e+00	0.00e+00	0.00e+00	0.00e+00	0.00e+00	0.00e+00	9.62e-01	3.92e-04	4.39e-04
 5.73063e+19	9.64e-01	3.60e-02	1.01e-06	0.00e+00	0.00e+00	0.00e+00	0.00e+00	0.00e+00	0.00e+00	9.63e-01	3.91e-04	4.37e-04
 5.73111e+19	9.65e-01	3.46e-02	8.99e-07	0.00e+00	0.00e+00	0.00e+00	0.00e+00	0.00e+00	0.00e+00	9.65e-01	3.89e-04	4.36e-04
 5.73159e+19	9.67e-01	3.32e-02	8.02e-07	0.00e+00	0.00e+00	0.00e+00	0.00e+00	0.00e+00	0.00e+00	9.66e-01	3.88e-04	4.34e-04
 5.73206e+19	9.68e-01	3.19e-02	7.16e-07	0.00e+00	0.00e+00	0.00e+00	0.00e+00	0.00e+00	0.00e+00	9.67e-01	3.87e-04	4.33e-04
 5.73252e+19	9.69e-01	3.07e-02	6.40e-07	0.00e+00	0.00e+00	0.00e+00	0.00e+00	0.00e+00	0.00e+00	9.68e-01	3.86e-04	4.31e-04
 5.73298e+19	9.70e-01	2.95e-02	5.72e-07	0.00e+00	0.00e+00	0.00e+00	0.00e+00	0.00e+00	0.00e+00	9.70e-01	3.86e-04	4.30e-04
 5.73343e+19	9.72e-01	2.84e-02	5.12e-07	0.00e+00	0.00e+00	0.00e+00	0.00e+00	0.00e+00	0.00e+00	9.71e-01	3.85e-04	4.30e-04
 5.73388e+19	9.73e-01	2.73e-02	4.58e-07	0.00e+00	0.00e+00	0.00e+00	0.00e+00	0.00e+00	0.00e+00	9.72e-01	3.85e-04	4.29e-04
 5.73431e+19	9.74e-01	2.62e-02	4.10e-07	0.00e+00	0.00e+00	0.00e+00	0.00e+00	0.00e+00	0.00e+00	9.73e-01	3.85e-04	4.29e-04
 5.73474e+19	9.75e-01	2.52e-02	3.68e-07	0.00e+00	0.00e+00	0.00e+00	0.00e+00	0.00e+00	0.00e+00	9.74e-01	3.85e-04	4.29e-04
 5.73516e+19	9.76e-01	2.42e-02	3.30e-07	0.00e+00	0.00e+00	0.00e+00	0.00e+00	0.00e+00	0.00e+00	9.75e-01	3.85e-04	4.29e-04
 5.73556e+19	9.77e-01	2.33e-02	2.97e-07	0.00e+00	0.00e+00	0.00e+00	0.00e+00	0.00e+00	0.00e+00	9.76e-01	3.86e-04	4.29e-04
 5.73596e+19	9.78e-01	2.24e-02	2.66e-07	0.00e+00	0.00e+00	0.00e+00	0.00e+00	0.00e+00	0.00e+00	9.77e-01	3.87e-04	4.29e-04
 5.73635e+19	9.79e-01	2.14e-02	2.39e-07	0.00e+00	0.00e+00	0.00e+00	0.00e+00	0.00e+00	0.00e+00	9.78e-01	3.88e-04	4.30e-04
 5.73672e+19	9.79e-01	2.05e-02	2.15e-07	0.00e+00	0.00e+00	0.00e+00	0.00e+00	0.00e+00	0.00e+00	9.79e-01	3.90e-04	4.31e-04
 5.73707e+19	9.80e-01	1.97e-02	1.94e-07	0.00e+00	0.00e+00	0.00e+00	0.00e+00	0.00e+00	0.00e+00	9.79e-01	3.92e-04	4.33e-04
 5.73740e+19	9.81e-01	1.89e-02	1.75e-07	0.00e+00	0.00e+00	0.00e+00	0.00e+00	0.00e+00	0.00e+00	9.80e-01	3.95e-04	4.36e-04
 5.73769e+19	9.82e-01	1.81e-02	1.59e-07	0.00e+00	0.00e+00	0.00e+00	0.00e+00	0.00e+00	0.00e+00	9.81e-01	3.99e-04	4.39e-04
 5.73794e+19	9.83e-01	1.74e-02	1.45e-07	0.00e+00	0.00e+00	0.00e+00	0.00e+00	0.00e+00	0.00e+00	9.82e-01	4.04e-04	4.43e-04
 5.73814e+19	9.83e-01	1.67e-02	1.35e-07	0.00e+00	0.00e+00	0.00e+00	0.00e+00	0.00e+00	0.00e+00	9.82e-01	4.08e-04	4.47e-04
 5.73829e+19	9.84e-01	1.62e-02	1.26e-07	0.00e+00	0.00e+00	0.00e+00	0.00e+00	0.00e+00	0.00e+00	9.83e-01	4.13e-04	4.52e-04
 5.73841e+19	9.84e-01	1.57e-02	1.20e-07	0.00e+00	0.00e+00	0.00e+00	0.00e+00	0.00e+00	0.00e+00	9.83e-01	4.18e-04	4.56e-04
 5.73851e+19	9.85e-01	1.53e-02	1.14e-07	0.00e+00	0.00e+00	0.00e+00	0.00e+00	0.00e+00	0.00e+00	9.84e-01	4.23e-04	4.61e-04
 5.73859e+19	9.85e-01	1.48e-02	1.08e-07	0.00e+00	0.00e+00	0.00e+00	0.00e+00	0.00e+00	0.00e+00	9.84e-01	4.29e-04	4.66e-04
 5.73867e+19	9.86e-01	1.44e-02	1.03e-07	0.00e+00	0.00e+00	0.00e+00	0.00e+00	0.00e+00	0.00e+00	9.85e-01	4.34e-04	4.72e-04
 5.73873e+19	9.86e-01	1.40e-02	9.88e-08	0.00e+00	0.00e+00	0.00e+00	0.00e+00	0.00e+00	0.00e+00	9.85e-01	4.41e-04	4.78e-04
 5.73879e+19	9.86e-01	1.35e-02	9.40e-08	0.00e+00	0.00e+00	0.00e+00	0.00e+00	0.00e+00	0.00e+00	9.86e-01	4.48e-04	4.85e-04
 5.73885e+19	9.87e-01	1.26e-02	8.59e-08	0.00e+00	0.00e+00	0.00e+00	0.00e+00	0.00e+00	0.00e+00	9.86e-01	4.65e-04	5.01e-04
 5.73890e+19	9.96e-01	3.50e-03	1.55e-08	0.00e+00	0.00e+00	0.00e+00	0.00e+00	0.00e+00	0.00e+00	9.95e-01	5.64e-04	5.64e-04
