#depth	C	C+	C+2	C+3	C+4	C+5	C+6	C[1]	C[2]	C[3]	C+[1]	C+[2]	CO
 1.24408e+15	1.55e-11	1.05e-05	8.86e-02	9.02e-01	9.27e-03	0.00e+00	0.00e+00	1.81e-12	5.83e-12	7.83e-12	6.04e-06	4.42e-06	1.18e-36
 7.46445e+15	1.55e-11	1.05e-05	8.85e-02	9.02e-01	9.24e-03	0.00e+00	0.00e+00	1.81e-12	5.83e-12	7.83e-12	6.04e-06	4.42e-06	1.19e-36
 3.23460e+16	1.57e-11	1.06e-05	8.91e-02	9.02e-01	9.10e-03	0.00e+00	0.00e+00	1.84e-12	5.92e-12	7.94e-12	6.12e-06	4.46e-06	1.23e-36
 1.27603e+17	1.61e-11	1.08e-05	8.98e-02	9.01e-01	8.70e-03	0.00e+00	0.00e+00	1.89e-12	6.09e-12	8.10e-12	6.28e-06	4.48e-06	1.33e-36
 2.81321e+17	1.80e-11	1.16e-05	9.30e-02	8.99e-01	7.94e-03	0.00e+00	0.00e+00	2.12e-12	6.86e-12	9.00e-12	6.93e-06	4.67e-06	1.76e-36
 4.41188e+17	2.01e-11	1.25e-05	9.64e-02	8.96e-01	7.25e-03	0.00e+00	0.00e+00	2.38e-12	7.72e-12	1.00e-11	7.61e-06	4.90e-06	2.33e-36
 6.07450e+17	2.24e-11	1.35e-05	9.98e-02	8.94e-01	6.60e-03	0.00e+00	0.00e+00	2.67e-12	8.66e-12	1.11e-11	8.34e-06	5.14e-06	3.06e-36
 7.80362e+17	2.51e-11	1.45e-05	1.03e-01	8.91e-01	6.00e-03	0.00e+00	0.00e+00	2.99e-12	9.75e-12	1.23e-11	9.14e-06	5.38e-06	4.03e-36
 9.60191e+17	2.80e-11	1.57e-05	1.07e-01	8.87e-01	5.44e-03	0.00e+00	0.00e+00	3.36e-12	1.10e-11	1.37e-11	1.00e-05	5.63e-06	5.31e-36
 1.14721e+18	3.13e-11	1.69e-05	1.11e-01	8.84e-01	4.93e-03	0.00e+00	0.00e+00	3.77e-12	1.23e-11	1.52e-11	1.10e-05	5.88e-06	6.95e-36
 1.34172e+18	3.49e-11	1.81e-05	1.15e-01	8.81e-01	4.45e-03	0.00e+00	0.00e+00	4.23e-12	1.39e-11	1.68e-11	1.20e-05	6.14e-06	9.11e-36
 1.54400e+18	3.90e-11	1.95e-05	1.19e-01	8.77e-01	4.02e-03	0.00e+00	0.00e+00	4.74e-12	1.56e-11	1.87e-11	1.31e-05	6.39e-06	1.19e-35
 1.75437e+18	4.35e-11	2.10e-05	1.23e-01	8.73e-01	3.61e-03	0.00e+00	0.00e+00	5.32e-12	1.75e-11	2.07e-11	1.44e-05	6.66e-06	1.56e-35
 1.97316e+18	4.85e-11	2.26e-05	1.27e-01	8.69e-01	3.24e-03	0.00e+00	0.00e+00	5.97e-12	1.97e-11	2.29e-11	1.57e-05	6.92e-06	2.03e-35
 2.20070e+18	5.42e-11	2.43e-05	1.32e-01	8.65e-01	2.90e-03	0.00e+00	0.00e+00	6.70e-12	2.21e-11	2.54e-11	1.71e-05	7.19e-06	2.65e-35
 2.43734e+18	6.04e-11	2.61e-05	1.36e-01	8.61e-01	2.60e-03	0.00e+00	0.00e+00	7.52e-12	2.48e-11	2.80e-11	1.86e-05	7.46e-06	3.45e-35
 2.68345e+18	6.74e-11	2.81e-05	1.41e-01	8.57e-01	2.31e-03	0.00e+00	0.00e+00	8.44e-12	2.79e-11	3.10e-11	2.03e-05	7.74e-06	4.50e-35
 2.93940e+18	7.51e-11	3.02e-05	1.46e-01	8.52e-01	2.06e-03	0.00e+00	0.00e+00	9.48e-12	3.13e-11	3.43e-11	2.21e-05	8.01e-06	5.83e-35
 3.20559e+18	8.38e-11	3.24e-05	1.51e-01	8.48e-01	1.83e-03	0.00e+00	0.00e+00	1.06e-11	3.52e-11	3.79e-11	2.41e-05	8.30e-06	7.59e-35
 3.48243e+18	9.35e-11	3.48e-05	1.56e-01	8.43e-01	1.63e-03	0.00e+00	0.00e+00	1.20e-11	3.96e-11	4.19e-11	2.63e-05	8.58e-06	9.86e-35
 3.77034e+18	1.04e-10	3.75e-05	1.61e-01	8.38e-01	1.44e-03	0.00e+00	0.00e+00	1.35e-11	4.46e-11	4.64e-11	2.86e-05	8.88e-06	1.29e-34
 4.06977e+18	1.16e-10	4.02e-05	1.66e-01	8.32e-01	1.28e-03	0.00e+00	0.00e+00	1.52e-11	5.01e-11	5.12e-11	3.11e-05	9.17e-06	1.67e-34
 4.38118e+18	1.30e-10	4.32e-05	1.72e-01	8.27e-01	1.13e-03	0.00e+00	0.00e+00	1.71e-11	5.64e-11	5.66e-11	3.38e-05	9.47e-06	2.18e-34
 4.70504e+18	1.45e-10	4.65e-05	1.77e-01	8.22e-01	9.99e-04	0.00e+00	0.00e+00	1.92e-11	6.34e-11	6.25e-11	3.67e-05	9.78e-06	2.83e-34
 5.04185e+18	1.62e-10	5.00e-05	1.83e-01	8.16e-01	8.82e-04	0.00e+00	0.00e+00	2.17e-11	7.14e-11	6.92e-11	3.99e-05	1.01e-05	3.71e-34
 5.39214e+18	1.81e-10	5.37e-05	1.89e-01	8.10e-01	7.81e-04	0.00e+00	0.00e+00	2.45e-11	8.03e-11	7.64e-11	4.33e-05	1.04e-05	4.82e-34
 5.75644e+18	2.02e-10	5.77e-05	1.95e-01	8.04e-01	6.90e-04	0.00e+00	0.00e+00	2.76e-11	9.04e-11	8.43e-11	4.69e-05	1.07e-05	6.30e-34
 6.13531e+18	2.26e-10	6.19e-05	2.02e-01	7.98e-01	6.11e-04	0.00e+00	0.00e+00	3.11e-11	1.02e-10	9.31e-11	5.09e-05	1.11e-05	8.23e-34
 6.52934e+18	2.53e-10	6.66e-05	2.08e-01	7.91e-01	5.40e-04	0.00e+00	0.00e+00	3.52e-11	1.15e-10	1.03e-10	5.52e-05	1.14e-05	1.08e-33
 6.93913e+18	2.82e-10	7.15e-05	2.15e-01	7.84e-01	4.78e-04	0.00e+00	0.00e+00	3.98e-11	1.29e-10	1.13e-10	5.97e-05	1.17e-05	1.41e-33
 7.36530e+18	3.15e-10	7.67e-05	2.22e-01	7.78e-01	4.24e-04	0.00e+00	0.00e+00	4.49e-11	1.45e-10	1.25e-10	6.47e-05	1.21e-05	1.85e-33
 7.80853e+18	3.51e-10	8.23e-05	2.29e-01	7.71e-01	3.76e-04	0.00e+00	0.00e+00	5.08e-11	1.63e-10	1.38e-10	6.99e-05	1.24e-05	2.42e-33
 8.26949e+18	3.93e-10	8.85e-05	2.36e-01	7.64e-01	3.33e-04	0.00e+00	0.00e+00	5.75e-11	1.83e-10	1.52e-10	7.57e-05	1.28e-05	3.19e-33
 8.74888e+18	4.38e-10	9.48e-05	2.43e-01	7.56e-01	2.96e-04	0.00e+00	0.00e+00	6.50e-11	2.05e-10	1.67e-10	8.17e-05	1.31e-05	4.18e-33
 9.24745e+18	4.88e-10	1.02e-04	2.51e-01	7.49e-01	2.64e-04	0.00e+00	0.00e+00	7.35e-11	2.31e-10	1.84e-10	8.83e-05	1.34e-05	5.49e-33
 9.76596e+18	5.45e-10	1.09e-04	2.58e-01	7.42e-01	2.35e-04	0.00e+00	0.00e+00	8.32e-11	2.59e-10	2.03e-10	9.53e-05	1.38e-05	7.22e-33
 1.03052e+19	6.08e-10	1.17e-04	2.66e-01	7.34e-01	2.09e-04	0.00e+00	0.00e+00	9.43e-11	2.91e-10	2.23e-10	1.03e-04	1.42e-05	9.53e-33
 1.08660e+19	6.78e-10	1.25e-04	2.74e-01	7.26e-01	1.87e-04	0.00e+00	0.00e+00	1.07e-10	3.26e-10	2.45e-10	1.11e-04	1.45e-05	1.25e-32
 1.14493e+19	7.55e-10	1.34e-04	2.82e-01	7.18e-01	1.67e-04	0.00e+00	0.00e+00	1.21e-10	3.65e-10	2.69e-10	1.19e-04	1.49e-05	1.65e-32
 1.20559e+19	8.41e-10	1.44e-04	2.90e-01	7.10e-01	1.49e-04	0.00e+00	0.00e+00	1.37e-10	4.09e-10	2.95e-10	1.29e-04	1.53e-05	2.17e-32
 1.26867e+19	9.38e-10	1.54e-04	2.98e-01	7.01e-01	1.34e-04	0.00e+00	0.00e+00	1.55e-10	4.59e-10	3.24e-10	1.38e-04	1.57e-05	2.87e-32
 1.33428e+19	1.04e-09	1.65e-04	3.07e-01	6.93e-01	1.20e-04	0.00e+00	0.00e+00	1.76e-10	5.13e-10	3.55e-10	1.49e-04	1.60e-05	3.78e-32
 1.40251e+19	1.16e-09	1.76e-04	3.15e-01	6.84e-01	1.08e-04	0.00e+00	0.00e+00	1.99e-10	5.73e-10	3.89e-10	1.60e-04	1.64e-05	4.98e-32
 1.46959e+19	1.29e-09	1.88e-04	3.24e-01	6.76e-01	9.74e-05	0.00e+00	0.00e+00	2.24e-10	6.39e-10	4.25e-10	1.71e-04	1.68e-05	6.54e-32
 1.53095e+19	1.42e-09	2.00e-04	3.32e-01	6.68e-01	8.90e-05	0.00e+00	0.00e+00	2.51e-10	7.06e-10	4.62e-10	1.83e-04	1.72e-05	8.40e-32
 1.58617e+19	1.53e-09	2.10e-04	3.38e-01	6.61e-01	8.26e-05	0.00e+00	0.00e+00	2.75e-10	7.65e-10	4.94e-10	1.92e-04	1.75e-05	1.03e-31
 1.63587e+19	1.66e-09	2.20e-04	3.45e-01	6.55e-01	7.70e-05	0.00e+00	0.00e+00	3.00e-10	8.28e-10	5.28e-10	2.02e-04	1.79e-05	1.26e-31
 1.68060e+19	1.76e-09	2.29e-04	3.50e-01	6.50e-01	7.27e-05	0.00e+00	0.00e+00	3.22e-10	8.81e-10	5.57e-10	2.11e-04	1.81e-05	1.48e-31
 1.72086e+19	1.86e-09	2.37e-04	3.55e-01	6.45e-01	6.90e-05	0.00e+00	0.00e+00	3.44e-10	9.33e-10	5.84e-10	2.19e-04	1.84e-05	1.72e-31
 1.75709e+19	1.96e-09	2.44e-04	3.59e-01	6.41e-01	6.59e-05	0.00e+00	0.00e+00	3.64e-10	9.83e-10	6.10e-10	2.26e-04	1.86e-05	1.96e-31
 1.78970e+19	2.04e-09	2.51e-04	3.63e-01	6.37e-01	6.33e-05	0.00e+00	0.00e+00	3.83e-10	1.03e-09	6.33e-10	2.32e-04	1.88e-05	2.19e-31
 1.81905e+19	2.12e-09	2.57e-04	3.66e-01	6.33e-01	6.11e-05	0.00e+00	0.00e+00	4.01e-10	1.07e-09	6.54e-10	2.38e-04	1.90e-05	2.43e-31
 1.84546e+19	2.20e-09	2.63e-04	3.70e-01	6.30e-01	5.91e-05	0.00e+00	0.00e+00	4.18e-10	1.11e-09	6.74e-10	2.44e-04	1.92e-05	2.66e-31
 1.86923e+19	2.27e-09	2.68e-04	3.72e-01	6.27e-01	5.75e-05	0.00e+00	0.00e+00	4.33e-10	1.14e-09	6.92e-10	2.49e-04	1.93e-05	2.89e-31
 1.89091e+19	2.33e-09	2.73e-04	3.75e-01	6.25e-01	5.61e-05	0.00e+00	0.00e+00	4.47e-10	1.18e-09	7.08e-10	2.53e-04	1.95e-05	3.10e-31
 1.91174e+19	2.39e-09	2.77e-04	3.77e-01	6.23e-01	5.48e-05	0.00e+00	0.00e+00	4.61e-10	1.21e-09	7.23e-10	2.57e-04	1.96e-05	3.32e-31
 1.93257e+19	2.45e-09	2.81e-04	3.79e-01	6.20e-01	5.35e-05	0.00e+00	0.00e+00	4.74e-10	1.24e-09	7.39e-10	2.62e-04	1.97e-05	3.55e-31
 1.95340e+19	2.51e-09	2.86e-04	3.81e-01	6.18e-01	5.23e-05	0.00e+00	0.00e+00	4.88e-10	1.27e-09	7.54e-10	2.66e-04	1.98e-05	3.78e-31
 1.97423e+19	2.57e-09	2.90e-04	3.84e-01	6.16e-01	5.11e-05	0.00e+00	0.00e+00	5.03e-10	1.30e-09	7.69e-10	2.70e-04	1.99e-05	4.03e-31
 1.99507e+19	2.63e-09	2.94e-04	3.86e-01	6.14e-01	5.00e-05	0.00e+00	0.00e+00	5.17e-10	1.33e-09	7.84e-10	2.74e-04	2.00e-05	4.30e-31
 2.01590e+19	2.70e-09	2.98e-04	3.88e-01	6.12e-01	4.89e-05	0.00e+00	0.00e+00	5.32e-10	1.36e-09	8.00e-10	2.78e-04	2.01e-05	4.57e-31
 2.03673e+19	2.76e-09	3.03e-04	3.90e-01	6.10e-01	4.79e-05	0.00e+00	0.00e+00	5.47e-10	1.40e-09	8.15e-10	2.83e-04	2.02e-05	4.86e-31
 2.05756e+19	2.82e-09	3.07e-04	3.92e-01	6.08e-01	4.69e-05	0.00e+00	0.00e+00	5.62e-10	1.43e-09	8.31e-10	2.87e-04	2.03e-05	5.17e-31
 2.07558e+19	2.88e-09	3.11e-04	3.94e-01	6.06e-01	4.60e-05	0.00e+00	0.00e+00	5.76e-10	1.46e-09	8.46e-10	2.91e-04	2.03e-05	5.48e-31
