#depth	O	O+	O+2	O+3	O+4	O+5	O+6	O+7	O+8	O[1]	O[2]	O[3]
 6.40074e+13	9.65e-09	9.61e-04	9.53e-01	4.64e-02	4.07e-06	0.00e+00	0.00e+00	0.00e+00	0.00e+00	9.46e-09	9.01e-11	1.00e-10
 3.84045e+14	9.66e-09	9.62e-04	9.53e-01	4.63e-02	4.05e-06	0.00e+00	0.00e+00	0.00e+00	0.00e+00	9.47e-09	9.02e-11	1.00e-10
 1.66419e+15	9.68e-09	9.63e-04	9.53e-01	4.56e-02	3.97e-06	0.00e+00	0.00e+00	0.00e+00	0.00e+00	9.49e-09	9.05e-11	1.00e-10
 6.78479e+15	9.79e-09	9.69e-04	9.56e-01	4.29e-02	3.67e-06	0.00e+00	0.00e+00	0.00e+00	0.00e+00	9.60e-09	9.15e-11	1.01e-10
 1.62067e+16	9.98e-09	9.79e-04	9.60e-01	3.92e-02	3.24e-06	0.00e+00	0.00e+00	0.00e+00	0.00e+00	9.78e-09	9.29e-11	1.03e-10
 2.84551e+16	1.02e-08	9.92e-04	9.64e-01	3.47e-02	2.75e-06	0.00e+00	0.00e+00	0.00e+00	0.00e+00	1.00e-08	9.50e-11	1.06e-10
 4.43781e+16	1.05e-08	1.01e-03	9.69e-01	2.95e-02	2.22e-06	0.00e+00	0.00e+00	0.00e+00	0.00e+00	1.03e-08	9.76e-11	1.09e-10
 6.50781e+16	1.09e-08	1.03e-03	9.75e-01	2.38e-02	1.67e-06	0.00e+00	0.00e+00	0.00e+00	0.00e+00	1.07e-08	1.01e-10	1.13e-10
 8.93480e+16	1.14e-08	1.05e-03	9.81e-01	1.84e-02	1.19e-06	0.00e+00	0.00e+00	0.00e+00	0.00e+00	1.12e-08	1.05e-10	1.17e-10
 1.15775e+17	1.19e-08	1.08e-03	9.85e-01	1.38e-02	8.25e-07	0.00e+00	0.00e+00	0.00e+00	0.00e+00	1.17e-08	1.09e-10	1.22e-10
 1.47154e+17	1.25e-08	1.11e-03	9.89e-01	9.76e-03	5.28e-07	0.00e+00	0.00e+00	0.00e+00	0.00e+00	1.23e-08	1.14e-10	1.28e-10
 1.86985e+17	1.33e-08	1.14e-03	9.93e-01	6.24e-03	3.02e-07	0.00e+00	0.00e+00	0.00e+00	0.00e+00	1.31e-08	1.21e-10	1.36e-10
 2.37438e+17	1.43e-08	1.18e-03	9.95e-01	3.54e-03	1.53e-07	0.00e+00	0.00e+00	0.00e+00	0.00e+00	1.41e-08	1.30e-10	1.46e-10
 3.01282e+17	1.56e-08	1.23e-03	9.97e-01	1.76e-03	0.00e+00	0.00e+00	0.00e+00	0.00e+00	0.00e+00	1.53e-08	1.41e-10	1.58e-10
 3.82248e+17	1.75e-08	1.30e-03	9.98e-01	7.61e-04	0.00e+00	0.00e+00	0.00e+00	0.00e+00	0.00e+00	1.72e-08	1.58e-10	1.77e-10
 4.84529e+17	2.00e-08	1.38e-03	9.98e-01	2.95e-04	0.00e+00	0.00e+00	0.00e+00	0.00e+00	0.00e+00	1.96e-08	1.79e-10	2.01e-10
 6.13412e+17	2.36e-08	1.49e-03	9.98e-01	1.14e-04	0.00e+00	0.00e+00	0.00e+00	0.00e+00	0.00e+00	2.31e-08	2.11e-10	2.36e-10
 7.73293e+17	2.90e-08	1.63e-03	9.98e-01	5.19e-05	0.00e+00	0.00e+00	0.00e+00	0.00e+00	0.00e+00	2.85e-08	2.59e-10	2.90e-10
 9.52839e+17	3.62e-08	1.80e-03	9.98e-01	2.99e-05	0.00e+00	0.00e+00	0.00e+00	0.00e+00	0.00e+00	3.55e-08	3.22e-10	3.60e-10
 1.13957e+18	4.51e-08	1.99e-03	9.98e-01	2.00e-05	0.00e+00	0.00e+00	0.00e+00	0.00e+00	0.00e+00	4.43e-08	4.01e-10	4.48e-10
 1.29650e+18	5.43e-08	2.17e-03	9.98e-01	1.52e-05	0.00e+00	0.00e+00	0.00e+00	0.00e+00	0.00e+00	5.33e-08	4.83e-10	5.39e-10
 1.41884e+18	6.23e-08	2.30e-03	9.98e-01	1.25e-05	0.00e+00	0.00e+00	0.00e+00	0.00e+00	0.00e+00	6.11e-08	5.54e-10	6.19e-10
 1.55341e+18	7.20e-08	2.46e-03	9.98e-01	1.03e-05	0.00e+00	0.00e+00	0.00e+00	0.00e+00	0.00e+00	7.06e-08	6.40e-10	7.15e-10
 1.70876e+18	8.52e-08	2.65e-03	9.97e-01	8.30e-06	0.00e+00	0.00e+00	0.00e+00	0.00e+00	0.00e+00	8.36e-08	7.58e-10	8.47e-10
 1.87963e+18	1.02e-07	2.87e-03	9.97e-01	6.67e-06	0.00e+00	0.00e+00	0.00e+00	0.00e+00	0.00e+00	1.01e-07	9.14e-10	1.02e-09
 2.06759e+18	1.24e-07	3.13e-03	9.97e-01	5.34e-06	0.00e+00	0.00e+00	0.00e+00	0.00e+00	0.00e+00	1.22e-07	1.11e-09	1.24e-09
 2.27435e+18	1.53e-07	3.43e-03	9.97e-01	4.25e-06	0.00e+00	0.00e+00	0.00e+00	0.00e+00	0.00e+00	1.50e-07	1.37e-09	1.53e-09
 2.48896e+18	1.91e-07	3.77e-03	9.96e-01	3.40e-06	0.00e+00	0.00e+00	0.00e+00	0.00e+00	0.00e+00	1.87e-07	1.72e-09	1.92e-09
 2.69616e+18	2.33e-07	4.12e-03	9.96e-01	2.79e-06	0.00e+00	0.00e+00	0.00e+00	0.00e+00	0.00e+00	2.29e-07	2.10e-09	2.34e-09
 2.92731e+18	2.90e-07	4.52e-03	9.95e-01	2.26e-06	0.00e+00	0.00e+00	0.00e+00	0.00e+00	0.00e+00	2.84e-07	2.62e-09	2.91e-09
 3.19301e+18	3.73e-07	5.04e-03	9.95e-01	1.80e-06	0.00e+00	0.00e+00	0.00e+00	0.00e+00	0.00e+00	3.66e-07	3.39e-09	3.78e-09
 3.45089e+18	4.72e-07	5.57e-03	9.94e-01	1.47e-06	0.00e+00	0.00e+00	0.00e+00	0.00e+00	0.00e+00	4.63e-07	4.30e-09	4.79e-09
 3.71908e+18	5.98e-07	6.16e-03	9.94e-01	1.21e-06	0.00e+00	0.00e+00	0.00e+00	0.00e+00	0.00e+00	5.87e-07	5.47e-09	6.09e-09
 4.01646e+18	7.76e-07	6.87e-03	9.93e-01	9.82e-07	0.00e+00	0.00e+00	0.00e+00	0.00e+00	0.00e+00	7.61e-07	7.13e-09	7.93e-09
 4.31859e+18	1.01e-06	7.67e-03	9.92e-01	8.05e-07	0.00e+00	0.00e+00	0.00e+00	0.00e+00	0.00e+00	9.91e-07	9.32e-09	1.04e-08
 4.63281e+18	1.32e-06	8.57e-03	9.91e-01	6.63e-07	0.00e+00	0.00e+00	0.00e+00	0.00e+00	0.00e+00	1.30e-06	1.22e-08	1.36e-08
 4.96674e+18	1.76e-06	9.63e-03	9.90e-01	5.45e-07	0.00e+00	0.00e+00	0.00e+00	0.00e+00	0.00e+00	1.73e-06	1.64e-08	1.82e-08
 5.31402e+18	2.37e-06	1.09e-02	9.89e-01	4.50e-07	0.00e+00	0.00e+00	0.00e+00	0.00e+00	0.00e+00	2.32e-06	2.21e-08	2.46e-08
 5.67520e+18	3.23e-06	1.23e-02	9.88e-01	3.73e-07	0.00e+00	0.00e+00	0.00e+00	0.00e+00	0.00e+00	3.16e-06	3.02e-08	3.35e-08
 6.04166e+18	4.43e-06	1.39e-02	9.86e-01	3.11e-07	0.00e+00	0.00e+00	0.00e+00	0.00e+00	0.00e+00	4.34e-06	4.15e-08	4.61e-08
 6.39472e+18	6.01e-06	1.57e-02	9.84e-01	2.64e-07	0.00e+00	0.00e+00	0.00e+00	0.00e+00	0.00e+00	5.89e-06	5.63e-08	6.24e-08
 6.72899e+18	8.10e-06	1.76e-02	9.82e-01	2.27e-07	0.00e+00	0.00e+00	0.00e+00	0.00e+00	0.00e+00	7.94e-06	7.58e-08	8.39e-08
 7.04959e+18	1.09e-05	1.97e-02	9.80e-01	1.97e-07	0.00e+00	0.00e+00	0.00e+00	0.00e+00	0.00e+00	1.07e-05	1.02e-07	1.12e-07
 7.35641e+18	1.46e-05	2.20e-02	9.78e-01	1.73e-07	0.00e+00	0.00e+00	0.00e+00	0.00e+00	0.00e+00	1.43e-05	1.36e-07	1.50e-07
 7.64798e+18	1.95e-05	2.46e-02	9.75e-01	1.52e-07	0.00e+00	0.00e+00	0.00e+00	0.00e+00	0.00e+00	1.91e-05	1.81e-07	2.00e-07
 7.92269e+18	2.76e-05	2.82e-02	9.72e-01	1.32e-07	0.00e+00	0.00e+00	0.00e+00	0.00e+00	0.00e+00	2.71e-05	2.60e-07	2.87e-07
 8.16299e+18	3.65e-05	3.14e-02	9.69e-01	0.00e+00	0.00e+00	0.00e+00	0.00e+00	0.00e+00	0.00e+00	3.58e-05	3.41e-07	3.77e-07
 8.37392e+18	4.73e-05	3.47e-02	9.65e-01	0.00e+00	0.00e+00	0.00e+00	0.00e+00	0.00e+00	0.00e+00	4.64e-05	4.40e-07	4.86e-07
 8.61200e+18	6.51e-05	3.94e-02	9.61e-01	0.00e+00	0.00e+00	0.00e+00	0.00e+00	0.00e+00	0.00e+00	6.38e-05	6.01e-07	6.63e-07
 8.86057e+18	9.33e-05	4.56e-02	9.54e-01	0.00e+00	0.00e+00	0.00e+00	0.00e+00	0.00e+00	0.00e+00	9.15e-05	8.55e-07	9.44e-07
 9.03798e+18	1.24e-04	5.13e-02	9.49e-01	0.00e+00	0.00e+00	0.00e+00	0.00e+00	0.00e+00	0.00e+00	1.21e-04	1.13e-06	1.25e-06
 9.14724e+18	1.49e-04	5.55e-02	9.44e-01	0.00e+00	0.00e+00	0.00e+00	0.00e+00	0.00e+00	0.00e+00	1.46e-04	1.35e-06	1.49e-06
 9.25275e+18	1.82e-04	6.05e-02	9.39e-01	0.00e+00	0.00e+00	0.00e+00	0.00e+00	0.00e+00	0.00e+00	1.79e-04	1.65e-06	1.82e-06
 9.38991e+18	2.40e-04	6.83e-02	9.31e-01	0.00e+00	0.00e+00	0.00e+00	0.00e+00	0.00e+00	0.00e+00	2.36e-04	2.17e-06	2.39e-06
 9.52258e+18	3.20e-04	7.76e-02	9.22e-01	0.00e+00	0.00e+00	0.00e+00	0.00e+00	0.00e+00	0.00e+00	3.14e-04	2.88e-06	3.18e-06
 9.61500e+18	3.99e-04	8.57e-02	9.14e-01	0.00e+00	0.00e+00	0.00e+00	0.00e+00	0.00e+00	0.00e+00	3.91e-04	3.59e-06	3.96e-06
 9.68591e+18	4.78e-04	9.32e-02	9.06e-01	0.00e+00	0.00e+00	0.00e+00	0.00e+00	0.00e+00	0.00e+00	4.69e-04	4.30e-06	4.74e-06
 9.76330e+18	5.92e-04	1.03e-01	8.97e-01	0.00e+00	0.00e+00	0.00e+00	0.00e+00	0.00e+00	0.00e+00	5.81e-04	5.31e-06	5.86e-06
 9.84706e+18	7.56e-04	1.15e-01	8.84e-01	0.00e+00	0.00e+00	0.00e+00	0.00e+00	0.00e+00	0.00e+00	7.42e-04	6.79e-06	7.49e-06
 9.91592e+18	9.40e-04	1.27e-01	8.72e-01	0.00e+00	0.00e+00	0.00e+00	0.00e+00	0.00e+00	0.00e+00	9.22e-04	8.44e-06	9.31e-06
 9.96852e+18	1.13e-03	1.39e-01	8.60e-01	0.00e+00	0.00e+00	0.00e+00	0.00e+00	0.00e+00	0.00e+00	1.10e-03	1.01e-05	1.12e-05
 1.00231e+19	1.38e-03	1.53e-01	8.46e-01	0.00e+00	0.00e+00	0.00e+00	0.00e+00	0.00e+00	0.00e+00	1.35e-03	1.24e-05	1.37e-05
 1.00815e+19	1.73e-03	1.70e-01	8.29e-01	0.00e+00	0.00e+00	0.00e+00	0.00e+00	0.00e+00	0.00e+00	1.69e-03	1.55e-05	1.71e-05
 1.01308e+19	2.12e-03	1.87e-01	8.11e-01	0.00e+00	0.00e+00	0.00e+00	0.00e+00	0.00e+00	0.00e+00	2.08e-03	1.91e-05	2.10e-05
 1.01717e+19	2.55e-03	2.04e-01	7.94e-01	0.00e+00	0.00e+00	0.00e+00	0.00e+00	0.00e+00	0.00e+00	2.50e-03	2.30e-05	2.53e-05
 1.02100e+19	3.05e-03	2.21e-01	7.75e-01	0.00e+00	0.00e+00	0.00e+00	0.00e+00	0.00e+00	0.00e+00	2.99e-03	2.76e-05	3.04e-05
 1.02536e+19	3.82e-03	2.46e-01	7.50e-01	0.00e+00	0.00e+00	0.00e+00	0.00e+00	0.00e+00	0.00e+00	3.75e-03	3.47e-05	3.82e-05
 1.02977e+19	4.85e-03	2.74e-01	7.21e-01	0.00e+00	0.00e+00	0.00e+00	0.00e+00	0.00e+00	0.00e+00	4.76e-03	4.40e-05	4.86e-05
 1.03316e+19	5.92e-03	3.00e-01	6.94e-01	0.00e+00	0.00e+00	0.00e+00	0.00e+00	0.00e+00	0.00e+00	5.81e-03	5.39e-05	5.95e-05
 1.03592e+19	7.04e-03	3.24e-01	6.69e-01	0.00e+00	0.00e+00	0.00e+00	0.00e+00	0.00e+00	0.00e+00	6.91e-03	6.43e-05	7.09e-05
 1.03893e+19	8.61e-03	3.54e-01	6.37e-01	0.00e+00	0.00e+00	0.00e+00	0.00e+00	0.00e+00	0.00e+00	8.44e-03	7.88e-05	8.68e-05
 1.04217e+19	1.08e-02	3.91e-01	5.99e-01	0.00e+00	0.00e+00	0.00e+00	0.00e+00	0.00e+00	0.00e+00	1.06e-02	9.92e-05	1.09e-04
 1.04489e+19	1.33e-02	4.25e-01	5.62e-01	0.00e+00	0.00e+00	0.00e+00	0.00e+00	0.00e+00	0.00e+00	1.30e-02	1.22e-04	1.35e-04
 1.04714e+19	1.59e-02	4.57e-01	5.27e-01	0.00e+00	0.00e+00	0.00e+00	0.00e+00	0.00e+00	0.00e+00	1.56e-02	1.47e-04	1.62e-04
 1.04955e+19	1.96e-02	4.95e-01	4.86e-01	0.00e+00	0.00e+00	0.00e+00	0.00e+00	0.00e+00	0.00e+00	1.92e-02	1.81e-04	2.00e-04
 1.05210e+19	2.46e-02	5.37e-01	4.38e-01	0.00e+00	0.00e+00	0.00e+00	0.00e+00	0.00e+00	0.00e+00	2.41e-02	2.28e-04	2.52e-04
 1.05421e+19	3.01e-02	5.76e-01	3.94e-01	0.00e+00	0.00e+00	0.00e+00	0.00e+00	0.00e+00	0.00e+00	2.95e-02	2.80e-04	3.09e-04
 1.05596e+19	3.60e-02	6.09e-01	3.55e-01	0.00e+00	0.00e+00	0.00e+00	0.00e+00	0.00e+00	0.00e+00	3.53e-02	3.36e-04	3.70e-04
 1.05785e+19	4.42e-02	6.46e-01	3.10e-01	0.00e+00	0.00e+00	0.00e+00	0.00e+00	0.00e+00	0.00e+00	4.34e-02	4.15e-04	4.57e-04
 1.05985e+19	5.55e-02	6.83e-01	2.61e-01	0.00e+00	0.00e+00	0.00e+00	0.00e+00	0.00e+00	0.00e+00	5.44e-02	5.22e-04	5.75e-04
 1.06151e+19	6.79e-02	7.13e-01	2.20e-01	0.00e+00	0.00e+00	0.00e+00	0.00e+00	0.00e+00	0.00e+00	6.65e-02	6.39e-04	7.06e-04
 1.06289e+19	8.11e-02	7.34e-01	1.85e-01	0.00e+00	0.00e+00	0.00e+00	0.00e+00	0.00e+00	0.00e+00	7.95e-02	7.64e-04	8.43e-04
 1.06402e+19	9.41e-02	7.48e-01	1.58e-01	0.00e+00	0.00e+00	0.00e+00	0.00e+00	0.00e+00	0.00e+00	9.22e-02	8.88e-04	9.80e-04
 1.06487e+19	1.06e-01	7.56e-01	1.38e-01	0.00e+00	0.00e+00	0.00e+00	0.00e+00	0.00e+00	0.00e+00	1.04e-01	9.97e-04	1.10e-03
 1.06575e+19	1.20e-01	7.63e-01	1.17e-01	0.00e+00	0.00e+00	0.00e+00	0.00e+00	0.00e+00	0.00e+00	1.18e-01	1.14e-03	1.25e-03
 1.06668e+19	1.38e-01	7.65e-01	9.74e-02	0.00e+00	0.00e+00	0.00e+00	0.00e+00	0.00e+00	0.00e+00	1.35e-01	1.30e-03	1.44e-03
 1.06744e+19	1.55e-01	7.63e-01	8.21e-02	0.00e+00	0.00e+00	0.00e+00	0.00e+00	0.00e+00	0.00e+00	1.52e-01	1.46e-03	1.61e-03
 1.06806e+19	1.71e-01	7.59e-01	7.04e-02	0.00e+00	0.00e+00	0.00e+00	0.00e+00	0.00e+00	0.00e+00	1.67e-01	1.61e-03	1.77e-03
 1.06873e+19	1.91e-01	7.51e-01	5.84e-02	0.00e+00	0.00e+00	0.00e+00	0.00e+00	0.00e+00	0.00e+00	1.87e-01	1.79e-03	1.98e-03
 1.06943e+19	2.14e-01	7.39e-01	4.74e-02	0.00e+00	0.00e+00	0.00e+00	0.00e+00	0.00e+00	0.00e+00	2.10e-01	2.00e-03	2.21e-03
 1.06999e+19	2.35e-01	7.25e-01	3.93e-02	0.00e+00	0.00e+00	0.00e+00	0.00e+00	0.00e+00	0.00e+00	2.31e-01	2.19e-03	2.42e-03
 1.07046e+19	2.55e-01	7.11e-01	3.32e-02	0.00e+00	0.00e+00	0.00e+00	0.00e+00	0.00e+00	0.00e+00	2.50e-01	2.36e-03	2.61e-03
 1.07097e+19	2.80e-01	6.93e-01	2.71e-02	0.00e+00	0.00e+00	0.00e+00	0.00e+00	0.00e+00	0.00e+00	2.74e-01	2.57e-03	2.84e-03
 1.07150e+19	3.08e-01	6.71e-01	2.16e-02	0.00e+00	0.00e+00	0.00e+00	0.00e+00	0.00e+00	0.00e+00	3.02e-01	2.80e-03	3.10e-03
 1.07195e+19	3.34e-01	6.49e-01	1.76e-02	0.00e+00	0.00e+00	0.00e+00	0.00e+00	0.00e+00	0.00e+00	3.27e-01	3.01e-03	3.33e-03
 1.07233e+19	3.57e-01	6.28e-01	1.46e-02	0.00e+00	0.00e+00	0.00e+00	0.00e+00	0.00e+00	0.00e+00	3.51e-01	3.19e-03	3.54e-03
 1.07275e+19	3.86e-01	6.03e-01	1.16e-02	0.00e+00	0.00e+00	0.00e+00	0.00e+00	0.00e+00	0.00e+00	3.79e-01	3.41e-03	3.77e-03
 1.07319e+19	4.18e-01	5.73e-01	8.99e-03	0.00e+00	0.00e+00	0.00e+00	0.00e+00	0.00e+00	0.00e+00	4.11e-01	3.63e-03	4.03e-03
 1.07356e+19	4.47e-01	5.46e-01	7.14e-03	0.00e+00	0.00e+00	0.00e+00	0.00e+00	0.00e+00	0.00e+00	4.39e-01	3.82e-03	4.24e-03
 1.07388e+19	4.74e-01	5.21e-01	5.77e-03	0.00e+00	0.00e+00	0.00e+00	0.00e+00	0.00e+00	0.00e+00	4.65e-01	3.98e-03	4.42e-03
 1.07419e+19	5.00e-01	4.95e-01	4.63e-03	0.00e+00	0.00e+00	0.00e+00	0.00e+00	0.00e+00	0.00e+00	4.92e-01	4.14e-03	4.59e-03
 1.07449e+19	5.27e-01	4.69e-01	3.70e-03	0.00e+00	0.00e+00	0.00e+00	0.00e+00	0.00e+00	0.00e+00	5.18e-01	4.28e-03	4.75e-03
 1.07476e+19	5.52e-01	4.45e-01	2.99e-03	0.00e+00	0.00e+00	0.00e+00	0.00e+00	0.00e+00	0.00e+00	5.43e-01	4.39e-03	4.88e-03
 1.07500e+19	5.74e-01	4.23e-01	2.45e-03	0.00e+00	0.00e+00	0.00e+00	0.00e+00	0.00e+00	0.00e+00	5.65e-01	4.48e-03	4.98e-03
 1.07522e+19	5.95e-01	4.03e-01	2.03e-03	0.00e+00	0.00e+00	0.00e+00	0.00e+00	0.00e+00	0.00e+00	5.85e-01	4.56e-03	5.07e-03
 1.07539e+19	6.10e-01	3.88e-01	1.76e-03	0.00e+00	0.00e+00	0.00e+00	0.00e+00	0.00e+00	0.00e+00	6.01e-01	4.61e-03	5.13e-03
 1.07551e+19	6.21e-01	3.77e-01	1.58e-03	0.00e+00	0.00e+00	0.00e+00	0.00e+00	0.00e+00	0.00e+00	6.11e-01	4.64e-03	5.16e-03
 1.07562e+19	6.32e-01	3.67e-01	1.42e-03	0.00e+00	0.00e+00	0.00e+00	0.00e+00	0.00e+00	0.00e+00	6.22e-01	4.67e-03	5.19e-03
 1.07576e+19	6.44e-01	3.54e-01	1.25e-03	0.00e+00	0.00e+00	0.00e+00	0.00e+00	0.00e+00	0.00e+00	6.34e-01	4.70e-03	5.23e-03
 1.07589e+19	6.57e-01	3.42e-01	1.10e-03	0.00e+00	0.00e+00	0.00e+00	0.00e+00	0.00e+00	0.00e+00	6.47e-01	4.72e-03	5.25e-03
 1.07602e+19	6.69e-01	3.30e-01	9.68e-04	0.00e+00	0.00e+00	0.00e+00	0.00e+00	0.00e+00	0.00e+00	6.59e-01	4.75e-03	5.28e-03
 1.07614e+19	6.80e-01	3.19e-01	8.58e-04	0.00e+00	0.00e+00	0.00e+00	0.00e+00	0.00e+00	0.00e+00	6.70e-01	4.76e-03	5.29e-03
 1.07625e+19	6.91e-01	3.08e-01	7.59e-04	0.00e+00	0.00e+00	0.00e+00	0.00e+00	0.00e+00	0.00e+00	6.81e-01	4.77e-03	5.30e-03
 1.07637e+19	7.03e-01	2.97e-01	6.67e-04	0.00e+00	0.00e+00	0.00e+00	0.00e+00	0.00e+00	0.00e+00	6.93e-01	4.78e-03	5.32e-03
 1.07649e+19	7.14e-01	2.86e-01	5.88e-04	0.00e+00	0.00e+00	0.00e+00	0.00e+00	0.00e+00	0.00e+00	7.04e-01	4.78e-03	5.31e-03
 1.07660e+19	7.24e-01	2.75e-01	5.18e-04	0.00e+00	0.00e+00	0.00e+00	0.00e+00	0.00e+00	0.00e+00	7.14e-01	4.78e-03	5.31e-03
 1.07671e+19	7.35e-01	2.65e-01	4.55e-04	0.00e+00	0.00e+00	0.00e+00	0.00e+00	0.00e+00	0.00e+00	7.24e-01	4.77e-03	5.31e-03
 1.07682e+19	7.45e-01	2.55e-01	4.00e-04	0.00e+00	0.00e+00	0.00e+00	0.00e+00	0.00e+00	0.00e+00	7.35e-01	4.76e-03	5.29e-03
 1.07693e+19	7.54e-01	2.45e-01	3.51e-04	0.00e+00	0.00e+00	0.00e+00	0.00e+00	0.00e+00	0.00e+00	7.44e-01	4.74e-03	5.27e-03
 1.07704e+19	7.64e-01	2.36e-01	3.09e-04	0.00e+00	0.00e+00	0.00e+00	0.00e+00	0.00e+00	0.00e+00	7.54e-01	4.72e-03	5.25e-03
 1.07715e+19	7.73e-01	2.26e-01	2.71e-04	0.00e+00	0.00e+00	0.00e+00	0.00e+00	0.00e+00	0.00e+00	7.63e-01	4.69e-03	5.22e-03
 1.07725e+19	7.82e-01	2.17e-01	2.37e-04	0.00e+00	0.00e+00	0.00e+00	0.00e+00	0.00e+00	0.00e+00	7.72e-01	4.67e-03	5.19e-03
 1.07735e+19	7.91e-01	2.09e-01	2.08e-04	0.00e+00	0.00e+00	0.00e+00	0.00e+00	0.00e+00	0.00e+00	7.81e-01	4.64e-03	5.16e-03
 1.07746e+19	8.00e-01	2.00e-01	1.82e-04	0.00e+00	0.00e+00	0.00e+00	0.00e+00	0.00e+00	0.00e+00	7.90e-01	4.61e-03	5.13e-03
 1.07756e+19	8.08e-01	1.92e-01	1.59e-04	0.00e+00	0.00e+00	0.00e+00	0.00e+00	0.00e+00	0.00e+00	7.98e-01	4.57e-03	5.09e-03
 1.07766e+19	8.16e-01	1.84e-01	1.39e-04	0.00e+00	0.00e+00	0.00e+00	0.00e+00	0.00e+00	0.00e+00	8.06e-01	4.54e-03	5.05e-03
 1.07776e+19	8.23e-01	1.76e-01	1.22e-04	0.00e+00	0.00e+00	0.00e+00	0.00e+00	0.00e+00	0.00e+00	8.14e-01	4.50e-03	5.01e-03
 1.07785e+19	8.31e-01	1.69e-01	1.06e-04	0.00e+00	0.00e+00	0.00e+00	0.00e+00	0.00e+00	0.00e+00	8.21e-01	4.46e-03	4.96e-03
 1.07795e+19	8.38e-01	1.62e-01	9.26e-05	0.00e+00	0.00e+00	0.00e+00	0.00e+00	0.00e+00	0.00e+00	8.29e-01	4.42e-03	4.92e-03
 1.07805e+19	8.45e-01	1.55e-01	8.07e-05	0.00e+00	0.00e+00	0.00e+00	0.00e+00	0.00e+00	0.00e+00	8.36e-01	4.38e-03	4.87e-03
 1.07814e+19	8.52e-01	1.48e-01	7.03e-05	0.00e+00	0.00e+00	0.00e+00	0.00e+00	0.00e+00	0.00e+00	8.43e-01	4.34e-03	4.83e-03
 1.07823e+19	8.58e-01	1.42e-01	6.13e-05	0.00e+00	0.00e+00	0.00e+00	0.00e+00	0.00e+00	0.00e+00	8.49e-01	4.30e-03	4.78e-03
 1.07833e+19	8.64e-01	1.36e-01	5.34e-05	0.00e+00	0.00e+00	0.00e+00	0.00e+00	0.00e+00	0.00e+00	8.55e-01	4.26e-03	4.73e-03
 1.07842e+19	8.70e-01	1.30e-01	4.65e-05	0.00e+00	0.00e+00	0.00e+00	0.00e+00	0.00e+00	0.00e+00	8.61e-01	4.22e-03	4.68e-03
 1.07851e+19	8.76e-01	1.24e-01	4.06e-05	0.00e+00	0.00e+00	0.00e+00	0.00e+00	0.00e+00	0.00e+00	8.67e-01	4.18e-03	4.64e-03
 1.07859e+19	8.81e-01	1.19e-01	3.55e-05	0.00e+00	0.00e+00	0.00e+00	0.00e+00	0.00e+00	0.00e+00	8.72e-01	4.14e-03	4.59e-03
 1.07868e+19	8.86e-01	1.14e-01	3.10e-05	0.00e+00	0.00e+00	0.00e+00	0.00e+00	0.00e+00	0.00e+00	8.78e-01	4.10e-03	4.54e-03
 1.07876e+19	8.91e-01	1.09e-01	2.72e-05	0.00e+00	0.00e+00	0.00e+00	0.00e+00	0.00e+00	0.00e+00	8.83e-01	4.06e-03	4.50e-03
 1.07885e+19	8.96e-01	1.04e-01	2.38e-05	0.00e+00	0.00e+00	0.00e+00	0.00e+00	0.00e+00	0.00e+00	8.87e-01	4.02e-03	4.45e-03
 1.07893e+19	9.00e-01	9.99e-02	2.09e-05	0.00e+00	0.00e+00	0.00e+00	0.00e+00	0.00e+00	0.00e+00	8.92e-01	3.98e-03	4.41e-03
 1.07901e+19	9.04e-01	9.57e-02	1.83e-05	0.00e+00	0.00e+00	0.00e+00	0.00e+00	0.00e+00	0.00e+00	8.96e-01	3.94e-03	4.37e-03
 1.07909e+19	9.08e-01	9.17e-02	1.61e-05	0.00e+00	0.00e+00	0.00e+00	0.00e+00	0.00e+00	0.00e+00	9.00e-01	3.91e-03	4.32e-03
 1.07916e+19	9.12e-01	8.79e-02	1.41e-05	0.00e+00	0.00e+00	0.00e+00	0.00e+00	0.00e+00	0.00e+00	9.04e-01	3.87e-03	4.28e-03
 1.07924e+19	9.16e-01	8.42e-02	1.24e-05	0.00e+00	0.00e+00	0.00e+00	0.00e+00	0.00e+00	0.00e+00	9.08e-01	3.84e-03	4.24e-03
 1.07931e+19	9.19e-01	8.08e-02	1.09e-05	0.00e+00	0.00e+00	0.00e+00	0.00e+00	0.00e+00	0.00e+00	9.11e-01	3.80e-03	4.20e-03
 1.07939e+19	9.23e-01	7.74e-02	9.63e-06	0.00e+00	0.00e+00	0.00e+00	0.00e+00	0.00e+00	0.00e+00	9.15e-01	3.77e-03	4.17e-03
 1.07946e+19	9.26e-01	7.43e-02	8.49e-06	0.00e+00	0.00e+00	0.00e+00	0.00e+00	0.00e+00	0.00e+00	9.18e-01	3.74e-03	4.13e-03
 1.07953e+19	9.29e-01	7.12e-02	7.49e-06	0.00e+00	0.00e+00	0.00e+00	0.00e+00	0.00e+00	0.00e+00	9.21e-01	3.71e-03	4.09e-03
 1.07960e+19	9.32e-01	6.84e-02	6.61e-06	0.00e+00	0.00e+00	0.00e+00	0.00e+00	0.00e+00	0.00e+00	9.24e-01	3.68e-03	4.06e-03
 1.07967e+19	9.34e-01	6.56e-02	5.84e-06	0.00e+00	0.00e+00	0.00e+00	0.00e+00	0.00e+00	0.00e+00	9.27e-01	3.65e-03	4.03e-03
 1.07974e+19	9.37e-01	6.30e-02	5.16e-06	0.00e+00	0.00e+00	0.00e+00	0.00e+00	0.00e+00	0.00e+00	9.29e-01	3.63e-03	3.99e-03
 1.07981e+19	9.40e-01	6.04e-02	4.56e-06	0.00e+00	0.00e+00	0.00e+00	0.00e+00	0.00e+00	0.00e+00	9.32e-01	3.60e-03	3.96e-03
 1.07988e+19	9.42e-01	5.80e-02	4.04e-06	0.00e+00	0.00e+00	0.00e+00	0.00e+00	0.00e+00	0.00e+00	9.34e-01	3.58e-03	3.93e-03
 1.07994e+19	9.44e-01	5.57e-02	3.58e-06	0.00e+00	0.00e+00	0.00e+00	0.00e+00	0.00e+00	0.00e+00	9.37e-01	3.55e-03	3.90e-03
 1.08001e+19	9.47e-01	5.35e-02	3.17e-06	0.00e+00	0.00e+00	0.00e+00	0.00e+00	0.00e+00	0.00e+00	9.39e-01	3.53e-03	3.88e-03
 1.08008e+19	9.49e-01	5.14e-02	2.81e-06	0.00e+00	0.00e+00	0.00e+00	0.00e+00	0.00e+00	0.00e+00	9.41e-01	3.51e-03	3.85e-03
 1.08014e+19	9.51e-01	4.94e-02	2.49e-06	0.00e+00	0.00e+00	0.00e+00	0.00e+00	0.00e+00	0.00e+00	9.43e-01	3.49e-03	3.83e-03
 1.08020e+19	9.53e-01	4.74e-02	2.21e-06	0.00e+00	0.00e+00	0.00e+00	0.00e+00	0.00e+00	0.00e+00	9.45e-01	3.47e-03	3.80e-03
 1.08027e+19	9.54e-01	4.56e-02	1.96e-06	0.00e+00	0.00e+00	0.00e+00	0.00e+00	0.00e+00	0.00e+00	9.47e-01	3.45e-03	3.78e-03
 1.08033e+19	9.56e-01	4.38e-02	1.74e-06	0.00e+00	0.00e+00	0.00e+00	0.00e+00	0.00e+00	0.00e+00	9.49e-01	3.43e-03	3.76e-03
 1.08039e+19	9.58e-01	4.21e-02	1.55e-06	0.00e+00	0.00e+00	0.00e+00	0.00e+00	0.00e+00	0.00e+00	9.51e-01	3.41e-03	3.74e-03
 1.08045e+19	9.60e-01	4.04e-02	1.38e-06	0.00e+00	0.00e+00	0.00e+00	0.00e+00	0.00e+00	0.00e+00	9.52e-01	3.40e-03	3.72e-03
 1.08051e+19	9.61e-01	3.89e-02	1.23e-06	0.00e+00	0.00e+00	0.00e+00	0.00e+00	0.00e+00	0.00e+00	9.54e-01	3.38e-03	3.70e-03
 1.08057e+19	9.63e-01	3.74e-02	1.09e-06	0.00e+00	0.00e+00	0.00e+00	0.00e+00	0.00e+00	0.00e+00	9.56e-01	3.37e-03	3.68e-03
 1.08063e+19	9.64e-01	3.59e-02	9.71e-07	0.00e+00	0.00e+00	0.00e+00	0.00e+00	0.00e+00	0.00e+00	9.57e-01	3.36e-03	3.67e-03
 1.08069e+19	9.65e-01	3.45e-02	8.65e-07	0.00e+00	0.00e+00	0.00e+00	0.00e+00	0.00e+00	0.00e+00	9.58e-01	3.34e-03	3.65e-03
 1.08075e+19	9.67e-01	3.32e-02	7.71e-07	0.00e+00	0.00e+00	0.00e+00	0.00e+00	0.00e+00	0.00e+00	9.60e-01	3.33e-03	3.64e-03
 1.08080e+19	9.68e-01	3.19e-02	6.88e-07	0.00e+00	0.00e+00	0.00e+00	0.00e+00	0.00e+00	0.00e+00	9.61e-01	3.32e-03	3.62e-03
 1.08086e+19	9.69e-01	3.07e-02	6.14e-07	0.00e+00	0.00e+00	0.00e+00	0.00e+00	0.00e+00	0.00e+00	9.62e-01	3.31e-03	3.61e-03
 1.08091e+19	9.70e-01	2.95e-02	5.48e-07	0.00e+00	0.00e+00	0.00e+00	0.00e+00	0.00e+00	0.00e+00	9.64e-01	3.31e-03	3.60e-03
 1.08097e+19	9.72e-01	2.84e-02	4.89e-07	0.00e+00	0.00e+00	0.00e+00	0.00e+00	0.00e+00	0.00e+00	9.65e-01	3.30e-03	3.59e-03
 1.08102e+19	9.73e-01	2.73e-02	4.37e-07	0.00e+00	0.00e+00	0.00e+00	0.00e+00	0.00e+00	0.00e+00	9.66e-01	3.29e-03	3.58e-03
 1.08108e+19	9.74e-01	2.63e-02	3.91e-07	0.00e+00	0.00e+00	0.00e+00	0.00e+00	0.00e+00	0.00e+00	9.67e-01	3.29e-03	3.58e-03
 1.08113e+19	9.75e-01	2.53e-02	3.50e-07	0.00e+00	0.00e+00	0.00e+00	0.00e+00	0.00e+00	0.00e+00	9.68e-01	3.29e-03	3.57e-03
 1.08118e+19	9.76e-01	2.43e-02	3.13e-07	0.00e+00	0.00e+00	0.00e+00	0.00e+00	0.00e+00	0.00e+00	9.69e-01	3.29e-03	3.57e-03
 1.08123e+19	9.77e-01	2.33e-02	2.80e-07	0.00e+00	0.00e+00	0.00e+00	0.00e+00	0.00e+00	0.00e+00	9.70e-01	3.29e-03	3.57e-03
 1.08128e+19	9.78e-01	2.24e-02	2.51e-07	0.00e+00	0.00e+00	0.00e+00	0.00e+00	0.00e+00	0.00e+00	9.71e-01	3.29e-03	3.57e-03
 1.08133e+19	9.78e-01	2.16e-02	2.25e-07	0.00e+00	0.00e+00	0.00e+00	0.00e+00	0.00e+00	0.00e+00	9.72e-01	3.29e-03	3.57e-03
 1.08138e+19	9.79e-01	2.08e-02	2.02e-07	0.00e+00	0.00e+00	0.00e+00	0.00e+00	0.00e+00	0.00e+00	9.72e-01	3.30e-03	3.57e-03
 1.08143e+19	9.80e-01	2.00e-02	1.82e-07	0.00e+00	0.00e+00	0.00e+00	0.00e+00	0.00e+00	0.00e+00	9.73e-01	3.31e-03	3.58e-03
 1.08147e+19	9.81e-01	1.92e-02	1.63e-07	0.00e+00	0.00e+00	0.00e+00	0.00e+00	0.00e+00	0.00e+00	9.74e-01	3.32e-03	3.58e-03
 1.08151e+19	9.82e-01	1.84e-02	1.47e-07	0.00e+00	0.00e+00	0.00e+00	0.00e+00	0.00e+00	0.00e+00	9.75e-01	3.33e-03	3.59e-03
 1.08156e+19	9.82e-01	1.76e-02	1.32e-07	0.00e+00	0.00e+00	0.00e+00	0.00e+00	0.00e+00	0.00e+00	9.75e-01	3.35e-03	3.61e-03
 1.08160e+19	9.83e-01	1.69e-02	1.19e-07	0.00e+00	0.00e+00	0.00e+00	0.00e+00	0.00e+00	0.00e+00	9.76e-01	3.37e-03	3.62e-03
 1.08163e+19	9.84e-01	1.62e-02	1.08e-07	0.00e+00	0.00e+00	0.00e+00	0.00e+00	0.00e+00	0.00e+00	9.77e-01	3.40e-03	3.65e-03
 1.08166e+19	9.84e-01	1.56e-02	9.97e-08	0.00e+00	0.00e+00	0.00e+00	0.00e+00	0.00e+00	0.00e+00	9.77e-01	3.43e-03	3.67e-03
 1.08169e+19	9.85e-01	1.51e-02	9.28e-08	0.00e+00	0.00e+00	0.00e+00	0.00e+00	0.00e+00	0.00e+00	9.78e-01	3.46e-03	3.69e-03
 1.08171e+19	9.85e-01	1.47e-02	8.72e-08	0.00e+00	0.00e+00	0.00e+00	0.00e+00	0.00e+00	0.00e+00	9.78e-01	3.49e-03	3.72e-03
 1.08172e+19	9.86e-01	1.43e-02	8.24e-08	0.00e+00	0.00e+00	0.00e+00	0.00e+00	0.00e+00	0.00e+00	9.78e-01	3.52e-03	3.75e-03
 1.08174e+19	9.86e-01	1.40e-02	7.87e-08	0.00e+00	0.00e+00	0.00e+00	0.00e+00	0.00e+00	0.00e+00	9.79e-01	3.54e-03	3.76e-03
 1.08175e+19	9.86e-01	1.36e-02	7.45e-08	0.00e+00	0.00e+00	0.00e+00	0.00e+00	0.00e+00	0.00e+00	9.79e-01	3.58e-03	3.80e-03
 1.08176e+19	9.87e-01	1.33e-02	7.15e-08	0.00e+00	0.00e+00	0.00e+00	0.00e+00	0.00e+00	0.00e+00	9.79e-01	3.60e-03	3.82e-03
 1.08177e+19	9.87e-01	1.30e-02	6.81e-08	0.00e+00	0.00e+00	0.00e+00	0.00e+00	0.00e+00	0.00e+00	9.80e-01	3.65e-03	3.86e-03
 1.08178e+19	9.87e-01	1.26e-02	6.49e-08	0.00e+00	0.00e+00	0.00e+00	0.00e+00	0.00e+00	0.00e+00	9.80e-01	3.69e-03	3.90e-03
 1.08180e+19	9.88e-01	1.23e-02	6.16e-08	0.00e+00	0.00e+00	0.00e+00	0.00e+00	0.00e+00	0.00e+00	9.80e-01	3.73e-03	3.94e-03
 1.08181e+19	9.88e-01	1.19e-02	5.83e-08	0.00e+00	0.00e+00	0.00e+00	0.00e+00	0.00e+00	0.00e+00	9.80e-01	3.79e-03	3.99e-03
 1.08182e+19	9.89e-01	1.14e-02	5.48e-08	0.00e+00	0.00e+00	0.00e+00	0.00e+00	0.00e+00	0.00e+00	9.81e-01	3.85e-03	4.05e-03
 1.08183e+19	9.89e-01	1.08e-02	5.05e-08	0.00e+00	0.00e+00	0.00e+00	0.00e+00	0.00e+00	0.00e+00	9.81e-01	3.95e-03	4.14e-03
 1.08184e+19	9.90e-01	1.01e-02	4.60e-08	0.00e+00	0.00e+00	0.00e+00	0.00e+00	0.00e+00	0.00e+00	9.82e-01	4.08e-03	4.26e-03
 1.08185e+19	9.96e-01	4.31e-03	1.52e-08	0.00e+00	0.00e+00	0.00e+00	0.00e+00	0.00e+00	0.00e+00	9.85e-01	5.58e-03	5.50e-03
