#depth	O	O+	O+2	O+3	O+4	O+5	O+6	O+7	O+8	O[1]	O[2]	O[3]
 1.24912e+15	5.44e-11	6.49e-05	6.66e-01	3.33e-01	2.93e-04	1.69e-07	0.00e+00	0.00e+00	0.00e+00	5.40e-11	1.71e-13	2.00e-13
 7.49469e+15	5.46e-11	6.50e-05	6.67e-01	3.32e-01	2.92e-04	1.69e-07	0.00e+00	0.00e+00	0.00e+00	5.42e-11	1.71e-13	2.00e-13
 3.24770e+16	5.55e-11	6.57e-05	6.72e-01	3.28e-01	2.86e-04	1.65e-07	0.00e+00	0.00e+00	0.00e+00	5.51e-11	1.73e-13	2.02e-13
 1.27819e+17	5.77e-11	6.77e-05	6.86e-01	3.14e-01	2.67e-04	1.54e-07	0.00e+00	0.00e+00	0.00e+00	5.73e-11	1.74e-13	2.03e-13
 2.81546e+17	6.48e-11	7.28e-05	7.09e-01	2.91e-01	2.33e-04	1.33e-07	0.00e+00	0.00e+00	0.00e+00	6.44e-11	1.78e-13	2.09e-13
 4.41422e+17	7.25e-11	7.82e-05	7.31e-01	2.69e-01	2.02e-04	0.00e+00	0.00e+00	0.00e+00	0.00e+00	7.21e-11	1.86e-13	2.18e-13
 6.07693e+17	8.12e-11	8.40e-05	7.53e-01	2.47e-01	1.75e-04	0.00e+00	0.00e+00	0.00e+00	0.00e+00	8.08e-11	1.95e-13	2.28e-13
 7.80615e+17	9.06e-11	8.99e-05	7.74e-01	2.26e-01	1.50e-04	0.00e+00	0.00e+00	0.00e+00	0.00e+00	9.02e-11	2.03e-13	2.38e-13
 9.60453e+17	1.01e-10	9.62e-05	7.95e-01	2.05e-01	1.28e-04	0.00e+00	0.00e+00	0.00e+00	0.00e+00	1.01e-10	2.11e-13	2.48e-13
 1.14749e+18	1.12e-10	1.03e-04	8.15e-01	1.85e-01	1.08e-04	0.00e+00	0.00e+00	0.00e+00	0.00e+00	1.12e-10	2.19e-13	2.58e-13
 1.34200e+18	1.25e-10	1.09e-04	8.34e-01	1.66e-01	9.13e-05	0.00e+00	0.00e+00	0.00e+00	0.00e+00	1.24e-10	2.27e-13	2.67e-13
 1.54429e+18	1.38e-10	1.16e-04	8.52e-01	1.48e-01	7.63e-05	0.00e+00	0.00e+00	0.00e+00	0.00e+00	1.37e-10	2.34e-13	2.77e-13
 1.75468e+18	1.53e-10	1.23e-04	8.69e-01	1.31e-01	6.33e-05	0.00e+00	0.00e+00	0.00e+00	0.00e+00	1.52e-10	2.42e-13	2.86e-13
 1.97348e+18	1.68e-10	1.31e-04	8.84e-01	1.16e-01	5.22e-05	0.00e+00	0.00e+00	0.00e+00	0.00e+00	1.68e-10	2.50e-13	2.95e-13
 2.20103e+18	1.85e-10	1.38e-04	8.99e-01	1.01e-01	4.27e-05	0.00e+00	0.00e+00	0.00e+00	0.00e+00	1.85e-10	2.57e-13	3.04e-13
 2.43769e+18	2.04e-10	1.46e-04	9.12e-01	8.81e-02	3.47e-05	0.00e+00	0.00e+00	0.00e+00	0.00e+00	2.03e-10	2.64e-13	3.13e-13
 2.68381e+18	2.24e-10	1.54e-04	9.24e-01	7.62e-02	2.80e-05	0.00e+00	0.00e+00	0.00e+00	0.00e+00	2.23e-10	2.71e-13	3.21e-13
 2.93978e+18	2.45e-10	1.62e-04	9.34e-01	6.56e-02	2.25e-05	0.00e+00	0.00e+00	0.00e+00	0.00e+00	2.44e-10	2.78e-13	3.30e-13
 3.20598e+18	2.68e-10	1.70e-04	9.44e-01	5.61e-02	1.80e-05	0.00e+00	0.00e+00	0.00e+00	0.00e+00	2.68e-10	2.85e-13	3.38e-13
 3.48284e+18	2.93e-10	1.78e-04	9.52e-01	4.79e-02	1.43e-05	0.00e+00	0.00e+00	0.00e+00	0.00e+00	2.93e-10	2.92e-13	3.46e-13
 3.77076e+18	3.20e-10	1.87e-04	9.59e-01	4.06e-02	1.13e-05	0.00e+00	0.00e+00	0.00e+00	0.00e+00	3.20e-10	2.99e-13	3.55e-13
 4.07021e+18	3.49e-10	1.96e-04	9.65e-01	3.44e-02	8.92e-06	0.00e+00	0.00e+00	0.00e+00	0.00e+00	3.49e-10	3.05e-13	3.63e-13
 4.38163e+18	3.81e-10	2.05e-04	9.71e-01	2.90e-02	7.01e-06	0.00e+00	0.00e+00	0.00e+00	0.00e+00	3.80e-10	3.12e-13	3.71e-13
 4.70551e+18	4.15e-10	2.14e-04	9.75e-01	2.44e-02	5.51e-06	0.00e+00	0.00e+00	0.00e+00	0.00e+00	4.15e-10	3.19e-13	3.80e-13
 5.04234e+18	4.53e-10	2.24e-04	9.79e-01	2.05e-02	4.32e-06	0.00e+00	0.00e+00	0.00e+00	0.00e+00	4.52e-10	3.26e-13	3.88e-13
 5.39265e+18	4.93e-10	2.34e-04	9.83e-01	1.72e-02	3.38e-06	0.00e+00	0.00e+00	0.00e+00	0.00e+00	4.92e-10	3.33e-13	3.97e-13
 5.75697e+18	5.36e-10	2.44e-04	9.85e-01	1.45e-02	2.65e-06	0.00e+00	0.00e+00	0.00e+00	0.00e+00	5.36e-10	3.41e-13	4.06e-13
 6.13587e+18	5.84e-10	2.54e-04	9.88e-01	1.21e-02	2.08e-06	0.00e+00	0.00e+00	0.00e+00	0.00e+00	5.83e-10	3.48e-13	4.15e-13
 6.52991e+18	6.35e-10	2.65e-04	9.90e-01	1.02e-02	1.63e-06	0.00e+00	0.00e+00	0.00e+00	0.00e+00	6.34e-10	3.56e-13	4.24e-13
 6.93972e+18	6.91e-10	2.77e-04	9.91e-01	8.53e-03	1.29e-06	0.00e+00	0.00e+00	0.00e+00	0.00e+00	6.90e-10	3.64e-13	4.34e-13
 7.36593e+18	7.51e-10	2.89e-04	9.93e-01	7.16e-03	1.01e-06	0.00e+00	0.00e+00	0.00e+00	0.00e+00	7.51e-10	3.73e-13	4.44e-13
 7.80918e+18	8.17e-10	3.01e-04	9.94e-01	6.01e-03	8.04e-07	0.00e+00	0.00e+00	0.00e+00	0.00e+00	8.16e-10	3.81e-13	4.54e-13
 8.27016e+18	8.89e-10	3.13e-04	9.95e-01	5.05e-03	6.39e-07	0.00e+00	0.00e+00	0.00e+00	0.00e+00	8.88e-10	3.91e-13	4.65e-13
 8.74958e+18	9.66e-10	3.27e-04	9.95e-01	4.25e-03	5.11e-07	0.00e+00	0.00e+00	0.00e+00	0.00e+00	9.66e-10	4.00e-13	4.77e-13
 9.24818e+18	1.05e-09	3.40e-04	9.96e-01	3.59e-03	4.11e-07	0.00e+00	0.00e+00	0.00e+00	0.00e+00	1.05e-09	4.10e-13	4.88e-13
 9.76672e+18	1.14e-09	3.55e-04	9.97e-01	3.03e-03	3.32e-07	0.00e+00	0.00e+00	0.00e+00	0.00e+00	1.14e-09	4.20e-13	5.00e-13
 1.03060e+19	1.24e-09	3.69e-04	9.97e-01	2.56e-03	2.71e-07	0.00e+00	0.00e+00	0.00e+00	0.00e+00	1.24e-09	4.31e-13	5.13e-13
 1.08669e+19	1.35e-09	3.85e-04	9.97e-01	2.17e-03	2.22e-07	0.00e+00	0.00e+00	0.00e+00	0.00e+00	1.35e-09	4.42e-13	5.26e-13
 1.14501e+19	1.47e-09	4.01e-04	9.98e-01	1.85e-03	1.84e-07	0.00e+00	0.00e+00	0.00e+00	0.00e+00	1.47e-09	4.54e-13	5.40e-13
 1.20568e+19	1.60e-09	4.17e-04	9.98e-01	1.57e-03	1.54e-07	0.00e+00	0.00e+00	0.00e+00	0.00e+00	1.60e-09	4.66e-13	5.55e-13
 1.26876e+19	1.74e-09	4.35e-04	9.98e-01	1.34e-03	1.30e-07	0.00e+00	0.00e+00	0.00e+00	0.00e+00	1.74e-09	4.79e-13	5.70e-13
 1.33438e+19	1.89e-09	4.53e-04	9.98e-01	1.15e-03	0.00e+00	0.00e+00	0.00e+00	0.00e+00	0.00e+00	1.89e-09	4.92e-13	5.86e-13
 1.40261e+19	2.06e-09	4.72e-04	9.99e-01	9.88e-04	0.00e+00	0.00e+00	0.00e+00	0.00e+00	0.00e+00	2.06e-09	5.06e-13	6.02e-13
 1.46969e+19	2.23e-09	4.91e-04	9.99e-01	8.58e-04	0.00e+00	0.00e+00	0.00e+00	0.00e+00	0.00e+00	2.23e-09	5.21e-13	6.20e-13
 1.53104e+19	2.40e-09	5.08e-04	9.99e-01	7.60e-04	0.00e+00	0.00e+00	0.00e+00	0.00e+00	0.00e+00	2.40e-09	5.36e-13	6.37e-13
 1.58625e+19	2.56e-09	5.24e-04	9.99e-01	6.84e-04	0.00e+00	0.00e+00	0.00e+00	0.00e+00	0.00e+00	2.56e-09	5.50e-13	6.54e-13
 1.63594e+19	2.71e-09	5.39e-04	9.99e-01	6.24e-04	0.00e+00	0.00e+00	0.00e+00	0.00e+00	0.00e+00	2.71e-09	5.64e-13	6.70e-13
 1.68067e+19	2.86e-09	5.52e-04	9.99e-01	5.76e-04	0.00e+00	0.00e+00	0.00e+00	0.00e+00	0.00e+00	2.86e-09	5.77e-13	6.85e-13
 1.72092e+19	2.99e-09	5.65e-04	9.99e-01	5.37e-04	0.00e+00	0.00e+00	0.00e+00	0.00e+00	0.00e+00	2.99e-09	5.88e-13	6.99e-13
 1.75714e+19	3.11e-09	5.76e-04	9.99e-01	5.05e-04	0.00e+00	0.00e+00	0.00e+00	0.00e+00	0.00e+00	3.11e-09	5.99e-13	7.11e-13
 1.78975e+19	3.23e-09	5.86e-04	9.99e-01	4.78e-04	0.00e+00	0.00e+00	0.00e+00	0.00e+00	0.00e+00	3.22e-09	6.08e-13	7.22e-13
 1.81909e+19	3.33e-09	5.94e-04	9.99e-01	4.56e-04	0.00e+00	0.00e+00	0.00e+00	0.00e+00	0.00e+00	3.33e-09	6.17e-13	7.32e-13
 1.84550e+19	3.42e-09	6.02e-04	9.99e-01	4.38e-04	0.00e+00	0.00e+00	0.00e+00	0.00e+00	0.00e+00	3.42e-09	6.24e-13	7.40e-13
 1.86926e+19	3.51e-09	6.09e-04	9.99e-01	4.22e-04	0.00e+00	0.00e+00	0.00e+00	0.00e+00	0.00e+00	3.51e-09	6.31e-13	7.48e-13
 1.89094e+19	3.59e-09	6.16e-04	9.99e-01	4.09e-04	0.00e+00	0.00e+00	0.00e+00	0.00e+00	0.00e+00	3.58e-09	6.37e-13	7.55e-13
 1.91177e+19	3.66e-09	6.22e-04	9.99e-01	3.96e-04	0.00e+00	0.00e+00	0.00e+00	0.00e+00	0.00e+00	3.66e-09	6.42e-13	7.62e-13
 1.93260e+19	3.74e-09	6.28e-04	9.99e-01	3.84e-04	0.00e+00	0.00e+00	0.00e+00	0.00e+00	0.00e+00	3.73e-09	6.48e-13	7.68e-13
 1.95343e+19	3.81e-09	6.34e-04	9.99e-01	3.73e-04	0.00e+00	0.00e+00	0.00e+00	0.00e+00	0.00e+00	3.81e-09	6.53e-13	7.74e-13
 1.97427e+19	3.89e-09	6.40e-04	9.99e-01	3.62e-04	0.00e+00	0.00e+00	0.00e+00	0.00e+00	0.00e+00	3.88e-09	6.58e-13	7.80e-13
 1.99510e+19	3.96e-09	6.46e-04	9.99e-01	3.51e-04	0.00e+00	0.00e+00	0.00e+00	0.00e+00	0.00e+00	3.96e-09	6.63e-13	7.85e-13
 2.01593e+19	4.04e-09	6.52e-04	9.99e-01	3.42e-04	0.00e+00	0.00e+00	0.00e+00	0.00e+00	0.00e+00	4.04e-09	6.67e-13	7.91e-13
 2.03676e+19	4.11e-09	6.58e-04	9.99e-01	3.32e-04	0.00e+00	0.00e+00	0.00e+00	0.00e+00	0.00e+00	4.11e-09	6.72e-13	7.97e-13
 2.05759e+19	4.19e-09	6.64e-04	9.99e-01	3.23e-04	0.00e+00	0.00e+00	0.00e+00	0.00e+00	0.00e+00	4.19e-09	6.77e-13	8.03e-13
 2.07559e+19	4.27e-09	6.69e-04	9.99e-01	3.15e-04	0.00e+00	0.00e+00	0.00e+00	0.00e+00	0.00e+00	4.26e-09	6.83e-13	8.09e-13
