#depth	C	C+	C+2	C+3	C+4	C+5	C+6	C[1]	C[2]	C[3]	C+[1]	C+[2]	CO
 1.24912e+15	1.55e-11	1.04e-05	8.86e-02	9.02e-01	9.22e-03	0.00e+00	0.00e+00	1.82e-12	5.85e-12	7.86e-12	5.75e-06	4.68e-06	1.17e-36
 7.49472e+15	1.57e-11	1.05e-05	8.89e-02	9.02e-01	9.15e-03	0.00e+00	0.00e+00	1.84e-12	5.92e-12	7.95e-12	5.80e-06	4.71e-06	1.20e-36
 3.24771e+16	1.64e-11	1.08e-05	9.03e-02	9.01e-01	8.91e-03	0.00e+00	0.00e+00	1.92e-12	6.19e-12	8.31e-12	5.98e-06	4.85e-06	1.33e-36
 1.27819e+17	1.94e-11	1.21e-05	9.51e-02	8.97e-01	8.04e-03	0.00e+00	0.00e+00	2.27e-12	7.30e-12	9.79e-12	6.73e-06	5.38e-06	1.99e-36
 2.81546e+17	2.57e-11	1.46e-05	1.04e-01	8.89e-01	6.81e-03	0.00e+00	0.00e+00	3.01e-12	9.73e-12	1.30e-11	8.30e-06	6.35e-06	3.95e-36
 4.37866e+17	3.36e-11	1.75e-05	1.13e-01	8.81e-01	5.76e-03	0.00e+00	0.00e+00	3.93e-12	1.27e-11	1.70e-11	1.01e-05	7.45e-06	7.54e-36
 6.00439e+17	4.39e-11	2.09e-05	1.23e-01	8.72e-01	4.83e-03	0.00e+00	0.00e+00	5.12e-12	1.66e-11	2.21e-11	1.22e-05	8.75e-06	1.43e-35
 7.73071e+17	5.74e-11	2.50e-05	1.33e-01	8.63e-01	4.01e-03	0.00e+00	0.00e+00	6.70e-12	2.18e-11	2.89e-11	1.47e-05	1.03e-05	2.75e-35
 9.52608e+17	7.48e-11	2.98e-05	1.45e-01	8.52e-01	3.29e-03	0.00e+00	0.00e+00	8.73e-12	2.85e-11	3.76e-11	1.78e-05	1.20e-05	5.26e-35
 1.13933e+18	9.73e-11	3.54e-05	1.57e-01	8.41e-01	2.68e-03	0.00e+00	0.00e+00	1.13e-11	3.71e-11	4.89e-11	2.14e-05	1.41e-05	1.00e-34
 1.33351e+18	1.26e-10	4.20e-05	1.69e-01	8.29e-01	2.15e-03	0.00e+00	0.00e+00	1.47e-11	4.81e-11	6.33e-11	2.56e-05	1.64e-05	1.89e-34
 1.53547e+18	1.63e-10	4.97e-05	1.83e-01	8.16e-01	1.71e-03	0.00e+00	0.00e+00	1.90e-11	6.23e-11	8.18e-11	3.06e-05	1.91e-05	3.57e-34
 1.74550e+18	2.10e-10	5.87e-05	1.97e-01	8.02e-01	1.35e-03	0.00e+00	0.00e+00	2.45e-11	8.04e-11	1.05e-10	3.65e-05	2.22e-05	6.70e-34
 1.96394e+18	2.70e-10	6.91e-05	2.12e-01	7.87e-01	1.05e-03	0.00e+00	0.00e+00	3.14e-11	1.03e-10	1.35e-10	4.34e-05	2.57e-05	1.25e-33
 2.19111e+18	3.48e-10	8.13e-05	2.27e-01	7.72e-01	8.03e-04	0.00e+00	0.00e+00	4.05e-11	1.33e-10	1.74e-10	5.15e-05	2.98e-05	2.36e-33
 2.42736e+18	4.41e-10	9.47e-05	2.43e-01	7.57e-01	6.15e-04	0.00e+00	0.00e+00	5.12e-11	1.69e-10	2.21e-10	6.05e-05	3.42e-05	4.30e-33
 2.67307e+18	5.68e-10	1.11e-04	2.60e-01	7.39e-01	4.64e-04	0.00e+00	0.00e+00	6.59e-11	2.18e-10	2.84e-10	7.16e-05	3.97e-05	8.12e-33
 2.92861e+18	7.18e-10	1.29e-04	2.77e-01	7.22e-01	3.50e-04	0.00e+00	0.00e+00	8.33e-11	2.75e-10	3.59e-10	8.38e-05	4.55e-05	1.48e-32
 3.18008e+18	9.03e-10	1.50e-04	2.95e-01	7.05e-01	2.67e-04	0.00e+00	0.00e+00	1.05e-10	3.47e-10	4.52e-10	9.76e-05	5.20e-05	2.67e-32
 3.41705e+18	1.11e-09	1.70e-04	3.11e-01	6.89e-01	2.09e-04	0.00e+00	0.00e+00	1.29e-10	4.26e-10	5.55e-10	1.12e-04	5.87e-05	4.54e-32
 3.67779e+18	1.37e-09	1.95e-04	3.28e-01	6.72e-01	1.59e-04	0.00e+00	0.00e+00	1.59e-10	5.27e-10	6.87e-10	1.28e-04	6.65e-05	7.93e-32
 3.97352e+18	1.73e-09	2.25e-04	3.48e-01	6.52e-01	1.19e-04	0.00e+00	0.00e+00	2.01e-10	6.66e-10	8.66e-10	1.49e-04	7.61e-05	1.46e-31
 4.26830e+18	2.16e-09	2.59e-04	3.67e-01	6.33e-01	9.08e-05	0.00e+00	0.00e+00	2.51e-10	8.31e-10	1.08e-09	1.72e-04	8.66e-05	2.63e-31
 4.57488e+18	2.69e-09	2.97e-04	3.87e-01	6.13e-01	6.91e-05	0.00e+00	0.00e+00	3.12e-10	1.04e-09	1.35e-09	1.98e-04	9.84e-05	4.71e-31
 4.90648e+18	3.38e-09	3.41e-04	4.08e-01	5.92e-01	5.24e-05	0.00e+00	0.00e+00	3.91e-10	1.30e-09	1.69e-09	2.29e-04	1.12e-04	8.64e-31
 5.25136e+18	4.22e-09	3.91e-04	4.29e-01	5.71e-01	4.00e-05	0.00e+00	0.00e+00	4.89e-10	1.62e-09	2.11e-09	2.64e-04	1.28e-04	1.58e-30
 5.61003e+18	5.27e-09	4.48e-04	4.50e-01	5.49e-01	3.08e-05	0.00e+00	0.00e+00	6.10e-10	2.03e-09	2.63e-09	3.03e-04	1.45e-04	2.89e-30
 5.98304e+18	6.57e-09	5.12e-04	4.72e-01	5.28e-01	2.39e-05	0.00e+00	0.00e+00	7.59e-10	2.52e-09	3.28e-09	3.47e-04	1.65e-04	5.26e-30
 6.37098e+18	8.16e-09	5.84e-04	4.94e-01	5.06e-01	1.88e-05	0.00e+00	0.00e+00	9.43e-10	3.14e-09	4.08e-09	3.97e-04	1.87e-04	9.57e-30
 6.77443e+18	1.01e-08	6.65e-04	5.15e-01	4.84e-01	1.49e-05	0.00e+00	0.00e+00	1.17e-09	3.89e-09	5.06e-09	4.53e-04	2.11e-04	1.73e-29
 7.19402e+18	1.25e-08	7.55e-04	5.37e-01	4.62e-01	1.19e-05	0.00e+00	0.00e+00	1.45e-09	4.82e-09	6.27e-09	5.16e-04	2.39e-04	3.14e-29
 7.63040e+18	1.55e-08	8.56e-04	5.58e-01	4.41e-01	9.60e-06	0.00e+00	0.00e+00	1.79e-09	5.96e-09	7.75e-09	5.86e-04	2.70e-04	5.65e-29
 8.08423e+18	1.91e-08	9.69e-04	5.80e-01	4.19e-01	7.82e-06	0.00e+00	0.00e+00	2.21e-09	7.35e-09	9.56e-09	6.65e-04	3.04e-04	1.02e-28
 8.55621e+18	2.35e-08	1.10e-03	6.01e-01	3.98e-01	6.41e-06	0.00e+00	0.00e+00	2.72e-09	9.05e-09	1.18e-08	7.53e-04	3.43e-04	1.82e-28
 9.04707e+18	2.89e-08	1.24e-03	6.22e-01	3.77e-01	5.30e-06	0.00e+00	0.00e+00	3.34e-09	1.11e-08	1.45e-08	8.50e-04	3.85e-04	3.25e-28
 9.55757e+18	3.55e-08	1.39e-03	6.42e-01	3.57e-01	4.41e-06	0.00e+00	0.00e+00	4.10e-09	1.36e-08	1.78e-08	9.59e-04	4.33e-04	5.79e-28
 1.00885e+19	4.35e-08	1.56e-03	6.62e-01	3.37e-01	3.69e-06	0.00e+00	0.00e+00	5.02e-09	1.67e-08	2.18e-08	1.08e-03	4.86e-04	1.03e-27
 1.06022e+19	5.24e-08	1.74e-03	6.79e-01	3.19e-01	3.15e-06	0.00e+00	0.00e+00	6.04e-09	2.01e-08	2.62e-08	1.20e-03	5.39e-04	1.74e-27
 1.11364e+19	6.34e-08	1.94e-03	6.97e-01	3.01e-01	2.69e-06	0.00e+00	0.00e+00	7.30e-09	2.43e-08	3.17e-08	1.34e-03	6.00e-04	2.98e-27
 1.17146e+19	7.68e-08	2.16e-03	7.15e-01	2.83e-01	2.30e-06	0.00e+00	0.00e+00	8.85e-09	2.95e-08	3.85e-08	1.49e-03	6.68e-04	5.13e-27
 1.22842e+19	9.23e-08	2.40e-03	7.31e-01	2.67e-01	1.99e-06	0.00e+00	0.00e+00	1.06e-08	3.54e-08	4.62e-08	1.66e-03	7.40e-04	8.65e-27
 1.28926e+19	1.12e-07	2.67e-03	7.47e-01	2.50e-01	1.72e-06	0.00e+00	0.00e+00	1.28e-08	4.27e-08	5.59e-08	1.84e-03	8.23e-04	1.48e-26
 1.35569e+19	1.36e-07	2.98e-03	7.64e-01	2.33e-01	1.48e-06	0.00e+00	0.00e+00	1.56e-08	5.20e-08	6.82e-08	2.06e-03	9.17e-04	2.60e-26
 1.42424e+19	1.65e-07	3.31e-03	7.79e-01	2.18e-01	1.28e-06	0.00e+00	0.00e+00	1.90e-08	6.32e-08	8.28e-08	2.29e-03	1.02e-03	4.52e-26
 1.49013e+19	1.98e-07	3.66e-03	7.93e-01	2.04e-01	1.12e-06	0.00e+00	0.00e+00	2.27e-08	7.56e-08	9.92e-08	2.53e-03	1.13e-03	7.54e-26
 1.54943e+19	2.31e-07	3.99e-03	8.04e-01	1.92e-01	1.00e-06	0.00e+00	0.00e+00	2.66e-08	8.84e-08	1.16e-07	2.76e-03	1.23e-03	1.18e-25
 1.60281e+19	2.65e-07	4.30e-03	8.14e-01	1.82e-01	9.13e-07	0.00e+00	0.00e+00	3.05e-08	1.01e-07	1.33e-07	2.97e-03	1.33e-03	1.73e-25
 1.65084e+19	2.99e-07	4.58e-03	8.22e-01	1.73e-01	8.41e-07	0.00e+00	0.00e+00	3.43e-08	1.14e-07	1.50e-07	3.17e-03	1.42e-03	2.43e-25
 1.69408e+19	3.32e-07	4.85e-03	8.29e-01	1.66e-01	7.82e-07	0.00e+00	0.00e+00	3.81e-08	1.27e-07	1.67e-07	3.35e-03	1.50e-03	3.28e-25
 1.73299e+19	3.64e-07	5.11e-03	8.35e-01	1.60e-01	7.35e-07	0.00e+00	0.00e+00	4.19e-08	1.39e-07	1.83e-07	3.53e-03	1.58e-03	4.27e-25
 1.76801e+19	3.95e-07	5.34e-03	8.40e-01	1.55e-01	6.95e-07	0.00e+00	0.00e+00	4.55e-08	1.51e-07	1.99e-07	3.69e-03	1.65e-03	5.39e-25
 1.79952e+19	4.25e-07	5.55e-03	8.44e-01	1.50e-01	6.63e-07	0.00e+00	0.00e+00	4.89e-08	1.62e-07	2.14e-07	3.83e-03	1.72e-03	6.62e-25
 1.82789e+19	4.54e-07	5.75e-03	8.48e-01	1.46e-01	6.35e-07	0.00e+00	0.00e+00	5.22e-08	1.73e-07	2.28e-07	3.97e-03	1.78e-03	7.96e-25
 1.85342e+19	4.81e-07	5.93e-03	8.51e-01	1.43e-01	6.11e-07	0.00e+00	0.00e+00	5.53e-08	1.83e-07	2.42e-07	4.09e-03	1.84e-03	9.37e-25
 1.87639e+19	5.07e-07	6.10e-03	8.54e-01	1.40e-01	5.91e-07	0.00e+00	0.00e+00	5.82e-08	1.93e-07	2.55e-07	4.21e-03	1.89e-03	1.09e-24
 1.89769e+19	5.31e-07	6.25e-03	8.57e-01	1.37e-01	5.73e-07	0.00e+00	0.00e+00	6.10e-08	2.03e-07	2.67e-07	4.31e-03	1.94e-03	1.24e-24
 1.91852e+19	5.56e-07	6.41e-03	8.59e-01	1.34e-01	5.56e-07	0.00e+00	0.00e+00	6.39e-08	2.12e-07	2.80e-07	4.42e-03	1.99e-03	1.41e-24
 1.93935e+19	5.82e-07	6.57e-03	8.62e-01	1.32e-01	5.41e-07	0.00e+00	0.00e+00	6.69e-08	2.22e-07	2.93e-07	4.53e-03	2.04e-03	1.60e-24
 1.96019e+19	6.09e-07	6.73e-03	8.64e-01	1.29e-01	5.25e-07	0.00e+00	0.00e+00	7.00e-08	2.32e-07	3.07e-07	4.64e-03	2.09e-03	1.82e-24
 1.98102e+19	6.37e-07	6.89e-03	8.67e-01	1.27e-01	5.10e-07	0.00e+00	0.00e+00	7.31e-08	2.43e-07	3.21e-07	4.75e-03	2.14e-03	2.06e-24
 2.00185e+19	6.66e-07	7.05e-03	8.69e-01	1.24e-01	4.96e-07	0.00e+00	0.00e+00	7.65e-08	2.54e-07	3.36e-07	4.86e-03	2.20e-03	2.34e-24
 2.02268e+19	6.96e-07	7.22e-03	8.71e-01	1.22e-01	4.82e-07	0.00e+00	0.00e+00	8.00e-08	2.65e-07	3.51e-07	4.97e-03	2.25e-03	2.66e-24
 2.04351e+19	7.27e-07	7.39e-03	8.73e-01	1.20e-01	4.69e-07	0.00e+00	0.00e+00	8.35e-08	2.77e-07	3.67e-07	5.09e-03	2.30e-03	3.00e-24
 2.06435e+19	7.60e-07	7.56e-03	8.75e-01	1.17e-01	4.57e-07	0.00e+00	0.00e+00	8.73e-08	2.89e-07	3.83e-07	5.20e-03	2.36e-03	3.39e-24
 2.07897e+19	7.84e-07	7.69e-03	8.77e-01	1.16e-01	4.48e-07	0.00e+00	0.00e+00	9.01e-08	2.99e-07	3.96e-07	5.29e-03	2.40e-03	3.71e-24
