#depth	O	O+	O+2	O+3	O+4	O+5	O+6	O+7	O+8	O[1]	O[2]	O[3]
 2.63141e+14	6.83e-10	2.57e-04	8.59e-01	1.41e-01	4.08e-05	0.00e+00	0.00e+00	0.00e+00	0.00e+00	6.76e-10	3.12e-12	3.58e-12
 1.57885e+15	6.84e-10	2.57e-04	8.60e-01	1.40e-01	4.06e-05	0.00e+00	0.00e+00	0.00e+00	0.00e+00	6.78e-10	3.13e-12	3.59e-12
 6.84167e+15	6.92e-10	2.59e-04	8.62e-01	1.38e-01	3.96e-05	0.00e+00	0.00e+00	0.00e+00	0.00e+00	6.85e-10	3.16e-12	3.62e-12
 2.78930e+16	7.20e-10	2.65e-04	8.70e-01	1.29e-01	3.61e-05	0.00e+00	0.00e+00	0.00e+00	0.00e+00	7.13e-10	3.28e-12	3.76e-12
 6.66274e+16	7.73e-10	2.76e-04	8.83e-01	1.17e-01	3.08e-05	0.00e+00	0.00e+00	0.00e+00	0.00e+00	7.65e-10	3.48e-12	4.00e-12
 1.16982e+17	8.45e-10	2.91e-04	8.98e-01	1.01e-01	2.50e-05	0.00e+00	0.00e+00	0.00e+00	0.00e+00	8.37e-10	3.76e-12	4.32e-12
 1.82443e+17	9.43e-10	3.10e-04	9.16e-01	8.39e-02	1.89e-05	0.00e+00	0.00e+00	0.00e+00	0.00e+00	9.35e-10	4.13e-12	4.76e-12
 2.67543e+17	1.08e-09	3.35e-04	9.35e-01	6.45e-02	1.29e-05	0.00e+00	0.00e+00	0.00e+00	0.00e+00	1.07e-09	4.66e-12	5.37e-12
 3.78172e+17	1.27e-09	3.66e-04	9.55e-01	4.48e-02	7.70e-06	0.00e+00	0.00e+00	0.00e+00	0.00e+00	1.26e-09	5.36e-12	6.19e-12
 5.21990e+17	1.55e-09	4.06e-04	9.73e-01	2.70e-02	3.82e-06	0.00e+00	0.00e+00	0.00e+00	0.00e+00	1.53e-09	6.32e-12	7.32e-12
 6.81887e+17	1.89e-09	4.50e-04	9.85e-01	1.49e-02	1.72e-06	0.00e+00	0.00e+00	0.00e+00	0.00e+00	1.88e-09	7.49e-12	8.68e-12
 8.31462e+17	2.26e-09	4.91e-04	9.91e-01	8.41e-03	8.11e-07	0.00e+00	0.00e+00	0.00e+00	0.00e+00	2.24e-09	8.71e-12	1.01e-11
 9.94685e+17	2.69e-09	5.35e-04	9.95e-01	4.52e-03	3.69e-07	0.00e+00	0.00e+00	0.00e+00	0.00e+00	2.66e-09	1.01e-11	1.18e-11
 1.18299e+18	3.30e-09	5.90e-04	9.97e-01	2.25e-03	1.62e-07	0.00e+00	0.00e+00	0.00e+00	0.00e+00	3.27e-09	1.21e-11	1.41e-11
 1.36372e+18	3.95e-09	6.43e-04	9.98e-01	1.19e-03	0.00e+00	0.00e+00	0.00e+00	0.00e+00	0.00e+00	3.92e-09	1.42e-11	1.65e-11
 1.55169e+18	4.73e-09	7.01e-04	9.99e-01	6.39e-04	0.00e+00	0.00e+00	0.00e+00	0.00e+00	0.00e+00	4.69e-09	1.68e-11	1.95e-11
 1.76237e+18	5.77e-09	7.70e-04	9.99e-01	3.44e-04	0.00e+00	0.00e+00	0.00e+00	0.00e+00	0.00e+00	5.73e-09	2.01e-11	2.34e-11
 1.97135e+18	6.95e-09	8.40e-04	9.99e-01	2.04e-04	0.00e+00	0.00e+00	0.00e+00	0.00e+00	0.00e+00	6.90e-09	2.38e-11	2.77e-11
 2.18868e+18	8.38e-09	9.18e-04	9.99e-01	1.30e-04	0.00e+00	0.00e+00	0.00e+00	0.00e+00	0.00e+00	8.32e-09	2.84e-11	3.30e-11
 2.42484e+18	1.02e-08	1.01e-03	9.99e-01	8.68e-05	0.00e+00	0.00e+00	0.00e+00	0.00e+00	0.00e+00	1.01e-08	3.42e-11	3.96e-11
 2.67045e+18	1.25e-08	1.10e-03	9.99e-01	6.20e-05	0.00e+00	0.00e+00	0.00e+00	0.00e+00	0.00e+00	1.24e-08	4.12e-11	4.77e-11
 2.92588e+18	1.52e-08	1.21e-03	9.99e-01	4.63e-05	0.00e+00	0.00e+00	0.00e+00	0.00e+00	0.00e+00	1.51e-08	4.98e-11	5.76e-11
 3.19153e+18	1.86e-08	1.33e-03	9.99e-01	3.56e-05	0.00e+00	0.00e+00	0.00e+00	0.00e+00	0.00e+00	1.84e-08	6.04e-11	6.98e-11
 3.46780e+18	2.27e-08	1.46e-03	9.99e-01	2.80e-05	0.00e+00	0.00e+00	0.00e+00	0.00e+00	0.00e+00	2.26e-08	7.34e-11	8.47e-11
 3.75513e+18	2.78e-08	1.60e-03	9.98e-01	2.23e-05	0.00e+00	0.00e+00	0.00e+00	0.00e+00	0.00e+00	2.77e-08	8.93e-11	1.03e-10
 4.05395e+18	3.42e-08	1.75e-03	9.98e-01	1.79e-05	0.00e+00	0.00e+00	0.00e+00	0.00e+00	0.00e+00	3.39e-08	1.09e-10	1.26e-10
 4.36472e+18	4.20e-08	1.92e-03	9.98e-01	1.45e-05	0.00e+00	0.00e+00	0.00e+00	0.00e+00	0.00e+00	4.17e-08	1.33e-10	1.54e-10
 4.68792e+18	5.16e-08	2.11e-03	9.98e-01	1.18e-05	0.00e+00	0.00e+00	0.00e+00	0.00e+00	0.00e+00	5.13e-08	1.64e-10	1.88e-10
 4.99340e+18	6.24e-08	2.30e-03	9.98e-01	9.82e-06	0.00e+00	0.00e+00	0.00e+00	0.00e+00	0.00e+00	6.20e-08	1.97e-10	2.26e-10
 5.27083e+18	7.41e-08	2.48e-03	9.98e-01	8.35e-06	0.00e+00	0.00e+00	0.00e+00	0.00e+00	0.00e+00	7.35e-08	2.34e-10	2.69e-10
 5.58527e+18	8.91e-08	2.70e-03	9.97e-01	6.99e-06	0.00e+00	0.00e+00	0.00e+00	0.00e+00	0.00e+00	8.85e-08	2.81e-10	3.23e-10
 5.95257e+18	1.10e-07	2.96e-03	9.97e-01	5.76e-06	0.00e+00	0.00e+00	0.00e+00	0.00e+00	0.00e+00	1.09e-07	3.45e-10	3.97e-10
 6.32094e+18	1.35e-07	3.25e-03	9.97e-01	4.78e-06	0.00e+00	0.00e+00	0.00e+00	0.00e+00	0.00e+00	1.34e-07	4.27e-10	4.90e-10
 6.67280e+18	1.64e-07	3.54e-03	9.96e-01	4.03e-06	0.00e+00	0.00e+00	0.00e+00	0.00e+00	0.00e+00	1.63e-07	5.18e-10	5.94e-10
 7.05707e+18	2.01e-07	3.86e-03	9.96e-01	3.36e-06	0.00e+00	0.00e+00	0.00e+00	0.00e+00	0.00e+00	1.99e-07	6.33e-10	7.26e-10
 7.48797e+18	2.51e-07	4.26e-03	9.96e-01	2.77e-06	0.00e+00	0.00e+00	0.00e+00	0.00e+00	0.00e+00	2.49e-07	7.95e-10	9.11e-10
 7.92278e+18	3.12e-07	4.69e-03	9.95e-01	2.31e-06	0.00e+00	0.00e+00	0.00e+00	0.00e+00	0.00e+00	3.10e-07	9.88e-10	1.13e-09
 8.37498e+18	3.91e-07	5.17e-03	9.95e-01	1.92e-06	0.00e+00	0.00e+00	0.00e+00	0.00e+00	0.00e+00	3.88e-07	1.24e-09	1.42e-09
 8.85860e+18	4.91e-07	5.71e-03	9.94e-01	1.59e-06	0.00e+00	0.00e+00	0.00e+00	0.00e+00	0.00e+00	4.87e-07	1.56e-09	1.79e-09
 9.36155e+18	6.22e-07	6.33e-03	9.94e-01	1.31e-06	0.00e+00	0.00e+00	0.00e+00	0.00e+00	0.00e+00	6.18e-07	1.99e-09	2.28e-09
 9.88463e+18	7.87e-07	7.00e-03	9.93e-01	1.09e-06	0.00e+00	0.00e+00	0.00e+00	0.00e+00	0.00e+00	7.82e-07	2.52e-09	2.89e-09
 1.04286e+19	1.00e-06	7.77e-03	9.92e-01	9.02e-07	0.00e+00	0.00e+00	0.00e+00	0.00e+00	0.00e+00	9.95e-07	3.22e-09	3.69e-09
 1.09944e+19	1.29e-06	8.64e-03	9.91e-01	7.47e-07	0.00e+00	0.00e+00	0.00e+00	0.00e+00	0.00e+00	1.28e-06	4.15e-09	4.75e-09
 1.15828e+19	1.65e-06	9.62e-03	9.90e-01	6.20e-07	0.00e+00	0.00e+00	0.00e+00	0.00e+00	0.00e+00	1.64e-06	5.36e-09	6.13e-09
 1.21947e+19	2.14e-06	1.07e-02	9.89e-01	5.14e-07	0.00e+00	0.00e+00	0.00e+00	0.00e+00	0.00e+00	2.12e-06	6.95e-09	7.95e-09
 1.28311e+19	2.78e-06	1.20e-02	9.88e-01	4.26e-07	0.00e+00	0.00e+00	0.00e+00	0.00e+00	0.00e+00	2.76e-06	9.06e-09	1.04e-08
 1.34930e+19	3.64e-06	1.34e-02	9.87e-01	3.54e-07	0.00e+00	0.00e+00	0.00e+00	0.00e+00	0.00e+00	3.61e-06	1.19e-08	1.36e-08
 1.41813e+19	4.80e-06	1.51e-02	9.85e-01	2.94e-07	0.00e+00	0.00e+00	0.00e+00	0.00e+00	0.00e+00	4.77e-06	1.58e-08	1.80e-08
 1.48972e+19	6.42e-06	1.70e-02	9.83e-01	2.43e-07	0.00e+00	0.00e+00	0.00e+00	0.00e+00	0.00e+00	6.38e-06	2.11e-08	2.41e-08
 1.56417e+19	8.70e-06	1.92e-02	9.81e-01	2.01e-07	0.00e+00	0.00e+00	0.00e+00	0.00e+00	0.00e+00	8.64e-06	2.87e-08	3.27e-08
 1.64159e+19	1.19e-05	2.18e-02	9.78e-01	1.67e-07	0.00e+00	0.00e+00	0.00e+00	0.00e+00	0.00e+00	1.18e-05	3.91e-08	4.45e-08
 1.71883e+19	1.63e-05	2.48e-02	9.75e-01	1.39e-07	0.00e+00	0.00e+00	0.00e+00	0.00e+00	0.00e+00	1.62e-05	5.36e-08	6.11e-08
 1.79126e+19	2.22e-05	2.81e-02	9.72e-01	0.00e+00	0.00e+00	0.00e+00	0.00e+00	0.00e+00	0.00e+00	2.21e-05	7.27e-08	8.29e-08
 1.85826e+19	2.98e-05	3.16e-02	9.68e-01	0.00e+00	0.00e+00	0.00e+00	0.00e+00	0.00e+00	0.00e+00	2.96e-05	9.72e-08	1.11e-07
 1.92171e+19	4.08e-05	3.60e-02	9.64e-01	0.00e+00	0.00e+00	0.00e+00	0.00e+00	0.00e+00	0.00e+00	4.05e-05	1.33e-07	1.52e-07
 1.98100e+19	5.48e-05	4.05e-02	9.59e-01	0.00e+00	0.00e+00	0.00e+00	0.00e+00	0.00e+00	0.00e+00	5.44e-05	1.78e-07	2.03e-07
 2.03567e+19	7.28e-05	4.55e-02	9.54e-01	0.00e+00	0.00e+00	0.00e+00	0.00e+00	0.00e+00	0.00e+00	7.23e-05	2.35e-07	2.67e-07
 2.08193e+19	9.38e-05	5.05e-02	9.49e-01	0.00e+00	0.00e+00	0.00e+00	0.00e+00	0.00e+00	0.00e+00	9.31e-05	3.01e-07	3.42e-07
 2.11835e+19	1.16e-04	5.52e-02	9.45e-01	0.00e+00	0.00e+00	0.00e+00	0.00e+00	0.00e+00	0.00e+00	1.15e-04	3.70e-07	4.21e-07
 2.15666e+19	1.48e-04	6.11e-02	9.39e-01	0.00e+00	0.00e+00	0.00e+00	0.00e+00	0.00e+00	0.00e+00	1.47e-04	4.69e-07	5.34e-07
 2.19712e+19	1.94e-04	6.86e-02	9.31e-01	0.00e+00	0.00e+00	0.00e+00	0.00e+00	0.00e+00	0.00e+00	1.92e-04	6.11e-07	6.95e-07
 2.23035e+19	2.46e-04	7.61e-02	9.24e-01	0.00e+00	0.00e+00	0.00e+00	0.00e+00	0.00e+00	0.00e+00	2.44e-04	7.72e-07	8.78e-07
 2.25731e+19	3.03e-04	8.35e-02	9.16e-01	0.00e+00	0.00e+00	0.00e+00	0.00e+00	0.00e+00	0.00e+00	3.01e-04	9.47e-07	1.08e-06
 2.28238e+19	3.72e-04	9.14e-02	9.08e-01	0.00e+00	0.00e+00	0.00e+00	0.00e+00	0.00e+00	0.00e+00	3.69e-04	1.16e-06	1.32e-06
 2.31120e+19	4.83e-04	1.03e-01	8.97e-01	0.00e+00	0.00e+00	0.00e+00	0.00e+00	0.00e+00	0.00e+00	4.80e-04	1.50e-06	1.71e-06
 2.33990e+19	6.35e-04	1.17e-01	8.83e-01	0.00e+00	0.00e+00	0.00e+00	0.00e+00	0.00e+00	0.00e+00	6.31e-04	1.97e-06	2.23e-06
 2.36127e+19	7.95e-04	1.29e-01	8.70e-01	0.00e+00	0.00e+00	0.00e+00	0.00e+00	0.00e+00	0.00e+00	7.89e-04	2.46e-06	2.79e-06
 2.37739e+19	9.51e-04	1.40e-01	8.59e-01	0.00e+00	0.00e+00	0.00e+00	0.00e+00	0.00e+00	0.00e+00	9.45e-04	2.94e-06	3.34e-06
 2.39385e+19	1.16e-03	1.54e-01	8.45e-01	0.00e+00	0.00e+00	0.00e+00	0.00e+00	0.00e+00	0.00e+00	1.15e-03	3.58e-06	4.07e-06
 2.41161e+19	1.45e-03	1.71e-01	8.28e-01	0.00e+00	0.00e+00	0.00e+00	0.00e+00	0.00e+00	0.00e+00	1.44e-03	4.48e-06	5.09e-06
 2.42677e+19	1.79e-03	1.88e-01	8.10e-01	0.00e+00	0.00e+00	0.00e+00	0.00e+00	0.00e+00	0.00e+00	1.77e-03	5.51e-06	6.26e-06
 2.43933e+19	2.15e-03	2.04e-01	7.94e-01	0.00e+00	0.00e+00	0.00e+00	0.00e+00	0.00e+00	0.00e+00	2.13e-03	6.63e-06	7.53e-06
 2.45102e+19	2.57e-03	2.22e-01	7.75e-01	0.00e+00	0.00e+00	0.00e+00	0.00e+00	0.00e+00	0.00e+00	2.56e-03	7.95e-06	9.03e-06
 2.46442e+19	3.21e-03	2.46e-01	7.51e-01	0.00e+00	0.00e+00	0.00e+00	0.00e+00	0.00e+00	0.00e+00	3.19e-03	9.93e-06	1.13e-05
 2.47810e+19	4.08e-03	2.74e-01	7.22e-01	0.00e+00	0.00e+00	0.00e+00	0.00e+00	0.00e+00	0.00e+00	4.05e-03	1.26e-05	1.43e-05
 2.48874e+19	4.98e-03	3.00e-01	6.95e-01	0.00e+00	0.00e+00	0.00e+00	0.00e+00	0.00e+00	0.00e+00	4.95e-03	1.55e-05	1.76e-05
 2.49735e+19	5.93e-03	3.23e-01	6.71e-01	0.00e+00	0.00e+00	0.00e+00	0.00e+00	0.00e+00	0.00e+00	5.89e-03	1.84e-05	2.09e-05
 2.50672e+19	7.29e-03	3.54e-01	6.39e-01	0.00e+00	0.00e+00	0.00e+00	0.00e+00	0.00e+00	0.00e+00	7.24e-03	2.27e-05	2.58e-05
 2.51666e+19	9.13e-03	3.89e-01	6.02e-01	0.00e+00	0.00e+00	0.00e+00	0.00e+00	0.00e+00	0.00e+00	9.07e-03	2.85e-05	3.24e-05
 2.52495e+19	1.12e-02	4.23e-01	5.66e-01	0.00e+00	0.00e+00	0.00e+00	0.00e+00	0.00e+00	0.00e+00	1.11e-02	3.50e-05	3.98e-05
 2.53187e+19	1.34e-02	4.54e-01	5.32e-01	0.00e+00	0.00e+00	0.00e+00	0.00e+00	0.00e+00	0.00e+00	1.33e-02	4.20e-05	4.78e-05
 2.53937e+19	1.65e-02	4.92e-01	4.91e-01	0.00e+00	0.00e+00	0.00e+00	0.00e+00	0.00e+00	0.00e+00	1.64e-02	5.20e-05	5.91e-05
 2.54726e+19	2.08e-02	5.35e-01	4.44e-01	0.00e+00	0.00e+00	0.00e+00	0.00e+00	0.00e+00	0.00e+00	2.06e-02	6.56e-05	7.46e-05
 2.55372e+19	2.55e-02	5.73e-01	4.02e-01	0.00e+00	0.00e+00	0.00e+00	0.00e+00	0.00e+00	0.00e+00	2.53e-02	8.07e-05	9.17e-05
 2.55903e+19	3.04e-02	6.06e-01	3.64e-01	0.00e+00	0.00e+00	0.00e+00	0.00e+00	0.00e+00	0.00e+00	3.02e-02	9.67e-05	1.10e-04
 2.56478e+19	3.74e-02	6.43e-01	3.20e-01	0.00e+00	0.00e+00	0.00e+00	0.00e+00	0.00e+00	0.00e+00	3.71e-02	1.19e-04	1.35e-04
 2.57089e+19	4.70e-02	6.82e-01	2.71e-01	0.00e+00	0.00e+00	0.00e+00	0.00e+00	0.00e+00	0.00e+00	4.67e-02	1.51e-04	1.71e-04
 2.57594e+19	5.78e-02	7.13e-01	2.29e-01	0.00e+00	0.00e+00	0.00e+00	0.00e+00	0.00e+00	0.00e+00	5.74e-02	1.86e-04	2.11e-04
 2.58007e+19	6.90e-02	7.35e-01	1.96e-01	0.00e+00	0.00e+00	0.00e+00	0.00e+00	0.00e+00	0.00e+00	6.85e-02	2.22e-04	2.52e-04
 2.58349e+19	8.06e-02	7.52e-01	1.67e-01	0.00e+00	0.00e+00	0.00e+00	0.00e+00	0.00e+00	0.00e+00	8.00e-02	2.60e-04	2.96e-04
 2.58624e+19	9.17e-02	7.63e-01	1.46e-01	0.00e+00	0.00e+00	0.00e+00	0.00e+00	0.00e+00	0.00e+00	9.11e-02	2.96e-04	3.37e-04
 2.58873e+19	1.04e-01	7.70e-01	1.26e-01	0.00e+00	0.00e+00	0.00e+00	0.00e+00	0.00e+00	0.00e+00	1.03e-01	3.35e-04	3.82e-04
 2.59117e+19	1.18e-01	7.75e-01	1.08e-01	0.00e+00	0.00e+00	0.00e+00	0.00e+00	0.00e+00	0.00e+00	1.17e-01	3.80e-04	4.33e-04
 2.59349e+19	1.33e-01	7.76e-01	9.12e-02	0.00e+00	0.00e+00	0.00e+00	0.00e+00	0.00e+00	0.00e+00	1.32e-01	4.30e-04	4.90e-04
 2.59560e+19	1.49e-01	7.74e-01	7.71e-02	0.00e+00	0.00e+00	0.00e+00	0.00e+00	0.00e+00	0.00e+00	1.48e-01	4.83e-04	5.50e-04
 2.59751e+19	1.67e-01	7.68e-01	6.51e-02	0.00e+00	0.00e+00	0.00e+00	0.00e+00	0.00e+00	0.00e+00	1.65e-01	5.37e-04	6.12e-04
 2.59927e+19	1.85e-01	7.60e-01	5.49e-02	0.00e+00	0.00e+00	0.00e+00	0.00e+00	0.00e+00	0.00e+00	1.84e-01	5.95e-04	6.78e-04
 2.60093e+19	2.04e-01	7.50e-01	4.61e-02	0.00e+00	0.00e+00	0.00e+00	0.00e+00	0.00e+00	0.00e+00	2.03e-01	6.55e-04	7.47e-04
 2.60249e+19	2.25e-01	7.37e-01	3.85e-02	0.00e+00	0.00e+00	0.00e+00	0.00e+00	0.00e+00	0.00e+00	2.23e-01	7.19e-04	8.20e-04
 2.60395e+19	2.47e-01	7.21e-01	3.20e-02	0.00e+00	0.00e+00	0.00e+00	0.00e+00	0.00e+00	0.00e+00	2.45e-01	7.85e-04	8.95e-04
 2.60532e+19	2.69e-01	7.04e-01	2.65e-02	0.00e+00	0.00e+00	0.00e+00	0.00e+00	0.00e+00	0.00e+00	2.68e-01	8.52e-04	9.72e-04
 2.60661e+19	2.93e-01	6.85e-01	2.19e-02	0.00e+00	0.00e+00	0.00e+00	0.00e+00	0.00e+00	0.00e+00	2.91e-01	9.21e-04	1.05e-03
 2.60783e+19	3.18e-01	6.64e-01	1.80e-02	0.00e+00	0.00e+00	0.00e+00	0.00e+00	0.00e+00	0.00e+00	3.16e-01	9.90e-04	1.13e-03
 2.60900e+19	3.43e-01	6.42e-01	1.48e-02	0.00e+00	0.00e+00	0.00e+00	0.00e+00	0.00e+00	0.00e+00	3.41e-01	1.06e-03	1.21e-03
 2.61011e+19	3.70e-01	6.18e-01	1.20e-02	0.00e+00	0.00e+00	0.00e+00	0.00e+00	0.00e+00	0.00e+00	3.67e-01	1.13e-03	1.29e-03
 2.61117e+19	3.97e-01	5.94e-01	9.76e-03	0.00e+00	0.00e+00	0.00e+00	0.00e+00	0.00e+00	0.00e+00	3.94e-01	1.20e-03	1.37e-03
 2.61218e+19	4.24e-01	5.68e-01	7.87e-03	0.00e+00	0.00e+00	0.00e+00	0.00e+00	0.00e+00	0.00e+00	4.22e-01	1.26e-03	1.44e-03
 2.61316e+19	4.53e-01	5.41e-01	6.31e-03	0.00e+00	0.00e+00	0.00e+00	0.00e+00	0.00e+00	0.00e+00	4.50e-01	1.33e-03	1.51e-03
 2.61411e+19	4.81e-01	5.14e-01	5.02e-03	0.00e+00	0.00e+00	0.00e+00	0.00e+00	0.00e+00	0.00e+00	4.78e-01	1.39e-03	1.58e-03
 2.61498e+19	5.09e-01	4.87e-01	4.01e-03	0.00e+00	0.00e+00	0.00e+00	0.00e+00	0.00e+00	0.00e+00	5.06e-01	1.44e-03	1.64e-03
 2.61577e+19	5.34e-01	4.62e-01	3.25e-03	0.00e+00	0.00e+00	0.00e+00	0.00e+00	0.00e+00	0.00e+00	5.31e-01	1.48e-03	1.69e-03
 2.61647e+19	5.58e-01	4.40e-01	2.67e-03	0.00e+00	0.00e+00	0.00e+00	0.00e+00	0.00e+00	0.00e+00	5.54e-01	1.52e-03	1.74e-03
 2.61711e+19	5.79e-01	4.19e-01	2.20e-03	0.00e+00	0.00e+00	0.00e+00	0.00e+00	0.00e+00	0.00e+00	5.76e-01	1.55e-03	1.77e-03
 2.61761e+19	5.95e-01	4.03e-01	1.91e-03	0.00e+00	0.00e+00	0.00e+00	0.00e+00	0.00e+00	0.00e+00	5.92e-01	1.57e-03	1.79e-03
 2.61794e+19	6.06e-01	3.92e-01	1.73e-03	0.00e+00	0.00e+00	0.00e+00	0.00e+00	0.00e+00	0.00e+00	6.03e-01	1.58e-03	1.81e-03
 2.61826e+19	6.17e-01	3.82e-01	1.56e-03	0.00e+00	0.00e+00	0.00e+00	0.00e+00	0.00e+00	0.00e+00	6.13e-01	1.59e-03	1.82e-03
 2.61863e+19	6.30e-01	3.69e-01	1.38e-03	0.00e+00	0.00e+00	0.00e+00	0.00e+00	0.00e+00	0.00e+00	6.26e-01	1.61e-03	1.84e-03
 2.61901e+19	6.43e-01	3.56e-01	1.21e-03	0.00e+00	0.00e+00	0.00e+00	0.00e+00	0.00e+00	0.00e+00	6.39e-01	1.62e-03	1.85e-03
 2.61937e+19	6.55e-01	3.44e-01	1.07e-03	0.00e+00	0.00e+00	0.00e+00	0.00e+00	0.00e+00	0.00e+00	6.51e-01	1.63e-03	1.86e-03
 2.61971e+19	6.66e-01	3.33e-01	9.49e-04	0.00e+00	0.00e+00	0.00e+00	0.00e+00	0.00e+00	0.00e+00	6.63e-01	1.64e-03	1.87e-03
 2.62004e+19	6.78e-01	3.21e-01	8.43e-04	0.00e+00	0.00e+00	0.00e+00	0.00e+00	0.00e+00	0.00e+00	6.74e-01	1.64e-03	1.87e-03
 2.62038e+19	6.89e-01	3.10e-01	7.43e-04	0.00e+00	0.00e+00	0.00e+00	0.00e+00	0.00e+00	0.00e+00	6.86e-01	1.65e-03	1.88e-03
 2.62071e+19	7.00e-01	2.99e-01	6.57e-04	0.00e+00	0.00e+00	0.00e+00	0.00e+00	0.00e+00	0.00e+00	6.97e-01	1.65e-03	1.88e-03
 2.62103e+19	7.11e-01	2.88e-01	5.78e-04	0.00e+00	0.00e+00	0.00e+00	0.00e+00	0.00e+00	0.00e+00	7.08e-01	1.65e-03	1.88e-03
 2.62135e+19	7.22e-01	2.78e-01	5.11e-04	0.00e+00	0.00e+00	0.00e+00	0.00e+00	0.00e+00	0.00e+00	7.18e-01	1.65e-03	1.88e-03
 2.62166e+19	7.32e-01	2.67e-01	4.50e-04	0.00e+00	0.00e+00	0.00e+00	0.00e+00	0.00e+00	0.00e+00	7.29e-01	1.65e-03	1.88e-03
 2.62197e+19	7.42e-01	2.57e-01	3.97e-04	0.00e+00	0.00e+00	0.00e+00	0.00e+00	0.00e+00	0.00e+00	7.39e-01	1.64e-03	1.87e-03
 2.62228e+19	7.52e-01	2.47e-01	3.48e-04	0.00e+00	0.00e+00	0.00e+00	0.00e+00	0.00e+00	0.00e+00	7.49e-01	1.64e-03	1.87e-03
 2.62258e+19	7.62e-01	2.38e-01	3.07e-04	0.00e+00	0.00e+00	0.00e+00	0.00e+00	0.00e+00	0.00e+00	7.58e-01	1.63e-03	1.86e-03
 2.62288e+19	7.71e-01	2.28e-01	2.69e-04	0.00e+00	0.00e+00	0.00e+00	0.00e+00	0.00e+00	0.00e+00	7.68e-01	1.63e-03	1.85e-03
 2.62317e+19	7.80e-01	2.19e-01	2.37e-04	0.00e+00	0.00e+00	0.00e+00	0.00e+00	0.00e+00	0.00e+00	7.77e-01	1.62e-03	1.84e-03
 2.62346e+19	7.89e-01	2.11e-01	2.07e-04	0.00e+00	0.00e+00	0.00e+00	0.00e+00	0.00e+00	0.00e+00	7.86e-01	1.61e-03	1.83e-03
 2.62374e+19	7.98e-01	2.02e-01	1.82e-04	0.00e+00	0.00e+00	0.00e+00	0.00e+00	0.00e+00	0.00e+00	7.94e-01	1.60e-03	1.82e-03
 2.62403e+19	8.06e-01	1.94e-01	1.59e-04	0.00e+00	0.00e+00	0.00e+00	0.00e+00	0.00e+00	0.00e+00	8.03e-01	1.59e-03	1.80e-03
 2.62431e+19	8.14e-01	1.86e-01	1.40e-04	0.00e+00	0.00e+00	0.00e+00	0.00e+00	0.00e+00	0.00e+00	8.11e-01	1.57e-03	1.79e-03
 2.62459e+19	8.22e-01	1.78e-01	1.22e-04	0.00e+00	0.00e+00	0.00e+00	0.00e+00	0.00e+00	0.00e+00	8.19e-01	1.56e-03	1.78e-03
 2.62486e+19	8.29e-01	1.71e-01	1.07e-04	0.00e+00	0.00e+00	0.00e+00	0.00e+00	0.00e+00	0.00e+00	8.26e-01	1.55e-03	1.76e-03
 2.62513e+19	8.37e-01	1.63e-01	9.33e-05	0.00e+00	0.00e+00	0.00e+00	0.00e+00	0.00e+00	0.00e+00	8.33e-01	1.54e-03	1.75e-03
 2.62540e+19	8.44e-01	1.56e-01	8.14e-05	0.00e+00	0.00e+00	0.00e+00	0.00e+00	0.00e+00	0.00e+00	8.40e-01	1.52e-03	1.73e-03
 2.62566e+19	8.50e-01	1.50e-01	7.11e-05	0.00e+00	0.00e+00	0.00e+00	0.00e+00	0.00e+00	0.00e+00	8.47e-01	1.51e-03	1.71e-03
 2.62592e+19	8.57e-01	1.43e-01	6.20e-05	0.00e+00	0.00e+00	0.00e+00	0.00e+00	0.00e+00	0.00e+00	8.54e-01	1.50e-03	1.70e-03
 2.62618e+19	8.63e-01	1.37e-01	5.40e-05	0.00e+00	0.00e+00	0.00e+00	0.00e+00	0.00e+00	0.00e+00	8.60e-01	1.48e-03	1.68e-03
 2.62644e+19	8.69e-01	1.31e-01	4.72e-05	0.00e+00	0.00e+00	0.00e+00	0.00e+00	0.00e+00	0.00e+00	8.66e-01	1.47e-03	1.66e-03
 2.62669e+19	8.75e-01	1.25e-01	4.12e-05	0.00e+00	0.00e+00	0.00e+00	0.00e+00	0.00e+00	0.00e+00	8.72e-01	1.46e-03	1.65e-03
 2.62693e+19	8.80e-01	1.20e-01	3.61e-05	0.00e+00	0.00e+00	0.00e+00	0.00e+00	0.00e+00	0.00e+00	8.77e-01	1.44e-03	1.63e-03
 2.62717e+19	8.85e-01	1.15e-01	3.16e-05	0.00e+00	0.00e+00	0.00e+00	0.00e+00	0.00e+00	0.00e+00	8.82e-01	1.43e-03	1.62e-03
 2.62741e+19	8.90e-01	1.10e-01	2.76e-05	0.00e+00	0.00e+00	0.00e+00	0.00e+00	0.00e+00	0.00e+00	8.87e-01	1.42e-03	1.60e-03
 2.62764e+19	8.95e-01	1.05e-01	2.42e-05	0.00e+00	0.00e+00	0.00e+00	0.00e+00	0.00e+00	0.00e+00	8.92e-01	1.40e-03	1.58e-03
 2.62786e+19	8.99e-01	1.01e-01	2.13e-05	0.00e+00	0.00e+00	0.00e+00	0.00e+00	0.00e+00	0.00e+00	8.96e-01	1.39e-03	1.57e-03
 2.62809e+19	9.03e-01	9.65e-02	1.87e-05	0.00e+00	0.00e+00	0.00e+00	0.00e+00	0.00e+00	0.00e+00	9.01e-01	1.38e-03	1.55e-03
 2.62831e+19	9.07e-01	9.25e-02	1.64e-05	0.00e+00	0.00e+00	0.00e+00	0.00e+00	0.00e+00	0.00e+00	9.05e-01	1.37e-03	1.54e-03
 2.62852e+19	9.11e-01	8.86e-02	1.44e-05	0.00e+00	0.00e+00	0.00e+00	0.00e+00	0.00e+00	0.00e+00	9.08e-01	1.35e-03	1.53e-03
 2.62874e+19	9.15e-01	8.49e-02	1.27e-05	0.00e+00	0.00e+00	0.00e+00	0.00e+00	0.00e+00	0.00e+00	9.12e-01	1.34e-03	1.51e-03
 2.62895e+19	9.19e-01	8.14e-02	1.12e-05	0.00e+00	0.00e+00	0.00e+00	0.00e+00	0.00e+00	0.00e+00	9.16e-01	1.33e-03	1.50e-03
 2.62915e+19	9.22e-01	7.81e-02	9.87e-06	0.00e+00	0.00e+00	0.00e+00	0.00e+00	0.00e+00	0.00e+00	9.19e-01	1.32e-03	1.49e-03
 2.62936e+19	9.25e-01	7.49e-02	8.71e-06	0.00e+00	0.00e+00	0.00e+00	0.00e+00	0.00e+00	0.00e+00	9.22e-01	1.31e-03	1.47e-03
 2.62956e+19	9.28e-01	7.18e-02	7.69e-06	0.00e+00	0.00e+00	0.00e+00	0.00e+00	0.00e+00	0.00e+00	9.25e-01	1.30e-03	1.46e-03
 2.62975e+19	9.31e-01	6.89e-02	6.79e-06	0.00e+00	0.00e+00	0.00e+00	0.00e+00	0.00e+00	0.00e+00	9.28e-01	1.29e-03	1.45e-03
 2.62995e+19	9.34e-01	6.61e-02	6.00e-06	0.00e+00	0.00e+00	0.00e+00	0.00e+00	0.00e+00	0.00e+00	9.31e-01	1.28e-03	1.44e-03
 2.63014e+19	9.37e-01	6.34e-02	5.31e-06	0.00e+00	0.00e+00	0.00e+00	0.00e+00	0.00e+00	0.00e+00	9.34e-01	1.27e-03	1.43e-03
 2.63033e+19	9.39e-01	6.09e-02	4.70e-06	0.00e+00	0.00e+00	0.00e+00	0.00e+00	0.00e+00	0.00e+00	9.36e-01	1.26e-03	1.42e-03
 2.63052e+19	9.42e-01	5.84e-02	4.16e-06	0.00e+00	0.00e+00	0.00e+00	0.00e+00	0.00e+00	0.00e+00	9.39e-01	1.26e-03	1.41e-03
 2.63070e+19	9.44e-01	5.61e-02	3.69e-06	0.00e+00	0.00e+00	0.00e+00	0.00e+00	0.00e+00	0.00e+00	9.41e-01	1.25e-03	1.40e-03
 2.63089e+19	9.46e-01	5.39e-02	3.27e-06	0.00e+00	0.00e+00	0.00e+00	0.00e+00	0.00e+00	0.00e+00	9.44e-01	1.24e-03	1.39e-03
 2.63107e+19	9.48e-01	5.17e-02	2.90e-06	0.00e+00	0.00e+00	0.00e+00	0.00e+00	0.00e+00	0.00e+00	9.46e-01	1.23e-03	1.38e-03
 2.63125e+19	9.50e-01	4.97e-02	2.57e-06	0.00e+00	0.00e+00	0.00e+00	0.00e+00	0.00e+00	0.00e+00	9.48e-01	1.23e-03	1.37e-03
 2.63142e+19	9.52e-01	4.77e-02	2.28e-06	0.00e+00	0.00e+00	0.00e+00	0.00e+00	0.00e+00	0.00e+00	9.50e-01	1.22e-03	1.36e-03
 2.63160e+19	9.54e-01	4.58e-02	2.03e-06	0.00e+00	0.00e+00	0.00e+00	0.00e+00	0.00e+00	0.00e+00	9.52e-01	1.21e-03	1.36e-03
 2.63177e+19	9.56e-01	4.40e-02	1.80e-06	0.00e+00	0.00e+00	0.00e+00	0.00e+00	0.00e+00	0.00e+00	9.53e-01	1.21e-03	1.35e-03
 2.63194e+19	9.58e-01	4.23e-02	1.60e-06	0.00e+00	0.00e+00	0.00e+00	0.00e+00	0.00e+00	0.00e+00	9.55e-01	1.20e-03	1.34e-03
 2.63211e+19	9.59e-01	4.07e-02	1.43e-06	0.00e+00	0.00e+00	0.00e+00	0.00e+00	0.00e+00	0.00e+00	9.57e-01	1.20e-03	1.34e-03
 2.63227e+19	9.61e-01	3.91e-02	1.27e-06	0.00e+00	0.00e+00	0.00e+00	0.00e+00	0.00e+00	0.00e+00	9.58e-01	1.19e-03	1.33e-03
 2.63244e+19	9.62e-01	3.75e-02	1.13e-06	0.00e+00	0.00e+00	0.00e+00	0.00e+00	0.00e+00	0.00e+00	9.60e-01	1.19e-03	1.32e-03
 2.63260e+19	9.64e-01	3.61e-02	1.01e-06	0.00e+00	0.00e+00	0.00e+00	0.00e+00	0.00e+00	0.00e+00	9.61e-01	1.19e-03	1.32e-03
 2.63276e+19	9.65e-01	3.47e-02	9.00e-07	0.00e+00	0.00e+00	0.00e+00	0.00e+00	0.00e+00	0.00e+00	9.63e-01	1.18e-03	1.32e-03
 2.63292e+19	9.67e-01	3.33e-02	8.03e-07	0.00e+00	0.00e+00	0.00e+00	0.00e+00	0.00e+00	0.00e+00	9.64e-01	1.18e-03	1.31e-03
 2.63307e+19	9.68e-01	3.20e-02	7.16e-07	0.00e+00	0.00e+00	0.00e+00	0.00e+00	0.00e+00	0.00e+00	9.65e-01	1.18e-03	1.31e-03
 2.63323e+19	9.69e-01	3.08e-02	6.40e-07	0.00e+00	0.00e+00	0.00e+00	0.00e+00	0.00e+00	0.00e+00	9.67e-01	1.18e-03	1.31e-03
 2.63338e+19	9.70e-01	2.96e-02	5.72e-07	0.00e+00	0.00e+00	0.00e+00	0.00e+00	0.00e+00	0.00e+00	9.68e-01	1.18e-03	1.30e-03
 2.63353e+19	9.72e-01	2.85e-02	5.11e-07	0.00e+00	0.00e+00	0.00e+00	0.00e+00	0.00e+00	0.00e+00	9.69e-01	1.17e-03	1.30e-03
 2.63367e+19	9.73e-01	2.74e-02	4.57e-07	0.00e+00	0.00e+00	0.00e+00	0.00e+00	0.00e+00	0.00e+00	9.70e-01	1.17e-03	1.30e-03
 2.63382e+19	9.74e-01	2.63e-02	4.09e-07	0.00e+00	0.00e+00	0.00e+00	0.00e+00	0.00e+00	0.00e+00	9.71e-01	1.17e-03	1.30e-03
 2.63396e+19	9.75e-01	2.53e-02	3.66e-07	0.00e+00	0.00e+00	0.00e+00	0.00e+00	0.00e+00	0.00e+00	9.72e-01	1.18e-03	1.30e-03
 2.63410e+19	9.76e-01	2.43e-02	3.29e-07	0.00e+00	0.00e+00	0.00e+00	0.00e+00	0.00e+00	0.00e+00	9.73e-01	1.18e-03	1.30e-03
 2.63423e+19	9.77e-01	2.34e-02	2.95e-07	0.00e+00	0.00e+00	0.00e+00	0.00e+00	0.00e+00	0.00e+00	9.74e-01	1.18e-03	1.30e-03
 2.63436e+19	9.78e-01	2.24e-02	2.64e-07	0.00e+00	0.00e+00	0.00e+00	0.00e+00	0.00e+00	0.00e+00	9.75e-01	1.18e-03	1.31e-03
 2.63449e+19	9.78e-01	2.16e-02	2.38e-07	0.00e+00	0.00e+00	0.00e+00	0.00e+00	0.00e+00	0.00e+00	9.76e-01	1.19e-03	1.31e-03
 2.63461e+19	9.79e-01	2.06e-02	2.13e-07	0.00e+00	0.00e+00	0.00e+00	0.00e+00	0.00e+00	0.00e+00	9.77e-01	1.19e-03	1.31e-03
 2.63473e+19	9.80e-01	1.98e-02	1.92e-07	0.00e+00	0.00e+00	0.00e+00	0.00e+00	0.00e+00	0.00e+00	9.78e-01	1.20e-03	1.32e-03
 2.63484e+19	9.81e-01	1.90e-02	1.73e-07	0.00e+00	0.00e+00	0.00e+00	0.00e+00	0.00e+00	0.00e+00	9.78e-01	1.21e-03	1.33e-03
 2.63494e+19	9.82e-01	1.82e-02	1.56e-07	0.00e+00	0.00e+00	0.00e+00	0.00e+00	0.00e+00	0.00e+00	9.79e-01	1.22e-03	1.34e-03
 2.63502e+19	9.82e-01	1.75e-02	1.43e-07	0.00e+00	0.00e+00	0.00e+00	0.00e+00	0.00e+00	0.00e+00	9.80e-01	1.24e-03	1.35e-03
 2.63509e+19	9.83e-01	1.69e-02	1.33e-07	0.00e+00	0.00e+00	0.00e+00	0.00e+00	0.00e+00	0.00e+00	9.80e-01	1.25e-03	1.36e-03
 2.63514e+19	9.84e-01	1.64e-02	1.25e-07	0.00e+00	0.00e+00	0.00e+00	0.00e+00	0.00e+00	0.00e+00	9.81e-01	1.26e-03	1.37e-03
 2.63518e+19	9.84e-01	1.60e-02	1.18e-07	0.00e+00	0.00e+00	0.00e+00	0.00e+00	0.00e+00	0.00e+00	9.81e-01	1.28e-03	1.39e-03
 2.63522e+19	9.84e-01	1.56e-02	1.12e-07	0.00e+00	0.00e+00	0.00e+00	0.00e+00	0.00e+00	0.00e+00	9.82e-01	1.29e-03	1.40e-03
 2.63525e+19	9.85e-01	1.52e-02	1.07e-07	0.00e+00	0.00e+00	0.00e+00	0.00e+00	0.00e+00	0.00e+00	9.82e-01	1.30e-03	1.41e-03
 2.63528e+19	9.85e-01	1.49e-02	1.02e-07	0.00e+00	0.00e+00	0.00e+00	0.00e+00	0.00e+00	0.00e+00	9.82e-01	1.32e-03	1.43e-03
 2.63530e+19	9.86e-01	1.45e-02	9.75e-08	0.00e+00	0.00e+00	0.00e+00	0.00e+00	0.00e+00	0.00e+00	9.83e-01	1.34e-03	1.44e-03
 2.63533e+19	9.86e-01	1.41e-02	9.26e-08	0.00e+00	0.00e+00	0.00e+00	0.00e+00	0.00e+00	0.00e+00	9.83e-01	1.35e-03	1.46e-03
 2.63536e+19	9.86e-01	1.36e-02	8.74e-08	0.00e+00	0.00e+00	0.00e+00	0.00e+00	0.00e+00	0.00e+00	9.84e-01	1.38e-03	1.48e-03
 2.63538e+19	9.87e-01	1.29e-02	8.07e-08	0.00e+00	0.00e+00	0.00e+00	0.00e+00	0.00e+00	0.00e+00	9.84e-01	1.42e-03	1.52e-03
 2.63541e+19	9.88e-01	1.19e-02	7.13e-08	0.00e+00	0.00e+00	0.00e+00	0.00e+00	0.00e+00	0.00e+00	9.85e-01	1.50e-03	1.60e-03
 2.63543e+19	9.97e-01	2.58e-03	7.43e-09	0.00e+00	0.00e+00	0.00e+00	0.00e+00	0.00e+00	0.00e+00	9.93e-01	2.10e-03	2.02e-03
