#depth	O	O+	O+2	O+3	O+4	O+5	O+6	O+7	O+8	O[1]	O[2]	O[3]
 6.40504e+13	9.62e-09	9.59e-04	9.53e-01	4.65e-02	4.08e-06	0.00e+00	0.00e+00	0.00e+00	0.00e+00	9.43e-09	8.98e-11	9.96e-11
 3.84302e+14	9.62e-09	9.60e-04	9.53e-01	4.63e-02	4.06e-06	0.00e+00	0.00e+00	0.00e+00	0.00e+00	9.43e-09	8.99e-11	9.96e-11
 1.66531e+15	9.65e-09	9.61e-04	9.53e-01	4.56e-02	3.98e-06	0.00e+00	0.00e+00	0.00e+00	0.00e+00	9.46e-09	9.01e-11	9.99e-11
 6.78934e+15	9.76e-09	9.68e-04	9.56e-01	4.29e-02	3.67e-06	0.00e+00	0.00e+00	0.00e+00	0.00e+00	9.57e-09	9.12e-11	1.01e-10
 1.62176e+16	9.96e-09	9.78e-04	9.60e-01	3.92e-02	3.24e-06	0.00e+00	0.00e+00	0.00e+00	0.00e+00	9.76e-09	9.27e-11	1.03e-10
 2.84742e+16	1.02e-08	9.92e-04	9.64e-01	3.47e-02	2.75e-06	0.00e+00	0.00e+00	0.00e+00	0.00e+00	1.00e-08	9.48e-11	1.05e-10
 4.44079e+16	1.05e-08	1.01e-03	9.70e-01	2.95e-02	2.21e-06	0.00e+00	0.00e+00	0.00e+00	0.00e+00	1.03e-08	9.75e-11	1.09e-10
 6.51217e+16	1.09e-08	1.03e-03	9.75e-01	2.38e-02	1.66e-06	0.00e+00	0.00e+00	0.00e+00	0.00e+00	1.07e-08	1.01e-10	1.13e-10
 8.94103e+16	1.14e-08	1.05e-03	9.81e-01	1.84e-02	1.19e-06	0.00e+00	0.00e+00	0.00e+00	0.00e+00	1.12e-08	1.05e-10	1.17e-10
 1.15753e+17	1.19e-08	1.08e-03	9.85e-01	1.38e-02	8.23e-07	0.00e+00	0.00e+00	0.00e+00	0.00e+00	1.17e-08	1.09e-10	1.22e-10
 1.47031e+17	1.25e-08	1.11e-03	9.89e-01	9.74e-03	5.27e-07	0.00e+00	0.00e+00	0.00e+00	0.00e+00	1.23e-08	1.15e-10	1.28e-10
 1.86676e+17	1.33e-08	1.14e-03	9.93e-01	6.23e-03	3.02e-07	0.00e+00	0.00e+00	0.00e+00	0.00e+00	1.31e-08	1.22e-10	1.36e-10
 2.36900e+17	1.44e-08	1.18e-03	9.95e-01	3.55e-03	1.53e-07	0.00e+00	0.00e+00	0.00e+00	0.00e+00	1.41e-08	1.30e-10	1.46e-10
 3.00613e+17	1.57e-08	1.23e-03	9.97e-01	1.76e-03	0.00e+00	0.00e+00	0.00e+00	0.00e+00	0.00e+00	1.54e-08	1.42e-10	1.59e-10
 3.81375e+17	1.75e-08	1.29e-03	9.98e-01	7.62e-04	0.00e+00	0.00e+00	0.00e+00	0.00e+00	0.00e+00	1.72e-08	1.58e-10	1.77e-10
 4.83472e+17	2.01e-08	1.38e-03	9.98e-01	2.94e-04	0.00e+00	0.00e+00	0.00e+00	0.00e+00	0.00e+00	1.97e-08	1.81e-10	2.03e-10
 6.11852e+17	2.37e-08	1.49e-03	9.98e-01	1.14e-04	0.00e+00	0.00e+00	0.00e+00	0.00e+00	0.00e+00	2.32e-08	2.12e-10	2.38e-10
 7.71250e+17	2.91e-08	1.63e-03	9.98e-01	5.17e-05	0.00e+00	0.00e+00	0.00e+00	0.00e+00	0.00e+00	2.86e-08	2.61e-10	2.92e-10
 9.50714e+17	3.64e-08	1.81e-03	9.98e-01	2.97e-05	0.00e+00	0.00e+00	0.00e+00	0.00e+00	0.00e+00	3.57e-08	3.25e-10	3.63e-10
 1.13736e+18	4.55e-08	2.00e-03	9.98e-01	1.99e-05	0.00e+00	0.00e+00	0.00e+00	0.00e+00	0.00e+00	4.46e-08	4.06e-10	4.54e-10
 1.29413e+18	5.48e-08	2.18e-03	9.98e-01	1.51e-05	0.00e+00	0.00e+00	0.00e+00	0.00e+00	0.00e+00	5.38e-08	4.89e-10	5.47e-10
 1.41570e+18	6.29e-08	2.31e-03	9.98e-01	1.25e-05	0.00e+00	0.00e+00	0.00e+00	0.00e+00	0.00e+00	6.17e-08	5.62e-10	6.28e-10
 1.54942e+18	7.27e-08	2.47e-03	9.98e-01	1.02e-05	0.00e+00	0.00e+00	0.00e+00	0.00e+00	0.00e+00	7.13e-08	6.50e-10	7.26e-10
 1.70436e+18	8.64e-08	2.66e-03	9.97e-01	8.24e-06	0.00e+00	0.00e+00	0.00e+00	0.00e+00	0.00e+00	8.47e-08	7.74e-10	8.64e-10
 1.87479e+18	1.03e-07	2.88e-03	9.97e-01	6.63e-06	0.00e+00	0.00e+00	0.00e+00	0.00e+00	0.00e+00	1.01e-07	9.27e-10	1.03e-09
 2.06227e+18	1.27e-07	3.15e-03	9.97e-01	5.29e-06	0.00e+00	0.00e+00	0.00e+00	0.00e+00	0.00e+00	1.24e-07	1.14e-09	1.27e-09
 2.25773e+18	1.54e-07	3.44e-03	9.97e-01	4.26e-06	0.00e+00	0.00e+00	0.00e+00	0.00e+00	0.00e+00	1.52e-07	1.39e-09	1.55e-09
 2.47273e+18	1.91e-07	3.77e-03	9.96e-01	3.41e-06	0.00e+00	0.00e+00	0.00e+00	0.00e+00	0.00e+00	1.87e-07	1.73e-09	1.92e-09
 2.71659e+18	2.44e-07	4.20e-03	9.96e-01	2.68e-06	0.00e+00	0.00e+00	0.00e+00	0.00e+00	0.00e+00	2.39e-07	2.22e-09	2.48e-09
 2.95293e+18	3.06e-07	4.63e-03	9.95e-01	2.18e-06	0.00e+00	0.00e+00	0.00e+00	0.00e+00	0.00e+00	3.00e-07	2.79e-09	3.11e-09
 3.19872e+18	3.84e-07	5.10e-03	9.95e-01	1.77e-06	0.00e+00	0.00e+00	0.00e+00	0.00e+00	0.00e+00	3.77e-07	3.52e-09	3.92e-09
 3.47529e+18	4.99e-07	5.70e-03	9.94e-01	1.42e-06	0.00e+00	0.00e+00	0.00e+00	0.00e+00	0.00e+00	4.89e-07	4.60e-09	5.12e-09
 3.74555e+18	6.36e-07	6.32e-03	9.94e-01	1.16e-06	0.00e+00	0.00e+00	0.00e+00	0.00e+00	0.00e+00	6.23e-07	5.89e-09	6.55e-09
 4.02662e+18	8.16e-07	7.02e-03	9.93e-01	9.52e-07	0.00e+00	0.00e+00	0.00e+00	0.00e+00	0.00e+00	8.00e-07	7.60e-09	8.45e-09
 4.33629e+18	1.07e-06	7.86e-03	9.92e-01	7.77e-07	0.00e+00	0.00e+00	0.00e+00	0.00e+00	0.00e+00	1.05e-06	1.00e-08	1.11e-08
 4.65155e+18	1.40e-06	8.78e-03	9.91e-01	6.41e-07	0.00e+00	0.00e+00	0.00e+00	0.00e+00	0.00e+00	1.38e-06	1.32e-08	1.46e-08
 4.97941e+18	1.87e-06	9.86e-03	9.90e-01	5.28e-07	0.00e+00	0.00e+00	0.00e+00	0.00e+00	0.00e+00	1.83e-06	1.76e-08	1.95e-08
 5.32721e+18	2.52e-06	1.11e-02	9.89e-01	4.36e-07	0.00e+00	0.00e+00	0.00e+00	0.00e+00	0.00e+00	2.47e-06	2.39e-08	2.65e-08
 5.68891e+18	3.45e-06	1.26e-02	9.87e-01	3.61e-07	0.00e+00	0.00e+00	0.00e+00	0.00e+00	0.00e+00	3.38e-06	3.27e-08	3.63e-08
 6.05191e+18	4.73e-06	1.43e-02	9.86e-01	3.02e-07	0.00e+00	0.00e+00	0.00e+00	0.00e+00	0.00e+00	4.63e-06	4.49e-08	4.97e-08
 6.39836e+18	6.43e-06	1.61e-02	9.84e-01	2.57e-07	0.00e+00	0.00e+00	0.00e+00	0.00e+00	0.00e+00	6.30e-06	6.11e-08	6.76e-08
 6.72483e+18	8.65e-06	1.80e-02	9.82e-01	2.21e-07	0.00e+00	0.00e+00	0.00e+00	0.00e+00	0.00e+00	8.48e-06	8.22e-08	9.09e-08
 7.03538e+18	1.16e-05	2.01e-02	9.80e-01	1.93e-07	0.00e+00	0.00e+00	0.00e+00	0.00e+00	0.00e+00	1.13e-05	1.10e-07	1.21e-07
 7.33353e+18	1.58e-05	2.27e-02	9.77e-01	1.68e-07	0.00e+00	0.00e+00	0.00e+00	0.00e+00	0.00e+00	1.55e-05	1.50e-07	1.66e-07
 7.61162e+18	2.11e-05	2.54e-02	9.75e-01	1.49e-07	0.00e+00	0.00e+00	0.00e+00	0.00e+00	0.00e+00	2.07e-05	2.00e-07	2.21e-07
 7.86675e+18	2.80e-05	2.82e-02	9.72e-01	1.33e-07	0.00e+00	0.00e+00	0.00e+00	0.00e+00	0.00e+00	2.74e-05	2.63e-07	2.91e-07
 8.11013e+18	3.71e-05	3.14e-02	9.69e-01	0.00e+00	0.00e+00	0.00e+00	0.00e+00	0.00e+00	0.00e+00	3.64e-05	3.47e-07	3.83e-07
 8.34538e+18	4.97e-05	3.53e-02	9.65e-01	0.00e+00	0.00e+00	0.00e+00	0.00e+00	0.00e+00	0.00e+00	4.87e-05	4.63e-07	5.11e-07
 8.56678e+18	6.70e-05	3.97e-02	9.60e-01	0.00e+00	0.00e+00	0.00e+00	0.00e+00	0.00e+00	0.00e+00	6.57e-05	6.19e-07	6.83e-07
 8.76970e+18	9.02e-05	4.48e-02	9.55e-01	0.00e+00	0.00e+00	0.00e+00	0.00e+00	0.00e+00	0.00e+00	8.85e-05	8.29e-07	9.15e-07
 8.93314e+18	1.17e-04	4.99e-02	9.50e-01	0.00e+00	0.00e+00	0.00e+00	0.00e+00	0.00e+00	0.00e+00	1.15e-04	1.07e-06	1.18e-06
 9.05336e+18	1.43e-04	5.44e-02	9.45e-01	0.00e+00	0.00e+00	0.00e+00	0.00e+00	0.00e+00	0.00e+00	1.41e-04	1.31e-06	1.44e-06
 9.17622e+18	1.80e-04	6.01e-02	9.40e-01	0.00e+00	0.00e+00	0.00e+00	0.00e+00	0.00e+00	0.00e+00	1.77e-04	1.64e-06	1.81e-06
 9.30737e+18	2.34e-04	6.73e-02	9.32e-01	0.00e+00	0.00e+00	0.00e+00	0.00e+00	0.00e+00	0.00e+00	2.30e-04	2.12e-06	2.34e-06
 9.41616e+18	2.96e-04	7.47e-02	9.25e-01	0.00e+00	0.00e+00	0.00e+00	0.00e+00	0.00e+00	0.00e+00	2.90e-04	2.67e-06	2.95e-06
 9.50327e+18	3.62e-04	8.18e-02	9.18e-01	0.00e+00	0.00e+00	0.00e+00	0.00e+00	0.00e+00	0.00e+00	3.55e-04	3.26e-06	3.60e-06
 9.58296e+18	4.42e-04	8.96e-02	9.10e-01	0.00e+00	0.00e+00	0.00e+00	0.00e+00	0.00e+00	0.00e+00	4.33e-04	3.98e-06	4.39e-06
 9.66216e+18	5.46e-04	9.87e-02	9.01e-01	0.00e+00	0.00e+00	0.00e+00	0.00e+00	0.00e+00	0.00e+00	5.35e-04	4.91e-06	5.42e-06
 9.73843e+18	6.78e-04	1.09e-01	8.90e-01	0.00e+00	0.00e+00	0.00e+00	0.00e+00	0.00e+00	0.00e+00	6.65e-04	6.10e-06	6.73e-06
 9.80546e+18	8.32e-04	1.20e-01	8.79e-01	0.00e+00	0.00e+00	0.00e+00	0.00e+00	0.00e+00	0.00e+00	8.16e-04	7.49e-06	8.26e-06
 9.86243e+18	1.00e-03	1.31e-01	8.68e-01	0.00e+00	0.00e+00	0.00e+00	0.00e+00	0.00e+00	0.00e+00	9.84e-04	9.04e-06	9.96e-06
 9.91500e+18	1.21e-03	1.43e-01	8.56e-01	0.00e+00	0.00e+00	0.00e+00	0.00e+00	0.00e+00	0.00e+00	1.18e-03	1.09e-05	1.20e-05
 9.96644e+18	1.46e-03	1.57e-01	8.42e-01	0.00e+00	0.00e+00	0.00e+00	0.00e+00	0.00e+00	0.00e+00	1.43e-03	1.32e-05	1.45e-05
 1.00162e+19	1.78e-03	1.72e-01	8.26e-01	0.00e+00	0.00e+00	0.00e+00	0.00e+00	0.00e+00	0.00e+00	1.75e-03	1.61e-05	1.77e-05
 1.00625e+19	2.16e-03	1.88e-01	8.10e-01	0.00e+00	0.00e+00	0.00e+00	0.00e+00	0.00e+00	0.00e+00	2.12e-03	1.95e-05	2.15e-05
 1.01053e+19	2.62e-03	2.06e-01	7.91e-01	0.00e+00	0.00e+00	0.00e+00	0.00e+00	0.00e+00	0.00e+00	2.57e-03	2.37e-05	2.62e-05
 1.01453e+19	3.18e-03	2.25e-01	7.71e-01	0.00e+00	0.00e+00	0.00e+00	0.00e+00	0.00e+00	0.00e+00	3.12e-03	2.88e-05	3.18e-05
 1.01830e+19	3.87e-03	2.47e-01	7.49e-01	0.00e+00	0.00e+00	0.00e+00	0.00e+00	0.00e+00	0.00e+00	3.80e-03	3.52e-05	3.88e-05
 1.02182e+19	4.69e-03	2.70e-01	7.26e-01	0.00e+00	0.00e+00	0.00e+00	0.00e+00	0.00e+00	0.00e+00	4.60e-03	4.27e-05	4.71e-05
 1.02509e+19	5.68e-03	2.94e-01	7.00e-01	0.00e+00	0.00e+00	0.00e+00	0.00e+00	0.00e+00	0.00e+00	5.57e-03	5.18e-05	5.71e-05
 1.02819e+19	6.88e-03	3.21e-01	6.72e-01	0.00e+00	0.00e+00	0.00e+00	0.00e+00	0.00e+00	0.00e+00	6.75e-03	6.29e-05	6.94e-05
 1.03113e+19	8.35e-03	3.49e-01	6.43e-01	0.00e+00	0.00e+00	0.00e+00	0.00e+00	0.00e+00	0.00e+00	8.19e-03	7.66e-05	8.44e-05
 1.03390e+19	1.01e-02	3.79e-01	6.11e-01	0.00e+00	0.00e+00	0.00e+00	0.00e+00	0.00e+00	0.00e+00	9.91e-03	9.29e-05	1.02e-04
 1.03651e+19	1.23e-02	4.11e-01	5.76e-01	0.00e+00	0.00e+00	0.00e+00	0.00e+00	0.00e+00	0.00e+00	1.20e-02	1.13e-04	1.25e-04
 1.03896e+19	1.49e-02	4.45e-01	5.40e-01	0.00e+00	0.00e+00	0.00e+00	0.00e+00	0.00e+00	0.00e+00	1.46e-02	1.38e-04	1.52e-04
 1.04125e+19	1.80e-02	4.79e-01	5.03e-01	0.00e+00	0.00e+00	0.00e+00	0.00e+00	0.00e+00	0.00e+00	1.77e-02	1.67e-04	1.84e-04
 1.04341e+19	2.18e-02	5.15e-01	4.64e-01	0.00e+00	0.00e+00	0.00e+00	0.00e+00	0.00e+00	0.00e+00	2.14e-02	2.03e-04	2.24e-04
 1.04548e+19	2.64e-02	5.51e-01	4.23e-01	0.00e+00	0.00e+00	0.00e+00	0.00e+00	0.00e+00	0.00e+00	2.59e-02	2.46e-04	2.72e-04
 1.04743e+19	3.20e-02	5.87e-01	3.81e-01	0.00e+00	0.00e+00	0.00e+00	0.00e+00	0.00e+00	0.00e+00	3.14e-02	2.99e-04	3.30e-04
 1.04928e+19	3.88e-02	6.22e-01	3.39e-01	0.00e+00	0.00e+00	0.00e+00	0.00e+00	0.00e+00	0.00e+00	3.80e-02	3.63e-04	4.01e-04
 1.05102e+19	4.71e-02	6.56e-01	2.97e-01	0.00e+00	0.00e+00	0.00e+00	0.00e+00	0.00e+00	0.00e+00	4.62e-02	4.43e-04	4.88e-04
 1.05266e+19	5.69e-02	6.86e-01	2.57e-01	0.00e+00	0.00e+00	0.00e+00	0.00e+00	0.00e+00	0.00e+00	5.57e-02	5.35e-04	5.90e-04
 1.05422e+19	6.89e-02	7.14e-01	2.17e-01	0.00e+00	0.00e+00	0.00e+00	0.00e+00	0.00e+00	0.00e+00	6.75e-02	6.50e-04	7.17e-04
 1.05571e+19	8.35e-02	7.37e-01	1.80e-01	0.00e+00	0.00e+00	0.00e+00	0.00e+00	0.00e+00	0.00e+00	8.18e-02	7.89e-04	8.71e-04
 1.05691e+19	9.80e-02	7.51e-01	1.51e-01	0.00e+00	0.00e+00	0.00e+00	0.00e+00	0.00e+00	0.00e+00	9.60e-02	9.27e-04	1.02e-03
 1.05773e+19	1.10e-01	7.58e-01	1.32e-01	0.00e+00	0.00e+00	0.00e+00	0.00e+00	0.00e+00	0.00e+00	1.08e-01	1.04e-03	1.15e-03
 1.05853e+19	1.24e-01	7.63e-01	1.13e-01	0.00e+00	0.00e+00	0.00e+00	0.00e+00	0.00e+00	0.00e+00	1.21e-01	1.17e-03	1.29e-03
 1.05941e+19	1.41e-01	7.65e-01	9.46e-02	0.00e+00	0.00e+00	0.00e+00	0.00e+00	0.00e+00	0.00e+00	1.38e-01	1.33e-03	1.47e-03
 1.06017e+19	1.58e-01	7.62e-01	7.95e-02	0.00e+00	0.00e+00	0.00e+00	0.00e+00	0.00e+00	0.00e+00	1.55e-01	1.50e-03	1.65e-03
 1.06080e+19	1.75e-01	7.57e-01	6.78e-02	0.00e+00	0.00e+00	0.00e+00	0.00e+00	0.00e+00	0.00e+00	1.71e-01	1.65e-03	1.82e-03
 1.06137e+19	1.92e-01	7.50e-01	5.77e-02	0.00e+00	0.00e+00	0.00e+00	0.00e+00	0.00e+00	0.00e+00	1.88e-01	1.81e-03	2.00e-03
 1.06195e+19	2.11e-01	7.40e-01	4.86e-02	0.00e+00	0.00e+00	0.00e+00	0.00e+00	0.00e+00	0.00e+00	2.07e-01	1.98e-03	2.19e-03
 1.06250e+19	2.32e-01	7.27e-01	4.05e-02	0.00e+00	0.00e+00	0.00e+00	0.00e+00	0.00e+00	0.00e+00	2.28e-01	2.17e-03	2.40e-03
 1.06302e+19	2.54e-01	7.12e-01	3.36e-02	0.00e+00	0.00e+00	0.00e+00	0.00e+00	0.00e+00	0.00e+00	2.49e-01	2.36e-03	2.61e-03
 1.06349e+19	2.76e-01	6.96e-01	2.79e-02	0.00e+00	0.00e+00	0.00e+00	0.00e+00	0.00e+00	0.00e+00	2.71e-01	2.55e-03	2.82e-03
 1.06395e+19	3.00e-01	6.77e-01	2.31e-02	0.00e+00	0.00e+00	0.00e+00	0.00e+00	0.00e+00	0.00e+00	2.94e-01	2.74e-03	3.04e-03
 1.06438e+19	3.24e-01	6.57e-01	1.90e-02	0.00e+00	0.00e+00	0.00e+00	0.00e+00	0.00e+00	0.00e+00	3.18e-01	2.94e-03	3.26e-03
 1.06479e+19	3.49e-01	6.35e-01	1.55e-02	0.00e+00	0.00e+00	0.00e+00	0.00e+00	0.00e+00	0.00e+00	3.43e-01	3.14e-03	3.48e-03
 1.06519e+19	3.76e-01	6.12e-01	1.26e-02	0.00e+00	0.00e+00	0.00e+00	0.00e+00	0.00e+00	0.00e+00	3.69e-01	3.34e-03	3.70e-03
 1.06557e+19	4.03e-01	5.87e-01	1.02e-02	0.00e+00	0.00e+00	0.00e+00	0.00e+00	0.00e+00	0.00e+00	3.95e-01	3.53e-03	3.92e-03
 1.06593e+19	4.30e-01	5.62e-01	8.18e-03	0.00e+00	0.00e+00	0.00e+00	0.00e+00	0.00e+00	0.00e+00	4.22e-01	3.72e-03	4.13e-03
 1.06628e+19	4.58e-01	5.35e-01	6.53e-03	0.00e+00	0.00e+00	0.00e+00	0.00e+00	0.00e+00	0.00e+00	4.50e-01	3.90e-03	4.33e-03
 1.06662e+19	4.87e-01	5.08e-01	5.17e-03	0.00e+00	0.00e+00	0.00e+00	0.00e+00	0.00e+00	0.00e+00	4.78e-01	4.07e-03	4.52e-03
 1.06693e+19	5.15e-01	4.81e-01	4.12e-03	0.00e+00	0.00e+00	0.00e+00	0.00e+00	0.00e+00	0.00e+00	5.06e-01	4.22e-03	4.69e-03
 1.06721e+19	5.40e-01	4.57e-01	3.32e-03	0.00e+00	0.00e+00	0.00e+00	0.00e+00	0.00e+00	0.00e+00	5.31e-01	4.35e-03	4.83e-03
 1.06746e+19	5.63e-01	4.35e-01	2.72e-03	0.00e+00	0.00e+00	0.00e+00	0.00e+00	0.00e+00	0.00e+00	5.53e-01	4.45e-03	4.94e-03
 1.06769e+19	5.84e-01	4.14e-01	2.25e-03	0.00e+00	0.00e+00	0.00e+00	0.00e+00	0.00e+00	0.00e+00	5.74e-01	4.53e-03	5.04e-03
 1.06786e+19	6.00e-01	3.98e-01	1.94e-03	0.00e+00	0.00e+00	0.00e+00	0.00e+00	0.00e+00	0.00e+00	5.90e-01	4.59e-03	5.10e-03
 1.06798e+19	6.11e-01	3.88e-01	1.75e-03	0.00e+00	0.00e+00	0.00e+00	0.00e+00	0.00e+00	0.00e+00	6.01e-01	4.62e-03	5.14e-03
 1.06810e+19	6.21e-01	3.77e-01	1.58e-03	0.00e+00	0.00e+00	0.00e+00	0.00e+00	0.00e+00	0.00e+00	6.12e-01	4.65e-03	5.17e-03
 1.06823e+19	6.34e-01	3.64e-01	1.39e-03	0.00e+00	0.00e+00	0.00e+00	0.00e+00	0.00e+00	0.00e+00	6.24e-01	4.69e-03	5.22e-03
 1.06837e+19	6.47e-01	3.52e-01	1.22e-03	0.00e+00	0.00e+00	0.00e+00	0.00e+00	0.00e+00	0.00e+00	6.37e-01	4.72e-03	5.24e-03
 1.06849e+19	6.60e-01	3.39e-01	1.07e-03	0.00e+00	0.00e+00	0.00e+00	0.00e+00	0.00e+00	0.00e+00	6.49e-01	4.75e-03	5.28e-03
 1.06861e+19	6.71e-01	3.28e-01	9.53e-04	0.00e+00	0.00e+00	0.00e+00	0.00e+00	0.00e+00	0.00e+00	6.61e-01	4.76e-03	5.29e-03
 1.06873e+19	6.82e-01	3.17e-01	8.43e-04	0.00e+00	0.00e+00	0.00e+00	0.00e+00	0.00e+00	0.00e+00	6.72e-01	4.77e-03	5.31e-03
 1.06885e+19	6.94e-01	3.06e-01	7.41e-04	0.00e+00	0.00e+00	0.00e+00	0.00e+00	0.00e+00	0.00e+00	6.84e-01	4.79e-03	5.32e-03
 1.06897e+19	7.05e-01	2.95e-01	6.54e-04	0.00e+00	0.00e+00	0.00e+00	0.00e+00	0.00e+00	0.00e+00	6.95e-01	4.79e-03	5.33e-03
 1.06908e+19	7.15e-01	2.84e-01	5.76e-04	0.00e+00	0.00e+00	0.00e+00	0.00e+00	0.00e+00	0.00e+00	7.05e-01	4.79e-03	5.33e-03
 1.06920e+19	7.26e-01	2.73e-01	5.06e-04	0.00e+00	0.00e+00	0.00e+00	0.00e+00	0.00e+00	0.00e+00	7.16e-01	4.79e-03	5.33e-03
 1.06931e+19	7.36e-01	2.63e-01	4.46e-04	0.00e+00	0.00e+00	0.00e+00	0.00e+00	0.00e+00	0.00e+00	7.26e-01	4.78e-03	5.32e-03
 1.06942e+19	7.46e-01	2.53e-01	3.92e-04	0.00e+00	0.00e+00	0.00e+00	0.00e+00	0.00e+00	0.00e+00	7.36e-01	4.77e-03	5.30e-03
 1.06953e+19	7.56e-01	2.44e-01	3.44e-04	0.00e+00	0.00e+00	0.00e+00	0.00e+00	0.00e+00	0.00e+00	7.46e-01	4.75e-03	5.28e-03
 1.06963e+19	7.66e-01	2.34e-01	3.02e-04	0.00e+00	0.00e+00	0.00e+00	0.00e+00	0.00e+00	0.00e+00	7.56e-01	4.73e-03	5.26e-03
 1.06974e+19	7.75e-01	2.25e-01	2.65e-04	0.00e+00	0.00e+00	0.00e+00	0.00e+00	0.00e+00	0.00e+00	7.65e-01	4.70e-03	5.23e-03
 1.06984e+19	7.84e-01	2.16e-01	2.32e-04	0.00e+00	0.00e+00	0.00e+00	0.00e+00	0.00e+00	0.00e+00	7.74e-01	4.68e-03	5.20e-03
 1.06995e+19	7.93e-01	2.07e-01	2.03e-04	0.00e+00	0.00e+00	0.00e+00	0.00e+00	0.00e+00	0.00e+00	7.83e-01	4.65e-03	5.17e-03
 1.07005e+19	8.01e-01	1.99e-01	1.78e-04	0.00e+00	0.00e+00	0.00e+00	0.00e+00	0.00e+00	0.00e+00	7.91e-01	4.61e-03	5.13e-03
 1.07015e+19	8.09e-01	1.91e-01	1.56e-04	0.00e+00	0.00e+00	0.00e+00	0.00e+00	0.00e+00	0.00e+00	8.00e-01	4.58e-03	5.10e-03
 1.07025e+19	8.17e-01	1.83e-01	1.36e-04	0.00e+00	0.00e+00	0.00e+00	0.00e+00	0.00e+00	0.00e+00	8.08e-01	4.55e-03	5.06e-03
 1.07035e+19	8.25e-01	1.75e-01	1.19e-04	0.00e+00	0.00e+00	0.00e+00	0.00e+00	0.00e+00	0.00e+00	8.15e-01	4.51e-03	5.01e-03
 1.07044e+19	8.32e-01	1.68e-01	1.04e-04	0.00e+00	0.00e+00	0.00e+00	0.00e+00	0.00e+00	0.00e+00	8.23e-01	4.47e-03	4.97e-03
 1.07054e+19	8.39e-01	1.61e-01	9.05e-05	0.00e+00	0.00e+00	0.00e+00	0.00e+00	0.00e+00	0.00e+00	8.30e-01	4.43e-03	4.93e-03
 1.07064e+19	8.46e-01	1.54e-01	7.89e-05	0.00e+00	0.00e+00	0.00e+00	0.00e+00	0.00e+00	0.00e+00	8.37e-01	4.39e-03	4.88e-03
 1.07073e+19	8.53e-01	1.47e-01	6.88e-05	0.00e+00	0.00e+00	0.00e+00	0.00e+00	0.00e+00	0.00e+00	8.44e-01	4.35e-03	4.83e-03
 1.07082e+19	8.59e-01	1.41e-01	5.99e-05	0.00e+00	0.00e+00	0.00e+00	0.00e+00	0.00e+00	0.00e+00	8.50e-01	4.31e-03	4.78e-03
 1.07092e+19	8.65e-01	1.35e-01	5.22e-05	0.00e+00	0.00e+00	0.00e+00	0.00e+00	0.00e+00	0.00e+00	8.56e-01	4.27e-03	4.74e-03
 1.07101e+19	8.71e-01	1.29e-01	4.55e-05	0.00e+00	0.00e+00	0.00e+00	0.00e+00	0.00e+00	0.00e+00	8.62e-01	4.22e-03	4.69e-03
 1.07109e+19	8.77e-01	1.23e-01	3.97e-05	0.00e+00	0.00e+00	0.00e+00	0.00e+00	0.00e+00	0.00e+00	8.68e-01	4.18e-03	4.64e-03
 1.07118e+19	8.82e-01	1.18e-01	3.47e-05	0.00e+00	0.00e+00	0.00e+00	0.00e+00	0.00e+00	0.00e+00	8.73e-01	4.14e-03	4.59e-03
 1.07127e+19	8.87e-01	1.13e-01	3.04e-05	0.00e+00	0.00e+00	0.00e+00	0.00e+00	0.00e+00	0.00e+00	8.78e-01	4.10e-03	4.55e-03
 1.07135e+19	8.92e-01	1.08e-01	2.66e-05	0.00e+00	0.00e+00	0.00e+00	0.00e+00	0.00e+00	0.00e+00	8.83e-01	4.06e-03	4.50e-03
 1.07143e+19	8.96e-01	1.03e-01	2.33e-05	0.00e+00	0.00e+00	0.00e+00	0.00e+00	0.00e+00	0.00e+00	8.88e-01	4.02e-03	4.46e-03
 1.07151e+19	9.01e-01	9.91e-02	2.04e-05	0.00e+00	0.00e+00	0.00e+00	0.00e+00	0.00e+00	0.00e+00	8.92e-01	3.99e-03	4.41e-03
 1.07159e+19	9.05e-01	9.50e-02	1.79e-05	0.00e+00	0.00e+00	0.00e+00	0.00e+00	0.00e+00	0.00e+00	8.97e-01	3.95e-03	4.37e-03
 1.07167e+19	9.09e-01	9.10e-02	1.57e-05	0.00e+00	0.00e+00	0.00e+00	0.00e+00	0.00e+00	0.00e+00	9.01e-01	3.91e-03	4.33e-03
 1.07175e+19	9.13e-01	8.72e-02	1.38e-05	0.00e+00	0.00e+00	0.00e+00	0.00e+00	0.00e+00	0.00e+00	9.05e-01	3.88e-03	4.29e-03
 1.07182e+19	9.16e-01	8.36e-02	1.22e-05	0.00e+00	0.00e+00	0.00e+00	0.00e+00	0.00e+00	0.00e+00	9.08e-01	3.84e-03	4.25e-03
 1.07190e+19	9.20e-01	8.02e-02	1.07e-05	0.00e+00	0.00e+00	0.00e+00	0.00e+00	0.00e+00	0.00e+00	9.12e-01	3.81e-03	4.21e-03
 1.07197e+19	9.23e-01	7.69e-02	9.44e-06	0.00e+00	0.00e+00	0.00e+00	0.00e+00	0.00e+00	0.00e+00	9.15e-01	3.78e-03	4.17e-03
 1.07204e+19	9.26e-01	7.37e-02	8.32e-06	0.00e+00	0.00e+00	0.00e+00	0.00e+00	0.00e+00	0.00e+00	9.18e-01	3.75e-03	4.14e-03
 1.07211e+19	9.29e-01	7.07e-02	7.34e-06	0.00e+00	0.00e+00	0.00e+00	0.00e+00	0.00e+00	0.00e+00	9.21e-01	3.72e-03	4.10e-03
 1.07218e+19	9.32e-01	6.79e-02	6.48e-06	0.00e+00	0.00e+00	0.00e+00	0.00e+00	0.00e+00	0.00e+00	9.24e-01	3.69e-03	4.07e-03
 1.07225e+19	9.35e-01	6.51e-02	5.73e-06	0.00e+00	0.00e+00	0.00e+00	0.00e+00	0.00e+00	0.00e+00	9.27e-01	3.66e-03	4.03e-03
 1.07232e+19	9.37e-01	6.25e-02	5.06e-06	0.00e+00	0.00e+00	0.00e+00	0.00e+00	0.00e+00	0.00e+00	9.30e-01	3.63e-03	4.00e-03
 1.07239e+19	9.40e-01	6.00e-02	4.48e-06	0.00e+00	0.00e+00	0.00e+00	0.00e+00	0.00e+00	0.00e+00	9.32e-01	3.61e-03	3.97e-03
 1.07246e+19	9.42e-01	5.76e-02	3.96e-06	0.00e+00	0.00e+00	0.00e+00	0.00e+00	0.00e+00	0.00e+00	9.35e-01	3.58e-03	3.94e-03
 1.07252e+19	9.45e-01	5.53e-02	3.51e-06	0.00e+00	0.00e+00	0.00e+00	0.00e+00	0.00e+00	0.00e+00	9.37e-01	3.56e-03	3.91e-03
 1.07259e+19	9.47e-01	5.31e-02	3.11e-06	0.00e+00	0.00e+00	0.00e+00	0.00e+00	0.00e+00	0.00e+00	9.39e-01	3.54e-03	3.89e-03
 1.07265e+19	9.49e-01	5.10e-02	2.76e-06	0.00e+00	0.00e+00	0.00e+00	0.00e+00	0.00e+00	0.00e+00	9.42e-01	3.52e-03	3.86e-03
 1.07272e+19	9.51e-01	4.90e-02	2.44e-06	0.00e+00	0.00e+00	0.00e+00	0.00e+00	0.00e+00	0.00e+00	9.44e-01	3.50e-03	3.83e-03
 1.07278e+19	9.53e-01	4.71e-02	2.17e-06	0.00e+00	0.00e+00	0.00e+00	0.00e+00	0.00e+00	0.00e+00	9.46e-01	3.48e-03	3.81e-03
 1.07284e+19	9.55e-01	4.52e-02	1.93e-06	0.00e+00	0.00e+00	0.00e+00	0.00e+00	0.00e+00	0.00e+00	9.48e-01	3.46e-03	3.79e-03
 1.07290e+19	9.57e-01	4.35e-02	1.71e-06	0.00e+00	0.00e+00	0.00e+00	0.00e+00	0.00e+00	0.00e+00	9.49e-01	3.44e-03	3.77e-03
 1.07297e+19	9.58e-01	4.18e-02	1.52e-06	0.00e+00	0.00e+00	0.00e+00	0.00e+00	0.00e+00	0.00e+00	9.51e-01	3.42e-03	3.75e-03
 1.07303e+19	9.60e-01	4.02e-02	1.35e-06	0.00e+00	0.00e+00	0.00e+00	0.00e+00	0.00e+00	0.00e+00	9.53e-01	3.41e-03	3.73e-03
 1.07309e+19	9.61e-01	3.86e-02	1.20e-06	0.00e+00	0.00e+00	0.00e+00	0.00e+00	0.00e+00	0.00e+00	9.54e-01	3.39e-03	3.71e-03
 1.07314e+19	9.63e-01	3.71e-02	1.07e-06	0.00e+00	0.00e+00	0.00e+00	0.00e+00	0.00e+00	0.00e+00	9.56e-01	3.38e-03	3.69e-03
 1.07320e+19	9.64e-01	3.57e-02	9.54e-07	0.00e+00	0.00e+00	0.00e+00	0.00e+00	0.00e+00	0.00e+00	9.57e-01	3.37e-03	3.68e-03
 1.07326e+19	9.66e-01	3.43e-02	8.50e-07	0.00e+00	0.00e+00	0.00e+00	0.00e+00	0.00e+00	0.00e+00	9.59e-01	3.36e-03	3.66e-03
 1.07332e+19	9.67e-01	3.30e-02	7.58e-07	0.00e+00	0.00e+00	0.00e+00	0.00e+00	0.00e+00	0.00e+00	9.60e-01	3.35e-03	3.65e-03
 1.07337e+19	9.68e-01	3.17e-02	6.76e-07	0.00e+00	0.00e+00	0.00e+00	0.00e+00	0.00e+00	0.00e+00	9.61e-01	3.34e-03	3.64e-03
 1.07343e+19	9.70e-01	3.05e-02	6.04e-07	0.00e+00	0.00e+00	0.00e+00	0.00e+00	0.00e+00	0.00e+00	9.63e-01	3.33e-03	3.63e-03
 1.07349e+19	9.71e-01	2.93e-02	5.39e-07	0.00e+00	0.00e+00	0.00e+00	0.00e+00	0.00e+00	0.00e+00	9.64e-01	3.32e-03	3.62e-03
 1.07354e+19	9.72e-01	2.82e-02	4.81e-07	0.00e+00	0.00e+00	0.00e+00	0.00e+00	0.00e+00	0.00e+00	9.65e-01	3.32e-03	3.61e-03
 1.07359e+19	9.73e-01	2.71e-02	4.30e-07	0.00e+00	0.00e+00	0.00e+00	0.00e+00	0.00e+00	0.00e+00	9.66e-01	3.31e-03	3.60e-03
 1.07365e+19	9.74e-01	2.61e-02	3.85e-07	0.00e+00	0.00e+00	0.00e+00	0.00e+00	0.00e+00	0.00e+00	9.67e-01	3.31e-03	3.60e-03
 1.07370e+19	9.75e-01	2.51e-02	3.44e-07	0.00e+00	0.00e+00	0.00e+00	0.00e+00	0.00e+00	0.00e+00	9.68e-01	3.31e-03	3.59e-03
 1.07375e+19	9.76e-01	2.41e-02	3.08e-07	0.00e+00	0.00e+00	0.00e+00	0.00e+00	0.00e+00	0.00e+00	9.69e-01	3.31e-03	3.59e-03
 1.07380e+19	9.77e-01	2.32e-02	2.76e-07	0.00e+00	0.00e+00	0.00e+00	0.00e+00	0.00e+00	0.00e+00	9.70e-01	3.31e-03	3.59e-03
 1.07385e+19	9.78e-01	2.23e-02	2.48e-07	0.00e+00	0.00e+00	0.00e+00	0.00e+00	0.00e+00	0.00e+00	9.71e-01	3.31e-03	3.59e-03
 1.07390e+19	9.79e-01	2.14e-02	2.22e-07	0.00e+00	0.00e+00	0.00e+00	0.00e+00	0.00e+00	0.00e+00	9.72e-01	3.32e-03	3.59e-03
 1.07394e+19	9.79e-01	2.06e-02	2.00e-07	0.00e+00	0.00e+00	0.00e+00	0.00e+00	0.00e+00	0.00e+00	9.72e-01	3.32e-03	3.60e-03
 1.07399e+19	9.80e-01	1.98e-02	1.80e-07	0.00e+00	0.00e+00	0.00e+00	0.00e+00	0.00e+00	0.00e+00	9.73e-01	3.33e-03	3.60e-03
 1.07403e+19	9.81e-01	1.89e-02	1.61e-07	0.00e+00	0.00e+00	0.00e+00	0.00e+00	0.00e+00	0.00e+00	9.74e-01	3.35e-03	3.61e-03
 1.07407e+19	9.82e-01	1.82e-02	1.45e-07	0.00e+00	0.00e+00	0.00e+00	0.00e+00	0.00e+00	0.00e+00	9.75e-01	3.37e-03	3.62e-03
 1.07411e+19	9.83e-01	1.74e-02	1.31e-07	0.00e+00	0.00e+00	0.00e+00	0.00e+00	0.00e+00	0.00e+00	9.76e-01	3.39e-03	3.64e-03
 1.07415e+19	9.83e-01	1.67e-02	1.19e-07	0.00e+00	0.00e+00	0.00e+00	0.00e+00	0.00e+00	0.00e+00	9.76e-01	3.41e-03	3.66e-03
 1.07418e+19	9.84e-01	1.61e-02	1.09e-07	0.00e+00	0.00e+00	0.00e+00	0.00e+00	0.00e+00	0.00e+00	9.77e-01	3.44e-03	3.68e-03
 1.07421e+19	9.84e-01	1.56e-02	1.01e-07	0.00e+00	0.00e+00	0.00e+00	0.00e+00	0.00e+00	0.00e+00	9.77e-01	3.47e-03	3.71e-03
 1.07423e+19	9.85e-01	1.52e-02	9.51e-08	0.00e+00	0.00e+00	0.00e+00	0.00e+00	0.00e+00	0.00e+00	9.78e-01	3.50e-03	3.73e-03
 1.07424e+19	9.85e-01	1.47e-02	8.98e-08	0.00e+00	0.00e+00	0.00e+00	0.00e+00	0.00e+00	0.00e+00	9.78e-01	3.53e-03	3.76e-03
 1.07426e+19	9.86e-01	1.44e-02	8.56e-08	0.00e+00	0.00e+00	0.00e+00	0.00e+00	0.00e+00	0.00e+00	9.78e-01	3.55e-03	3.78e-03
 1.07427e+19	9.86e-01	1.40e-02	8.10e-08	0.00e+00	0.00e+00	0.00e+00	0.00e+00	0.00e+00	0.00e+00	9.79e-01	3.59e-03	3.81e-03
 1.07429e+19	9.86e-01	1.37e-02	7.77e-08	0.00e+00	0.00e+00	0.00e+00	0.00e+00	0.00e+00	0.00e+00	9.79e-01	3.61e-03	3.83e-03
 1.07430e+19	9.87e-01	1.34e-02	7.41e-08	0.00e+00	0.00e+00	0.00e+00	0.00e+00	0.00e+00	0.00e+00	9.79e-01	3.65e-03	3.87e-03
 1.07431e+19	9.87e-01	1.31e-02	7.08e-08	0.00e+00	0.00e+00	0.00e+00	0.00e+00	0.00e+00	0.00e+00	9.79e-01	3.69e-03	3.90e-03
 1.07432e+19	9.87e-01	1.27e-02	6.74e-08	0.00e+00	0.00e+00	0.00e+00	0.00e+00	0.00e+00	0.00e+00	9.80e-01	3.73e-03	3.94e-03
 1.07433e+19	9.88e-01	1.23e-02	6.40e-08	0.00e+00	0.00e+00	0.00e+00	0.00e+00	0.00e+00	0.00e+00	9.80e-01	3.77e-03	3.98e-03
 1.07434e+19	9.88e-01	1.19e-02	6.06e-08	0.00e+00	0.00e+00	0.00e+00	0.00e+00	0.00e+00	0.00e+00	9.80e-01	3.83e-03	4.03e-03
 1.07435e+19	9.89e-01	1.15e-02	5.70e-08	0.00e+00	0.00e+00	0.00e+00	0.00e+00	0.00e+00	0.00e+00	9.81e-01	3.89e-03	4.08e-03
 1.07436e+19	9.89e-01	1.10e-02	5.32e-08	0.00e+00	0.00e+00	0.00e+00	0.00e+00	0.00e+00	0.00e+00	9.81e-01	3.97e-03	4.16e-03
 1.07437e+19	9.90e-01	1.03e-02	4.85e-08	0.00e+00	0.00e+00	0.00e+00	0.00e+00	0.00e+00	0.00e+00	9.81e-01	4.09e-03	4.27e-03
 1.07438e+19	9.91e-01	9.40e-03	4.26e-08	0.00e+00	0.00e+00	0.00e+00	0.00e+00	0.00e+00	0.00e+00	9.82e-01	4.29e-03	4.45e-03
 1.07439e+19	9.95e-01	4.61e-03	1.70e-08	0.00e+00	0.00e+00	0.00e+00	0.00e+00	0.00e+00	0.00e+00	9.84e-01	5.54e-03	5.50e-03
