#depth	O	O+	O+2	O+3	O+4	O+5	O+6	O+7	O+8	O[1]	O[2]	O[3]
 1.24408e+15	5.53e-11	6.55e-05	6.68e-01	3.32e-01	2.91e-04	1.69e-07	0.00e+00	0.00e+00	0.00e+00	5.49e-11	1.74e-13	2.03e-13
 7.46445e+15	5.57e-11	6.58e-05	6.69e-01	3.30e-01	2.88e-04	1.67e-07	0.00e+00	0.00e+00	0.00e+00	5.53e-11	1.75e-13	2.04e-13
 3.23460e+16	5.78e-11	6.73e-05	6.76e-01	3.24e-01	2.78e-04	1.60e-07	0.00e+00	0.00e+00	0.00e+00	5.74e-11	1.81e-13	2.11e-13
 1.27603e+17	6.63e-11	7.32e-05	6.99e-01	3.01e-01	2.41e-04	1.37e-07	0.00e+00	0.00e+00	0.00e+00	6.58e-11	2.03e-13	2.37e-13
 2.81321e+17	8.16e-11	8.30e-05	7.31e-01	2.69e-01	1.95e-04	0.00e+00	0.00e+00	0.00e+00	0.00e+00	8.11e-11	2.30e-13	2.69e-13
 4.41188e+17	1.00e-10	9.38e-05	7.62e-01	2.38e-01	1.55e-04	0.00e+00	0.00e+00	0.00e+00	0.00e+00	9.96e-11	2.66e-13	3.11e-13
 6.07450e+17	1.23e-10	1.06e-04	7.92e-01	2.08e-01	1.22e-04	0.00e+00	0.00e+00	0.00e+00	0.00e+00	1.22e-10	3.07e-13	3.60e-13
 7.80362e+17	1.49e-10	1.19e-04	8.21e-01	1.79e-01	9.39e-05	0.00e+00	0.00e+00	0.00e+00	0.00e+00	1.49e-10	3.54e-13	4.15e-13
 9.60191e+17	1.81e-10	1.33e-04	8.48e-01	1.52e-01	7.12e-05	0.00e+00	0.00e+00	0.00e+00	0.00e+00	1.81e-10	4.06e-13	4.77e-13
 1.14721e+18	2.19e-10	1.48e-04	8.73e-01	1.26e-01	5.30e-05	0.00e+00	0.00e+00	0.00e+00	0.00e+00	2.18e-10	4.65e-13	5.46e-13
 1.34172e+18	2.64e-10	1.64e-04	8.96e-01	1.03e-01	3.86e-05	0.00e+00	0.00e+00	0.00e+00	0.00e+00	2.63e-10	5.31e-13	6.25e-13
 1.54400e+18	3.17e-10	1.82e-04	9.17e-01	8.31e-02	2.75e-05	0.00e+00	0.00e+00	0.00e+00	0.00e+00	3.16e-10	6.05e-13	7.12e-13
 1.75437e+18	3.79e-10	2.00e-04	9.34e-01	6.54e-02	1.91e-05	0.00e+00	0.00e+00	0.00e+00	0.00e+00	3.78e-10	6.89e-13	8.11e-13
 1.97316e+18	4.52e-10	2.20e-04	9.49e-01	5.05e-02	1.30e-05	0.00e+00	0.00e+00	0.00e+00	0.00e+00	4.51e-10	7.82e-13	9.21e-13
 2.20070e+18	5.38e-10	2.41e-04	9.61e-01	3.83e-02	8.67e-06	0.00e+00	0.00e+00	0.00e+00	0.00e+00	5.37e-10	8.88e-13	1.05e-12
 2.43734e+18	6.40e-10	2.64e-04	9.71e-01	2.85e-02	5.66e-06	0.00e+00	0.00e+00	0.00e+00	0.00e+00	6.37e-10	1.01e-12	1.19e-12
 2.68345e+18	7.59e-10	2.88e-04	9.79e-01	2.09e-02	3.63e-06	0.00e+00	0.00e+00	0.00e+00	0.00e+00	7.56e-10	1.14e-12	1.35e-12
 2.93940e+18	8.99e-10	3.13e-04	9.85e-01	1.51e-02	2.29e-06	0.00e+00	0.00e+00	0.00e+00	0.00e+00	8.96e-10	1.30e-12	1.53e-12
 3.20559e+18	1.06e-09	3.41e-04	9.89e-01	1.07e-02	1.43e-06	0.00e+00	0.00e+00	0.00e+00	0.00e+00	1.06e-09	1.47e-12	1.74e-12
 3.48243e+18	1.26e-09	3.70e-04	9.92e-01	7.57e-03	8.91e-07	0.00e+00	0.00e+00	0.00e+00	0.00e+00	1.26e-09	1.68e-12	1.98e-12
 3.77034e+18	1.49e-09	4.02e-04	9.94e-01	5.30e-03	5.53e-07	0.00e+00	0.00e+00	0.00e+00	0.00e+00	1.49e-09	1.91e-12	2.26e-12
 4.06977e+18	1.76e-09	4.37e-04	9.96e-01	3.68e-03	3.46e-07	0.00e+00	0.00e+00	0.00e+00	0.00e+00	1.76e-09	2.18e-12	2.58e-12
 4.38118e+18	2.09e-09	4.74e-04	9.97e-01	2.54e-03	2.19e-07	0.00e+00	0.00e+00	0.00e+00	0.00e+00	2.08e-09	2.49e-12	2.95e-12
 4.70504e+18	2.47e-09	5.14e-04	9.98e-01	1.75e-03	1.43e-07	0.00e+00	0.00e+00	0.00e+00	0.00e+00	2.47e-09	2.86e-12	3.38e-12
 5.04185e+18	2.93e-09	5.58e-04	9.98e-01	1.21e-03	0.00e+00	0.00e+00	0.00e+00	0.00e+00	0.00e+00	2.92e-09	3.28e-12	3.88e-12
 5.39214e+18	3.47e-09	6.05e-04	9.99e-01	8.38e-04	0.00e+00	0.00e+00	0.00e+00	0.00e+00	0.00e+00	3.46e-09	3.78e-12	4.46e-12
 5.75644e+18	4.12e-09	6.56e-04	9.99e-01	5.85e-04	0.00e+00	0.00e+00	0.00e+00	0.00e+00	0.00e+00	4.11e-09	4.36e-12	5.15e-12
 6.13531e+18	4.89e-09	7.12e-04	9.99e-01	4.12e-04	0.00e+00	0.00e+00	0.00e+00	0.00e+00	0.00e+00	4.88e-09	5.05e-12	5.95e-12
 6.52934e+18	5.80e-09	7.72e-04	9.99e-01	2.95e-04	0.00e+00	0.00e+00	0.00e+00	0.00e+00	0.00e+00	5.79e-09	5.85e-12	6.89e-12
 6.93913e+18	6.89e-09	8.37e-04	9.99e-01	2.14e-04	0.00e+00	0.00e+00	0.00e+00	0.00e+00	0.00e+00	6.88e-09	6.80e-12	8.00e-12
 7.36530e+18	8.20e-09	9.08e-04	9.99e-01	1.59e-04	0.00e+00	0.00e+00	0.00e+00	0.00e+00	0.00e+00	8.18e-09	7.92e-12	9.31e-12
 7.80853e+18	9.76e-09	9.85e-04	9.99e-01	1.20e-04	0.00e+00	0.00e+00	0.00e+00	0.00e+00	0.00e+00	9.74e-09	9.25e-12	1.09e-11
 8.26949e+18	1.16e-08	1.07e-03	9.99e-01	9.26e-05	0.00e+00	0.00e+00	0.00e+00	0.00e+00	0.00e+00	1.16e-08	1.08e-11	1.27e-11
 8.74888e+18	1.39e-08	1.16e-03	9.99e-01	7.29e-05	0.00e+00	0.00e+00	0.00e+00	0.00e+00	0.00e+00	1.38e-08	1.27e-11	1.48e-11
 9.24745e+18	1.65e-08	1.26e-03	9.99e-01	5.83e-05	0.00e+00	0.00e+00	0.00e+00	0.00e+00	0.00e+00	1.65e-08	1.49e-11	1.74e-11
 9.76596e+18	1.98e-08	1.37e-03	9.99e-01	4.73e-05	0.00e+00	0.00e+00	0.00e+00	0.00e+00	0.00e+00	1.97e-08	1.75e-11	2.05e-11
 1.03052e+19	2.36e-08	1.48e-03	9.98e-01	3.88e-05	0.00e+00	0.00e+00	0.00e+00	0.00e+00	0.00e+00	2.36e-08	2.07e-11	2.41e-11
 1.08660e+19	2.83e-08	1.61e-03	9.98e-01	3.22e-05	0.00e+00	0.00e+00	0.00e+00	0.00e+00	0.00e+00	2.82e-08	2.44e-11	2.85e-11
 1.14493e+19	3.39e-08	1.75e-03	9.98e-01	2.69e-05	0.00e+00	0.00e+00	0.00e+00	0.00e+00	0.00e+00	3.38e-08	2.89e-11	3.37e-11
 1.20559e+19	4.07e-08	1.90e-03	9.98e-01	2.26e-05	0.00e+00	0.00e+00	0.00e+00	0.00e+00	0.00e+00	4.06e-08	3.43e-11	4.00e-11
 1.26867e+19	4.89e-08	2.07e-03	9.98e-01	1.91e-05	0.00e+00	0.00e+00	0.00e+00	0.00e+00	0.00e+00	4.88e-08	4.08e-11	4.75e-11
 1.33211e+19	5.85e-08	2.24e-03	9.98e-01	1.62e-05	0.00e+00	0.00e+00	0.00e+00	0.00e+00	0.00e+00	5.84e-08	4.83e-11	5.63e-11
 1.39808e+19	7.00e-08	2.43e-03	9.98e-01	1.38e-05	0.00e+00	0.00e+00	0.00e+00	0.00e+00	0.00e+00	6.99e-08	5.74e-11	6.68e-11
 1.46886e+19	8.45e-08	2.64e-03	9.97e-01	1.18e-05	0.00e+00	0.00e+00	0.00e+00	0.00e+00	0.00e+00	8.43e-08	6.87e-11	7.98e-11
 1.54248e+19	1.02e-07	2.87e-03	9.97e-01	1.00e-05	0.00e+00	0.00e+00	0.00e+00	0.00e+00	0.00e+00	1.02e-07	8.23e-11	9.56e-11
 1.61904e+19	1.23e-07	3.13e-03	9.97e-01	8.55e-06	0.00e+00	0.00e+00	0.00e+00	0.00e+00	0.00e+00	1.23e-07	9.88e-11	1.15e-10
 1.69866e+19	1.49e-07	3.41e-03	9.97e-01	7.29e-06	0.00e+00	0.00e+00	0.00e+00	0.00e+00	0.00e+00	1.49e-07	1.19e-10	1.38e-10
 1.78147e+19	1.81e-07	3.71e-03	9.96e-01	6.23e-06	0.00e+00	0.00e+00	0.00e+00	0.00e+00	0.00e+00	1.81e-07	1.43e-10	1.66e-10
 1.86759e+19	2.20e-07	4.04e-03	9.96e-01	5.32e-06	0.00e+00	0.00e+00	0.00e+00	0.00e+00	0.00e+00	2.20e-07	1.73e-10	2.01e-10
 1.95716e+19	2.68e-07	4.41e-03	9.96e-01	4.54e-06	0.00e+00	0.00e+00	0.00e+00	0.00e+00	0.00e+00	2.67e-07	2.09e-10	2.43e-10
 2.05030e+19	3.26e-07	4.81e-03	9.95e-01	3.88e-06	0.00e+00	0.00e+00	0.00e+00	0.00e+00	0.00e+00	3.26e-07	2.54e-10	2.94e-10
 2.14718e+19	3.98e-07	5.25e-03	9.95e-01	3.32e-06	0.00e+00	0.00e+00	0.00e+00	0.00e+00	0.00e+00	3.97e-07	3.08e-10	3.57e-10
 2.24793e+19	4.86e-07	5.73e-03	9.94e-01	2.83e-06	0.00e+00	0.00e+00	0.00e+00	0.00e+00	0.00e+00	4.86e-07	3.75e-10	4.35e-10
 2.35271e+19	5.95e-07	6.27e-03	9.94e-01	2.42e-06	0.00e+00	0.00e+00	0.00e+00	0.00e+00	0.00e+00	5.94e-07	4.57e-10	5.30e-10
 2.46167e+19	7.30e-07	6.85e-03	9.93e-01	2.07e-06	0.00e+00	0.00e+00	0.00e+00	0.00e+00	0.00e+00	7.29e-07	5.59e-10	6.47e-10
 2.57500e+19	8.97e-07	7.50e-03	9.92e-01	1.76e-06	0.00e+00	0.00e+00	0.00e+00	0.00e+00	0.00e+00	8.95e-07	6.84e-10	7.92e-10
 2.69286e+19	1.10e-06	8.21e-03	9.92e-01	1.51e-06	0.00e+00	0.00e+00	0.00e+00	0.00e+00	0.00e+00	1.10e-06	8.38e-10	9.71e-10
 2.81544e+19	1.36e-06	9.01e-03	9.91e-01	1.28e-06	0.00e+00	0.00e+00	0.00e+00	0.00e+00	0.00e+00	1.36e-06	1.03e-09	1.19e-09
 2.94292e+19	1.68e-06	9.88e-03	9.90e-01	1.10e-06	0.00e+00	0.00e+00	0.00e+00	0.00e+00	0.00e+00	1.68e-06	1.27e-09	1.47e-09
 3.07550e+19	2.09e-06	1.09e-02	9.89e-01	9.34e-07	0.00e+00	0.00e+00	0.00e+00	0.00e+00	0.00e+00	2.08e-06	1.57e-09	1.82e-09
 3.21338e+19	2.59e-06	1.19e-02	9.88e-01	7.95e-07	0.00e+00	0.00e+00	0.00e+00	0.00e+00	0.00e+00	2.59e-06	1.94e-09	2.25e-09
 3.35678e+19	3.23e-06	1.32e-02	9.87e-01	6.76e-07	0.00e+00	0.00e+00	0.00e+00	0.00e+00	0.00e+00	3.22e-06	2.42e-09	2.80e-09
 3.50591e+19	4.04e-06	1.45e-02	9.85e-01	5.75e-07	0.00e+00	0.00e+00	0.00e+00	0.00e+00	0.00e+00	4.03e-06	3.02e-09	3.49e-09
 3.66101e+19	5.07e-06	1.60e-02	9.84e-01	4.88e-07	0.00e+00	0.00e+00	0.00e+00	0.00e+00	0.00e+00	5.06e-06	3.78e-09	4.37e-09
 3.82231e+19	6.39e-06	1.77e-02	9.82e-01	4.14e-07	0.00e+00	0.00e+00	0.00e+00	0.00e+00	0.00e+00	6.38e-06	4.75e-09	5.50e-09
 3.99006e+19	8.11e-06	1.97e-02	9.80e-01	3.50e-07	0.00e+00	0.00e+00	0.00e+00	0.00e+00	0.00e+00	8.10e-06	6.02e-09	6.95e-09
 4.16453e+19	1.03e-05	2.19e-02	9.78e-01	2.96e-07	0.00e+00	0.00e+00	0.00e+00	0.00e+00	0.00e+00	1.03e-05	7.67e-09	8.86e-09
 4.34597e+19	1.33e-05	2.45e-02	9.76e-01	2.50e-07	0.00e+00	0.00e+00	0.00e+00	0.00e+00	0.00e+00	1.33e-05	9.84e-09	1.14e-08
 4.53467e+19	1.73e-05	2.74e-02	9.73e-01	2.10e-07	0.00e+00	0.00e+00	0.00e+00	0.00e+00	0.00e+00	1.72e-05	1.28e-08	1.47e-08
 4.73092e+19	2.27e-05	3.09e-02	9.69e-01	1.76e-07	0.00e+00	0.00e+00	0.00e+00	0.00e+00	0.00e+00	2.27e-05	1.67e-08	1.93e-08
 4.93501e+19	3.02e-05	3.50e-02	9.65e-01	1.47e-07	0.00e+00	0.00e+00	0.00e+00	0.00e+00	0.00e+00	3.02e-05	2.23e-08	2.57e-08
 5.14728e+19	4.10e-05	3.99e-02	9.60e-01	0.00e+00	0.00e+00	0.00e+00	0.00e+00	0.00e+00	0.00e+00	4.09e-05	3.01e-08	3.48e-08
 5.36318e+19	5.64e-05	4.59e-02	9.54e-01	0.00e+00	0.00e+00	0.00e+00	0.00e+00	0.00e+00	0.00e+00	5.63e-05	4.14e-08	4.78e-08
 5.53959e+19	7.37e-05	5.15e-02	9.48e-01	0.00e+00	0.00e+00	0.00e+00	0.00e+00	0.00e+00	0.00e+00	7.36e-05	5.40e-08	6.24e-08
 5.66199e+19	8.96e-05	5.61e-02	9.44e-01	0.00e+00	0.00e+00	0.00e+00	0.00e+00	0.00e+00	0.00e+00	8.94e-05	6.56e-08	7.58e-08
 5.78546e+19	1.10e-04	6.14e-02	9.38e-01	0.00e+00	0.00e+00	0.00e+00	0.00e+00	0.00e+00	0.00e+00	1.10e-04	8.08e-08	9.33e-08
 5.94596e+19	1.46e-04	6.96e-02	9.30e-01	0.00e+00	0.00e+00	0.00e+00	0.00e+00	0.00e+00	0.00e+00	1.46e-04	1.07e-07	1.24e-07
 6.10320e+19	1.96e-04	7.91e-02	9.21e-01	0.00e+00	0.00e+00	0.00e+00	0.00e+00	0.00e+00	0.00e+00	1.95e-04	1.43e-07	1.65e-07
 6.21753e+19	2.45e-04	8.74e-02	9.12e-01	0.00e+00	0.00e+00	0.00e+00	0.00e+00	0.00e+00	0.00e+00	2.45e-04	1.79e-07	2.07e-07
 6.31062e+19	2.98e-04	9.54e-02	9.04e-01	0.00e+00	0.00e+00	0.00e+00	0.00e+00	0.00e+00	0.00e+00	2.98e-04	2.18e-07	2.51e-07
 6.41476e+19	3.77e-04	1.06e-01	8.94e-01	0.00e+00	0.00e+00	0.00e+00	0.00e+00	0.00e+00	0.00e+00	3.76e-04	2.75e-07	3.17e-07
 6.52677e+19	4.90e-04	1.19e-01	8.80e-01	0.00e+00	0.00e+00	0.00e+00	0.00e+00	0.00e+00	0.00e+00	4.89e-04	3.58e-07	4.12e-07
 6.62227e+19	6.24e-04	1.33e-01	8.66e-01	0.00e+00	0.00e+00	0.00e+00	0.00e+00	0.00e+00	0.00e+00	6.23e-04	4.55e-07	5.24e-07
 6.70128e+19	7.73e-04	1.47e-01	8.52e-01	0.00e+00	0.00e+00	0.00e+00	0.00e+00	0.00e+00	0.00e+00	7.72e-04	5.63e-07	6.49e-07
 6.76867e+19	9.36e-04	1.60e-01	8.39e-01	0.00e+00	0.00e+00	0.00e+00	0.00e+00	0.00e+00	0.00e+00	9.35e-04	6.82e-07	7.85e-07
 6.82853e+19	1.12e-03	1.74e-01	8.25e-01	0.00e+00	0.00e+00	0.00e+00	0.00e+00	0.00e+00	0.00e+00	1.12e-03	8.17e-07	9.40e-07
 6.89549e+19	1.39e-03	1.92e-01	8.07e-01	0.00e+00	0.00e+00	0.00e+00	0.00e+00	0.00e+00	0.00e+00	1.39e-03	1.01e-06	1.17e-06
 6.96457e+19	1.76e-03	2.13e-01	7.85e-01	0.00e+00	0.00e+00	0.00e+00	0.00e+00	0.00e+00	0.00e+00	1.75e-03	1.28e-06	1.47e-06
 7.01974e+19	2.14e-03	2.33e-01	7.65e-01	0.00e+00	0.00e+00	0.00e+00	0.00e+00	0.00e+00	0.00e+00	2.14e-03	1.55e-06	1.79e-06
 7.06564e+19	2.55e-03	2.52e-01	7.46e-01	0.00e+00	0.00e+00	0.00e+00	0.00e+00	0.00e+00	0.00e+00	2.54e-03	1.85e-06	2.13e-06
 7.11611e+19	3.12e-03	2.76e-01	7.21e-01	0.00e+00	0.00e+00	0.00e+00	0.00e+00	0.00e+00	0.00e+00	3.12e-03	2.26e-06	2.61e-06
 7.16981e+19	3.91e-03	3.04e-01	6.92e-01	0.00e+00	0.00e+00	0.00e+00	0.00e+00	0.00e+00	0.00e+00	3.90e-03	2.83e-06	3.26e-06
 7.21497e+19	4.78e-03	3.31e-01	6.64e-01	0.00e+00	0.00e+00	0.00e+00	0.00e+00	0.00e+00	0.00e+00	4.77e-03	3.45e-06	3.97e-06
 7.25302e+19	5.71e-03	3.57e-01	6.37e-01	0.00e+00	0.00e+00	0.00e+00	0.00e+00	0.00e+00	0.00e+00	5.70e-03	4.12e-06	4.74e-06
 7.29451e+19	7.02e-03	3.89e-01	6.04e-01	0.00e+00	0.00e+00	0.00e+00	0.00e+00	0.00e+00	0.00e+00	7.01e-03	5.06e-06	5.82e-06
 7.33838e+19	8.81e-03	4.26e-01	5.65e-01	0.00e+00	0.00e+00	0.00e+00	0.00e+00	0.00e+00	0.00e+00	8.79e-03	6.33e-06	7.28e-06
 7.37486e+19	1.08e-02	4.60e-01	5.29e-01	0.00e+00	0.00e+00	0.00e+00	0.00e+00	0.00e+00	0.00e+00	1.07e-02	7.72e-06	8.88e-06
 7.40537e+19	1.28e-02	4.91e-01	4.96e-01	0.00e+00	0.00e+00	0.00e+00	0.00e+00	0.00e+00	0.00e+00	1.28e-02	9.19e-06	1.06e-05
 7.43863e+19	1.57e-02	5.29e-01	4.56e-01	0.00e+00	0.00e+00	0.00e+00	0.00e+00	0.00e+00	0.00e+00	1.57e-02	1.12e-05	1.29e-05
 7.47399e+19	1.97e-02	5.70e-01	4.11e-01	0.00e+00	0.00e+00	0.00e+00	0.00e+00	0.00e+00	0.00e+00	1.97e-02	1.40e-05	1.61e-05
 7.50374e+19	2.41e-02	6.06e-01	3.70e-01	0.00e+00	0.00e+00	0.00e+00	0.00e+00	0.00e+00	0.00e+00	2.40e-02	1.70e-05	1.96e-05
 7.52881e+19	2.88e-02	6.38e-01	3.33e-01	0.00e+00	0.00e+00	0.00e+00	0.00e+00	0.00e+00	0.00e+00	2.88e-02	2.03e-05	2.33e-05
 7.55612e+19	3.53e-02	6.73e-01	2.92e-01	0.00e+00	0.00e+00	0.00e+00	0.00e+00	0.00e+00	0.00e+00	3.53e-02	2.47e-05	2.85e-05
 7.58519e+19	4.43e-02	7.08e-01	2.47e-01	0.00e+00	0.00e+00	0.00e+00	0.00e+00	0.00e+00	0.00e+00	4.43e-02	3.08e-05	3.54e-05
 7.60956e+19	5.44e-02	7.36e-01	2.09e-01	0.00e+00	0.00e+00	0.00e+00	0.00e+00	0.00e+00	0.00e+00	5.43e-02	3.75e-05	4.31e-05
 7.62972e+19	6.51e-02	7.57e-01	1.78e-01	0.00e+00	0.00e+00	0.00e+00	0.00e+00	0.00e+00	0.00e+00	6.50e-02	4.44e-05	5.12e-05
 7.64856e+19	7.75e-02	7.72e-01	1.50e-01	0.00e+00	0.00e+00	0.00e+00	0.00e+00	0.00e+00	0.00e+00	7.74e-02	5.24e-05	6.03e-05
 7.66522e+19	9.05e-02	7.83e-01	1.27e-01	0.00e+00	0.00e+00	0.00e+00	0.00e+00	0.00e+00	0.00e+00	9.04e-02	6.05e-05	6.97e-05
 7.67864e+19	1.03e-01	7.88e-01	1.09e-01	0.00e+00	0.00e+00	0.00e+00	0.00e+00	0.00e+00	0.00e+00	1.03e-01	6.84e-05	7.88e-05
 7.69057e+19	1.17e-01	7.89e-01	9.35e-02	0.00e+00	0.00e+00	0.00e+00	0.00e+00	0.00e+00	0.00e+00	1.17e-01	7.66e-05	8.83e-05
 7.70195e+19	1.32e-01	7.88e-01	8.01e-02	0.00e+00	0.00e+00	0.00e+00	0.00e+00	0.00e+00	0.00e+00	1.31e-01	8.50e-05	9.80e-05
 7.71310e+19	1.48e-01	7.84e-01	6.80e-02	0.00e+00	0.00e+00	0.00e+00	0.00e+00	0.00e+00	0.00e+00	1.48e-01	9.43e-05	1.09e-04
 7.72383e+19	1.66e-01	7.76e-01	5.71e-02	0.00e+00	0.00e+00	0.00e+00	0.00e+00	0.00e+00	0.00e+00	1.66e-01	1.04e-04	1.20e-04
 7.73369e+19	1.85e-01	7.66e-01	4.82e-02	0.00e+00	0.00e+00	0.00e+00	0.00e+00	0.00e+00	0.00e+00	1.85e-01	1.14e-04	1.32e-04
 7.74274e+19	2.04e-01	7.55e-01	4.08e-02	0.00e+00	0.00e+00	0.00e+00	0.00e+00	0.00e+00	0.00e+00	2.04e-01	1.24e-04	1.43e-04
 7.75147e+19	2.26e-01	7.40e-01	3.43e-02	0.00e+00	0.00e+00	0.00e+00	0.00e+00	0.00e+00	0.00e+00	2.25e-01	1.34e-04	1.55e-04
 7.75990e+19	2.47e-01	7.24e-01	2.87e-02	0.00e+00	0.00e+00	0.00e+00	0.00e+00	0.00e+00	0.00e+00	2.47e-01	1.44e-04	1.66e-04
 7.76792e+19	2.70e-01	7.06e-01	2.40e-02	0.00e+00	0.00e+00	0.00e+00	0.00e+00	0.00e+00	0.00e+00	2.70e-01	1.54e-04	1.78e-04
 7.77567e+19	2.94e-01	6.86e-01	2.01e-02	0.00e+00	0.00e+00	0.00e+00	0.00e+00	0.00e+00	0.00e+00	2.93e-01	1.63e-04	1.89e-04
 7.78316e+19	3.18e-01	6.65e-01	1.67e-02	0.00e+00	0.00e+00	0.00e+00	0.00e+00	0.00e+00	0.00e+00	3.18e-01	1.72e-04	1.99e-04
 7.79040e+19	3.43e-01	6.43e-01	1.38e-02	0.00e+00	0.00e+00	0.00e+00	0.00e+00	0.00e+00	0.00e+00	3.43e-01	1.81e-04	2.09e-04
 7.79745e+19	3.69e-01	6.19e-01	1.14e-02	0.00e+00	0.00e+00	0.00e+00	0.00e+00	0.00e+00	0.00e+00	3.69e-01	1.89e-04	2.18e-04
 7.80436e+19	3.95e-01	5.95e-01	9.41e-03	0.00e+00	0.00e+00	0.00e+00	0.00e+00	0.00e+00	0.00e+00	3.95e-01	1.96e-04	2.27e-04
 7.81117e+19	4.22e-01	5.70e-01	7.70e-03	0.00e+00	0.00e+00	0.00e+00	0.00e+00	0.00e+00	0.00e+00	4.22e-01	2.03e-04	2.34e-04
 7.81787e+19	4.50e-01	5.44e-01	6.27e-03	0.00e+00	0.00e+00	0.00e+00	0.00e+00	0.00e+00	0.00e+00	4.49e-01	2.08e-04	2.41e-04
 7.82442e+19	4.76e-01	5.19e-01	5.11e-03	0.00e+00	0.00e+00	0.00e+00	0.00e+00	0.00e+00	0.00e+00	4.76e-01	2.13e-04	2.46e-04
 7.83062e+19	5.03e-01	4.93e-01	4.17e-03	0.00e+00	0.00e+00	0.00e+00	0.00e+00	0.00e+00	0.00e+00	5.02e-01	2.16e-04	2.50e-04
 7.83656e+19	5.27e-01	4.69e-01	3.41e-03	0.00e+00	0.00e+00	0.00e+00	0.00e+00	0.00e+00	0.00e+00	5.27e-01	2.19e-04	2.53e-04
 7.84221e+19	5.51e-01	4.46e-01	2.81e-03	0.00e+00	0.00e+00	0.00e+00	0.00e+00	0.00e+00	0.00e+00	5.51e-01	2.20e-04	2.54e-04
 7.84746e+19	5.73e-01	4.25e-01	2.33e-03	0.00e+00	0.00e+00	0.00e+00	0.00e+00	0.00e+00	0.00e+00	5.72e-01	2.21e-04	2.55e-04
 7.85241e+19	5.93e-01	4.05e-01	1.95e-03	0.00e+00	0.00e+00	0.00e+00	0.00e+00	0.00e+00	0.00e+00	5.93e-01	2.21e-04	2.55e-04
 7.85624e+19	6.08e-01	3.90e-01	1.70e-03	0.00e+00	0.00e+00	0.00e+00	0.00e+00	0.00e+00	0.00e+00	6.08e-01	2.20e-04	2.55e-04
 7.85895e+19	6.18e-01	3.80e-01	1.55e-03	0.00e+00	0.00e+00	0.00e+00	0.00e+00	0.00e+00	0.00e+00	6.18e-01	2.20e-04	2.54e-04
 7.86167e+19	6.29e-01	3.69e-01	1.39e-03	0.00e+00	0.00e+00	0.00e+00	0.00e+00	0.00e+00	0.00e+00	6.29e-01	2.19e-04	2.53e-04
 7.86481e+19	6.42e-01	3.57e-01	1.23e-03	0.00e+00	0.00e+00	0.00e+00	0.00e+00	0.00e+00	0.00e+00	6.41e-01	2.18e-04	2.52e-04
 7.86808e+19	6.55e-01	3.44e-01	1.09e-03	0.00e+00	0.00e+00	0.00e+00	0.00e+00	0.00e+00	0.00e+00	6.54e-01	2.17e-04	2.50e-04
 7.87112e+19	6.66e-01	3.33e-01	9.65e-04	0.00e+00	0.00e+00	0.00e+00	0.00e+00	0.00e+00	0.00e+00	6.66e-01	2.16e-04	2.49e-04
 7.87403e+19	6.78e-01	3.22e-01	8.58e-04	0.00e+00	0.00e+00	0.00e+00	0.00e+00	0.00e+00	0.00e+00	6.77e-01	2.14e-04	2.47e-04
 7.87699e+19	6.88e-01	3.11e-01	7.61e-04	0.00e+00	0.00e+00	0.00e+00	0.00e+00	0.00e+00	0.00e+00	6.88e-01	2.12e-04	2.45e-04
 7.87999e+19	7.00e-01	3.00e-01	6.73e-04	0.00e+00	0.00e+00	0.00e+00	0.00e+00	0.00e+00	0.00e+00	6.99e-01	2.11e-04	2.43e-04
 7.88298e+19	7.11e-01	2.89e-01	5.94e-04	0.00e+00	0.00e+00	0.00e+00	0.00e+00	0.00e+00	0.00e+00	7.10e-01	2.08e-04	2.40e-04
 7.88589e+19	7.21e-01	2.78e-01	5.26e-04	0.00e+00	0.00e+00	0.00e+00	0.00e+00	0.00e+00	0.00e+00	7.21e-01	2.06e-04	2.38e-04
 7.88878e+19	7.31e-01	2.68e-01	4.65e-04	0.00e+00	0.00e+00	0.00e+00	0.00e+00	0.00e+00	0.00e+00	7.31e-01	2.04e-04	2.35e-04
 7.89170e+19	7.41e-01	2.58e-01	4.10e-04	0.00e+00	0.00e+00	0.00e+00	0.00e+00	0.00e+00	0.00e+00	7.41e-01	2.01e-04	2.32e-04
 7.89462e+19	7.51e-01	2.48e-01	3.61e-04	0.00e+00	0.00e+00	0.00e+00	0.00e+00	0.00e+00	0.00e+00	7.51e-01	1.99e-04	2.29e-04
 7.89750e+19	7.61e-01	2.39e-01	3.18e-04	0.00e+00	0.00e+00	0.00e+00	0.00e+00	0.00e+00	0.00e+00	7.60e-01	1.96e-04	2.25e-04
 7.90038e+19	7.70e-01	2.30e-01	2.80e-04	0.00e+00	0.00e+00	0.00e+00	0.00e+00	0.00e+00	0.00e+00	7.70e-01	1.93e-04	2.22e-04
 7.90328e+19	7.79e-01	2.21e-01	2.46e-04	0.00e+00	0.00e+00	0.00e+00	0.00e+00	0.00e+00	0.00e+00	7.79e-01	1.90e-04	2.19e-04
 7.90614e+19	7.88e-01	2.12e-01	2.16e-04	0.00e+00	0.00e+00	0.00e+00	0.00e+00	0.00e+00	0.00e+00	7.88e-01	1.87e-04	2.15e-04
 7.90896e+19	7.96e-01	2.03e-01	1.90e-04	0.00e+00	0.00e+00	0.00e+00	0.00e+00	0.00e+00	0.00e+00	7.96e-01	1.84e-04	2.12e-04
 7.91179e+19	8.05e-01	1.95e-01	1.67e-04	0.00e+00	0.00e+00	0.00e+00	0.00e+00	0.00e+00	0.00e+00	8.04e-01	1.81e-04	2.08e-04
 7.91464e+19	8.13e-01	1.87e-01	1.46e-04	0.00e+00	0.00e+00	0.00e+00	0.00e+00	0.00e+00	0.00e+00	8.12e-01	1.78e-04	2.04e-04
 7.91749e+19	8.21e-01	1.79e-01	1.28e-04	0.00e+00	0.00e+00	0.00e+00	0.00e+00	0.00e+00	0.00e+00	8.20e-01	1.75e-04	2.01e-04
 7.92031e+19	8.28e-01	1.72e-01	1.12e-04	0.00e+00	0.00e+00	0.00e+00	0.00e+00	0.00e+00	0.00e+00	8.28e-01	1.72e-04	1.97e-04
 7.92309e+19	8.35e-01	1.65e-01	9.81e-05	0.00e+00	0.00e+00	0.00e+00	0.00e+00	0.00e+00	0.00e+00	8.35e-01	1.69e-04	1.94e-04
 7.92590e+19	8.42e-01	1.58e-01	8.57e-05	0.00e+00	0.00e+00	0.00e+00	0.00e+00	0.00e+00	0.00e+00	8.42e-01	1.66e-04	1.90e-04
 7.92874e+19	8.49e-01	1.51e-01	7.47e-05	0.00e+00	0.00e+00	0.00e+00	0.00e+00	0.00e+00	0.00e+00	8.49e-01	1.63e-04	1.87e-04
 7.93153e+19	8.55e-01	1.45e-01	6.53e-05	0.00e+00	0.00e+00	0.00e+00	0.00e+00	0.00e+00	0.00e+00	8.55e-01	1.60e-04	1.83e-04
 7.93427e+19	8.62e-01	1.38e-01	5.71e-05	0.00e+00	0.00e+00	0.00e+00	0.00e+00	0.00e+00	0.00e+00	8.61e-01	1.57e-04	1.80e-04
 7.93698e+19	8.67e-01	1.33e-01	5.00e-05	0.00e+00	0.00e+00	0.00e+00	0.00e+00	0.00e+00	0.00e+00	8.67e-01	1.54e-04	1.77e-04
 7.93968e+19	8.73e-01	1.27e-01	4.37e-05	0.00e+00	0.00e+00	0.00e+00	0.00e+00	0.00e+00	0.00e+00	8.73e-01	1.52e-04	1.73e-04
 7.94238e+19	8.78e-01	1.22e-01	3.82e-05	0.00e+00	0.00e+00	0.00e+00	0.00e+00	0.00e+00	0.00e+00	8.78e-01	1.49e-04	1.70e-04
 7.94504e+19	8.84e-01	1.16e-01	3.34e-05	0.00e+00	0.00e+00	0.00e+00	0.00e+00	0.00e+00	0.00e+00	8.83e-01	1.46e-04	1.67e-04
 7.94767e+19	8.89e-01	1.11e-01	2.93e-05	0.00e+00	0.00e+00	0.00e+00	0.00e+00	0.00e+00	0.00e+00	8.88e-01	1.44e-04	1.64e-04
 7.95028e+19	8.93e-01	1.07e-01	2.57e-05	0.00e+00	0.00e+00	0.00e+00	0.00e+00	0.00e+00	0.00e+00	8.93e-01	1.42e-04	1.61e-04
 7.95285e+19	8.98e-01	1.02e-01	2.25e-05	0.00e+00	0.00e+00	0.00e+00	0.00e+00	0.00e+00	0.00e+00	8.97e-01	1.39e-04	1.59e-04
 7.95539e+19	9.02e-01	9.79e-02	1.98e-05	0.00e+00	0.00e+00	0.00e+00	0.00e+00	0.00e+00	0.00e+00	9.02e-01	1.37e-04	1.56e-04
 7.95791e+19	9.06e-01	9.39e-02	1.74e-05	0.00e+00	0.00e+00	0.00e+00	0.00e+00	0.00e+00	0.00e+00	9.06e-01	1.35e-04	1.53e-04
 7.96042e+19	9.10e-01	8.99e-02	1.53e-05	0.00e+00	0.00e+00	0.00e+00	0.00e+00	0.00e+00	0.00e+00	9.10e-01	1.33e-04	1.51e-04
 7.96290e+19	9.14e-01	8.62e-02	1.34e-05	0.00e+00	0.00e+00	0.00e+00	0.00e+00	0.00e+00	0.00e+00	9.13e-01	1.31e-04	1.48e-04
 7.96535e+19	9.17e-01	8.27e-02	1.18e-05	0.00e+00	0.00e+00	0.00e+00	0.00e+00	0.00e+00	0.00e+00	9.17e-01	1.29e-04	1.46e-04
 7.96778e+19	9.21e-01	7.93e-02	1.04e-05	0.00e+00	0.00e+00	0.00e+00	0.00e+00	0.00e+00	0.00e+00	9.20e-01	1.27e-04	1.44e-04
 7.97017e+19	9.24e-01	7.61e-02	9.21e-06	0.00e+00	0.00e+00	0.00e+00	0.00e+00	0.00e+00	0.00e+00	9.24e-01	1.25e-04	1.42e-04
 7.97256e+19	9.27e-01	7.30e-02	8.12e-06	0.00e+00	0.00e+00	0.00e+00	0.00e+00	0.00e+00	0.00e+00	9.27e-01	1.23e-04	1.40e-04
 7.97494e+19	9.30e-01	7.00e-02	7.16e-06	0.00e+00	0.00e+00	0.00e+00	0.00e+00	0.00e+00	0.00e+00	9.30e-01	1.21e-04	1.38e-04
 7.97729e+19	9.33e-01	6.72e-02	6.33e-06	0.00e+00	0.00e+00	0.00e+00	0.00e+00	0.00e+00	0.00e+00	9.33e-01	1.20e-04	1.36e-04
 7.97962e+19	9.35e-01	6.45e-02	5.59e-06	0.00e+00	0.00e+00	0.00e+00	0.00e+00	0.00e+00	0.00e+00	9.35e-01	1.18e-04	1.34e-04
 7.98193e+19	9.38e-01	6.20e-02	4.95e-06	0.00e+00	0.00e+00	0.00e+00	0.00e+00	0.00e+00	0.00e+00	9.38e-01	1.17e-04	1.32e-04
 7.98422e+19	9.41e-01	5.95e-02	4.38e-06	0.00e+00	0.00e+00	0.00e+00	0.00e+00	0.00e+00	0.00e+00	9.40e-01	1.15e-04	1.30e-04
 7.98651e+19	9.43e-01	5.71e-02	3.88e-06	0.00e+00	0.00e+00	0.00e+00	0.00e+00	0.00e+00	0.00e+00	9.43e-01	1.14e-04	1.29e-04
 7.98878e+19	9.45e-01	5.48e-02	3.44e-06	0.00e+00	0.00e+00	0.00e+00	0.00e+00	0.00e+00	0.00e+00	9.45e-01	1.12e-04	1.27e-04
 7.99104e+19	9.47e-01	5.27e-02	3.05e-06	0.00e+00	0.00e+00	0.00e+00	0.00e+00	0.00e+00	0.00e+00	9.47e-01	1.11e-04	1.25e-04
 7.99327e+19	9.49e-01	5.06e-02	2.70e-06	0.00e+00	0.00e+00	0.00e+00	0.00e+00	0.00e+00	0.00e+00	9.49e-01	1.10e-04	1.24e-04
 7.99550e+19	9.51e-01	4.87e-02	2.40e-06	0.00e+00	0.00e+00	0.00e+00	0.00e+00	0.00e+00	0.00e+00	9.51e-01	1.09e-04	1.22e-04
 7.99771e+19	9.53e-01	4.67e-02	2.13e-06	0.00e+00	0.00e+00	0.00e+00	0.00e+00	0.00e+00	0.00e+00	9.53e-01	1.07e-04	1.21e-04
 7.99992e+19	9.55e-01	4.49e-02	1.89e-06	0.00e+00	0.00e+00	0.00e+00	0.00e+00	0.00e+00	0.00e+00	9.55e-01	1.06e-04	1.20e-04
 8.00211e+19	9.57e-01	4.32e-02	1.68e-06	0.00e+00	0.00e+00	0.00e+00	0.00e+00	0.00e+00	0.00e+00	9.57e-01	1.05e-04	1.18e-04
 8.00428e+19	9.58e-01	4.15e-02	1.50e-06	0.00e+00	0.00e+00	0.00e+00	0.00e+00	0.00e+00	0.00e+00	9.58e-01	1.04e-04	1.17e-04
 8.00644e+19	9.60e-01	3.99e-02	1.33e-06	0.00e+00	0.00e+00	0.00e+00	0.00e+00	0.00e+00	0.00e+00	9.60e-01	1.03e-04	1.16e-04
 8.00859e+19	9.62e-01	3.84e-02	1.19e-06	0.00e+00	0.00e+00	0.00e+00	0.00e+00	0.00e+00	0.00e+00	9.61e-01	1.02e-04	1.15e-04
 8.01075e+19	9.63e-01	3.69e-02	1.06e-06	0.00e+00	0.00e+00	0.00e+00	0.00e+00	0.00e+00	0.00e+00	9.63e-01	1.01e-04	1.14e-04
 8.01288e+19	9.64e-01	3.55e-02	9.42e-07	0.00e+00	0.00e+00	0.00e+00	0.00e+00	0.00e+00	0.00e+00	9.64e-01	1.00e-04	1.13e-04
 8.01500e+19	9.66e-01	3.41e-02	8.40e-07	0.00e+00	0.00e+00	0.00e+00	0.00e+00	0.00e+00	0.00e+00	9.66e-01	9.95e-05	1.12e-04
 8.01712e+19	9.67e-01	3.29e-02	7.49e-07	0.00e+00	0.00e+00	0.00e+00	0.00e+00	0.00e+00	0.00e+00	9.67e-01	9.87e-05	1.11e-04
 8.01922e+19	9.68e-01	3.16e-02	6.69e-07	0.00e+00	0.00e+00	0.00e+00	0.00e+00	0.00e+00	0.00e+00	9.68e-01	9.79e-05	1.10e-04
 8.02131e+19	9.70e-01	3.04e-02	5.98e-07	0.00e+00	0.00e+00	0.00e+00	0.00e+00	0.00e+00	0.00e+00	9.69e-01	9.71e-05	1.09e-04
 8.02340e+19	9.71e-01	2.92e-02	5.34e-07	0.00e+00	0.00e+00	0.00e+00	0.00e+00	0.00e+00	0.00e+00	9.71e-01	9.63e-05	1.08e-04
 8.02548e+19	9.72e-01	2.81e-02	4.77e-07	0.00e+00	0.00e+00	0.00e+00	0.00e+00	0.00e+00	0.00e+00	9.72e-01	9.56e-05	1.07e-04
 8.02754e+19	9.73e-01	2.70e-02	4.27e-07	0.00e+00	0.00e+00	0.00e+00	0.00e+00	0.00e+00	0.00e+00	9.73e-01	9.49e-05	1.06e-04
 8.02959e+19	9.74e-01	2.60e-02	3.83e-07	0.00e+00	0.00e+00	0.00e+00	0.00e+00	0.00e+00	0.00e+00	9.74e-01	9.42e-05	1.05e-04
 8.03163e+19	9.75e-01	2.50e-02	3.43e-07	0.00e+00	0.00e+00	0.00e+00	0.00e+00	0.00e+00	0.00e+00	9.75e-01	9.35e-05	1.04e-04
 8.03365e+19	9.76e-01	2.41e-02	3.08e-07	0.00e+00	0.00e+00	0.00e+00	0.00e+00	0.00e+00	0.00e+00	9.76e-01	9.28e-05	1.03e-04
 8.03565e+19	9.77e-01	2.32e-02	2.77e-07	0.00e+00	0.00e+00	0.00e+00	0.00e+00	0.00e+00	0.00e+00	9.77e-01	9.21e-05	1.03e-04
 8.03763e+19	9.78e-01	2.23e-02	2.49e-07	0.00e+00	0.00e+00	0.00e+00	0.00e+00	0.00e+00	0.00e+00	9.78e-01	9.15e-05	1.02e-04
 8.03957e+19	9.79e-01	2.14e-02	2.25e-07	0.00e+00	0.00e+00	0.00e+00	0.00e+00	0.00e+00	0.00e+00	9.78e-01	9.08e-05	1.01e-04
 8.04149e+19	9.79e-01	2.06e-02	2.03e-07	0.00e+00	0.00e+00	0.00e+00	0.00e+00	0.00e+00	0.00e+00	9.79e-01	9.01e-05	9.98e-05
 8.04341e+19	9.80e-01	1.97e-02	1.83e-07	0.00e+00	0.00e+00	0.00e+00	0.00e+00	0.00e+00	0.00e+00	9.80e-01	8.94e-05	9.88e-05
 8.04529e+19	9.81e-01	1.89e-02	1.66e-07	0.00e+00	0.00e+00	0.00e+00	0.00e+00	0.00e+00	0.00e+00	9.81e-01	8.87e-05	9.79e-05
 8.04708e+19	9.82e-01	1.82e-02	1.51e-07	0.00e+00	0.00e+00	0.00e+00	0.00e+00	0.00e+00	0.00e+00	9.82e-01	8.80e-05	9.69e-05
 8.04880e+19	9.83e-01	1.74e-02	1.38e-07	0.00e+00	0.00e+00	0.00e+00	0.00e+00	0.00e+00	0.00e+00	9.82e-01	8.73e-05	9.59e-05
 8.05047e+19	9.83e-01	1.67e-02	1.27e-07	0.00e+00	0.00e+00	0.00e+00	0.00e+00	0.00e+00	0.00e+00	9.83e-01	8.66e-05	9.49e-05
 8.05199e+19	9.84e-01	1.60e-02	1.17e-07	0.00e+00	0.00e+00	0.00e+00	0.00e+00	0.00e+00	0.00e+00	9.84e-01	8.60e-05	9.40e-05
 8.05327e+19	9.85e-01	1.55e-02	1.10e-07	0.00e+00	0.00e+00	0.00e+00	0.00e+00	0.00e+00	0.00e+00	9.84e-01	8.54e-05	9.32e-05
 8.05435e+19	9.85e-01	1.50e-02	1.04e-07	0.00e+00	0.00e+00	0.00e+00	0.00e+00	0.00e+00	0.00e+00	9.85e-01	8.49e-05	9.25e-05
 8.05532e+19	9.85e-01	1.46e-02	9.93e-08	0.00e+00	0.00e+00	0.00e+00	0.00e+00	0.00e+00	0.00e+00	9.85e-01	8.45e-05	9.18e-05
 8.05622e+19	9.86e-01	1.42e-02	9.48e-08	0.00e+00	0.00e+00	0.00e+00	0.00e+00	0.00e+00	0.00e+00	9.86e-01	8.40e-05	9.12e-05
 8.05705e+19	9.86e-01	1.38e-02	9.09e-08	0.00e+00	0.00e+00	0.00e+00	0.00e+00	0.00e+00	0.00e+00	9.86e-01	8.36e-05	9.06e-05
 8.05782e+19	9.87e-01	1.34e-02	8.74e-08	0.00e+00	0.00e+00	0.00e+00	0.00e+00	0.00e+00	0.00e+00	9.86e-01	8.32e-05	9.00e-05
 8.05853e+19	9.87e-01	1.31e-02	8.43e-08	0.00e+00	0.00e+00	0.00e+00	0.00e+00	0.00e+00	0.00e+00	9.87e-01	8.27e-05	8.94e-05
 8.05918e+19	9.87e-01	1.28e-02	8.15e-08	0.00e+00	0.00e+00	0.00e+00	0.00e+00	0.00e+00	0.00e+00	9.87e-01	8.23e-05	8.89e-05
 8.05979e+19	9.88e-01	1.25e-02	7.90e-08	0.00e+00	0.00e+00	0.00e+00	0.00e+00	0.00e+00	0.00e+00	9.87e-01	8.20e-05	8.84e-05
 8.06036e+19	9.88e-01	1.22e-02	7.66e-08	0.00e+00	0.00e+00	0.00e+00	0.00e+00	0.00e+00	0.00e+00	9.88e-01	8.16e-05	8.78e-05
 8.06088e+19	9.88e-01	1.19e-02	7.45e-08	0.00e+00	0.00e+00	0.00e+00	0.00e+00	0.00e+00	0.00e+00	9.88e-01	8.12e-05	8.73e-05
 8.06138e+19	9.88e-01	1.16e-02	7.24e-08	0.00e+00	0.00e+00	0.00e+00	0.00e+00	0.00e+00	0.00e+00	9.88e-01	8.08e-05	8.69e-05
 8.06184e+19	9.89e-01	1.13e-02	7.04e-08	0.00e+00	0.00e+00	0.00e+00	0.00e+00	0.00e+00	0.00e+00	9.89e-01	8.05e-05	8.64e-05
