#depth	C	C+	C+2	C+3	C+4	C+5	C+6	C[1]	C[2]	C[3]	C+[1]	C+[2]	CO
 3.85559e+15	2.14e-12	2.79e-06	4.69e-02	9.34e-01	1.94e-02	1.99e-07	0.00e+00	2.64e-13	8.39e-13	1.04e-12	1.63e-06	1.16e-06	1.32e-38
 2.31335e+16	2.22e-12	2.86e-06	4.74e-02	9.33e-01	1.91e-02	1.93e-07	0.00e+00	2.74e-13	8.70e-13	1.08e-12	1.67e-06	1.18e-06	1.43e-38
 1.00245e+17	2.53e-12	3.12e-06	4.95e-02	9.32e-01	1.81e-02	1.74e-07	0.00e+00	3.12e-13	9.92e-13	1.23e-12	1.84e-06	1.29e-06	1.94e-38
 2.39480e+17	3.25e-12	3.70e-06	5.38e-02	9.30e-01	1.62e-02	1.43e-07	0.00e+00	4.02e-13	1.28e-12	1.57e-12	2.22e-06	1.48e-06	3.48e-38
 3.97674e+17	4.28e-12	4.45e-06	5.88e-02	9.27e-01	1.44e-02	0.00e+00	0.00e+00	5.30e-13	1.70e-12	2.06e-12	2.72e-06	1.74e-06	6.58e-38
 5.62195e+17	5.63e-12	5.35e-06	6.43e-02	9.23e-01	1.27e-02	0.00e+00	0.00e+00	6.97e-13	2.24e-12	2.69e-12	3.32e-06	2.03e-06	1.24e-37
 7.33297e+17	7.38e-12	6.42e-06	7.01e-02	9.19e-01	1.12e-02	0.00e+00	0.00e+00	9.15e-13	2.95e-12	3.52e-12	4.04e-06	2.38e-06	2.32e-37
 9.11243e+17	9.67e-12	7.70e-06	7.65e-02	9.14e-01	9.80e-03	0.00e+00	0.00e+00	1.20e-12	3.88e-12	4.59e-12	4.92e-06	2.78e-06	4.35e-37
 1.09631e+18	1.26e-11	9.21e-06	8.33e-02	9.08e-01	8.57e-03	0.00e+00	0.00e+00	1.57e-12	5.09e-12	5.98e-12	5.97e-06	3.24e-06	8.11e-37
 1.28877e+18	1.65e-11	1.10e-05	9.07e-02	9.02e-01	7.47e-03	0.00e+00	0.00e+00	2.05e-12	6.67e-12	7.78e-12	7.23e-06	3.77e-06	1.51e-36
 1.48894e+18	2.15e-11	1.31e-05	9.86e-02	8.95e-01	6.48e-03	0.00e+00	0.00e+00	2.67e-12	8.71e-12	1.01e-11	8.74e-06	4.38e-06	2.80e-36
 1.69711e+18	2.79e-11	1.56e-05	1.07e-01	8.87e-01	5.59e-03	0.00e+00	0.00e+00	3.47e-12	1.14e-11	1.31e-11	1.05e-05	5.09e-06	5.19e-36
 1.91361e+18	3.62e-11	1.86e-05	1.16e-01	8.79e-01	4.80e-03	0.00e+00	0.00e+00	4.50e-12	1.48e-11	1.70e-11	1.27e-05	5.90e-06	9.58e-36
 2.13877e+18	4.69e-11	2.20e-05	1.26e-01	8.70e-01	4.10e-03	0.00e+00	0.00e+00	5.82e-12	1.92e-11	2.19e-11	1.52e-05	6.83e-06	1.77e-35
 2.37293e+18	6.06e-11	2.61e-05	1.36e-01	8.60e-01	3.48e-03	0.00e+00	0.00e+00	7.52e-12	2.48e-11	2.82e-11	1.82e-05	7.89e-06	3.25e-35
 2.61646e+18	7.81e-11	3.08e-05	1.47e-01	8.50e-01	2.93e-03	0.00e+00	0.00e+00	9.69e-12	3.21e-11	3.63e-11	2.17e-05	9.11e-06	5.97e-35
 2.86973e+18	1.01e-10	3.64e-05	1.59e-01	8.39e-01	2.45e-03	0.00e+00	0.00e+00	1.25e-11	4.14e-11	4.67e-11	2.59e-05	1.05e-05	1.10e-34
 3.13314e+18	1.29e-10	4.28e-05	1.71e-01	8.27e-01	2.03e-03	0.00e+00	0.00e+00	1.60e-11	5.32e-11	5.98e-11	3.08e-05	1.21e-05	2.01e-34
 3.40708e+18	1.64e-10	5.02e-05	1.83e-01	8.15e-01	1.68e-03	0.00e+00	0.00e+00	2.04e-11	6.79e-11	7.61e-11	3.64e-05	1.39e-05	3.64e-34
 3.69198e+18	2.11e-10	5.91e-05	1.97e-01	8.01e-01	1.37e-03	0.00e+00	0.00e+00	2.62e-11	8.74e-11	9.76e-11	4.31e-05	1.60e-05	6.72e-34
 3.98827e+18	2.68e-10	6.90e-05	2.11e-01	7.87e-01	1.11e-03	0.00e+00	0.00e+00	3.32e-11	1.11e-10	1.24e-10	5.07e-05	1.83e-05	1.22e-33
 4.29641e+18	3.42e-10	8.06e-05	2.26e-01	7.73e-01	8.92e-04	0.00e+00	0.00e+00	4.23e-11	1.42e-10	1.58e-10	5.97e-05	2.10e-05	2.23e-33
 4.61688e+18	4.36e-10	9.43e-05	2.42e-01	7.57e-01	7.11e-04	0.00e+00	0.00e+00	5.39e-11	1.81e-10	2.01e-10	7.02e-05	2.41e-05	4.10e-33
 4.95017e+18	5.51e-10	1.10e-04	2.58e-01	7.41e-01	5.65e-04	0.00e+00	0.00e+00	6.81e-11	2.29e-10	2.54e-10	8.21e-05	2.75e-05	7.43e-33
 5.29679e+18	6.99e-10	1.28e-04	2.76e-01	7.24e-01	4.45e-04	0.00e+00	0.00e+00	8.64e-11	2.91e-10	3.22e-10	9.61e-05	3.15e-05	1.37e-32
 5.63511e+18	8.69e-10	1.46e-04	2.92e-01	7.08e-01	3.55e-04	0.00e+00	0.00e+00	1.07e-10	3.62e-10	3.99e-10	1.11e-04	3.55e-05	2.39e-32
 5.98695e+18	1.08e-09	1.68e-04	3.09e-01	6.91e-01	2.81e-04	0.00e+00	0.00e+00	1.33e-10	4.50e-10	4.96e-10	1.28e-04	4.03e-05	4.20e-32
 6.37504e+18	1.36e-09	1.95e-04	3.28e-01	6.72e-01	2.18e-04	0.00e+00	0.00e+00	1.68e-10	5.69e-10	6.26e-10	1.49e-04	4.59e-05	7.71e-32
 6.76037e+18	1.70e-09	2.23e-04	3.46e-01	6.53e-01	1.72e-04	0.00e+00	0.00e+00	2.09e-10	7.09e-10	7.79e-10	1.71e-04	5.20e-05	1.37e-31
 7.16111e+18	2.11e-09	2.55e-04	3.65e-01	6.34e-01	1.34e-04	0.00e+00	0.00e+00	2.59e-10	8.80e-10	9.66e-10	1.96e-04	5.88e-05	2.43e-31
 7.59617e+18	2.63e-09	2.93e-04	3.85e-01	6.14e-01	1.04e-04	0.00e+00	0.00e+00	3.24e-10	1.10e-09	1.21e-09	2.27e-04	6.68e-05	4.41e-31
 8.04863e+18	3.29e-09	3.37e-04	4.06e-01	5.94e-01	8.03e-05	0.00e+00	0.00e+00	4.05e-10	1.38e-09	1.51e-09	2.61e-04	7.58e-05	8.00e-31
 8.51918e+18	4.10e-09	3.85e-04	4.27e-01	5.73e-01	6.22e-05	0.00e+00	0.00e+00	5.04e-10	1.71e-09	1.88e-09	2.99e-04	8.59e-05	1.45e-30
 9.00857e+18	5.08e-09	4.39e-04	4.47e-01	5.52e-01	4.83e-05	0.00e+00	0.00e+00	6.24e-10	2.12e-09	2.33e-09	3.42e-04	9.69e-05	2.60e-30
 9.51752e+18	6.30e-09	5.01e-04	4.69e-01	5.31e-01	3.76e-05	0.00e+00	0.00e+00	7.75e-10	2.64e-09	2.89e-09	3.92e-04	1.10e-04	4.70e-30
 1.00468e+19	7.82e-09	5.71e-04	4.90e-01	5.09e-01	2.93e-05	0.00e+00	0.00e+00	9.60e-10	3.27e-09	3.58e-09	4.47e-04	1.24e-04	8.49e-30
 1.05973e+19	9.67e-09	6.49e-04	5.11e-01	4.88e-01	2.30e-05	0.00e+00	0.00e+00	1.19e-09	4.05e-09	4.43e-09	5.09e-04	1.40e-04	1.53e-29
 1.11698e+19	1.19e-08	7.35e-04	5.32e-01	4.67e-01	1.82e-05	0.00e+00	0.00e+00	1.46e-09	4.98e-09	5.45e-09	5.77e-04	1.57e-04	2.71e-29
 1.17652e+19	1.47e-08	8.33e-04	5.54e-01	4.45e-01	1.45e-05	0.00e+00	0.00e+00	1.80e-09	6.15e-09	6.73e-09	6.55e-04	1.77e-04	4.87e-29
 1.23845e+19	1.81e-08	9.41e-04	5.75e-01	4.24e-01	1.16e-05	0.00e+00	0.00e+00	2.21e-09	7.56e-09	8.28e-09	7.42e-04	1.99e-04	8.68e-29
 1.30285e+19	2.22e-08	1.06e-03	5.96e-01	4.03e-01	9.33e-06	0.00e+00	0.00e+00	2.72e-09	9.27e-09	1.02e-08	8.38e-04	2.24e-04	1.54e-28
 1.36982e+19	2.71e-08	1.20e-03	6.16e-01	3.83e-01	7.57e-06	0.00e+00	0.00e+00	3.33e-09	1.14e-08	1.25e-08	9.45e-04	2.51e-04	2.73e-28
 1.43793e+19	3.31e-08	1.34e-03	6.36e-01	3.63e-01	6.22e-06	0.00e+00	0.00e+00	4.05e-09	1.38e-08	1.52e-08	1.06e-03	2.80e-04	4.77e-28
 1.50245e+19	3.96e-08	1.49e-03	6.53e-01	3.45e-01	5.23e-06	0.00e+00	0.00e+00	4.84e-09	1.66e-08	1.82e-08	1.18e-03	3.10e-04	7.92e-28
 1.56052e+19	4.62e-08	1.63e-03	6.68e-01	3.30e-01	4.52e-06	0.00e+00	0.00e+00	5.66e-09	1.93e-08	2.12e-08	1.29e-03	3.38e-04	1.23e-27
 1.61279e+19	5.29e-08	1.76e-03	6.81e-01	3.17e-01	3.98e-06	0.00e+00	0.00e+00	6.47e-09	2.21e-08	2.43e-08	1.39e-03	3.65e-04	1.81e-27
 1.65983e+19	5.95e-08	1.88e-03	6.92e-01	3.06e-01	3.58e-06	0.00e+00	0.00e+00	7.28e-09	2.49e-08	2.74e-08	1.49e-03	3.90e-04	2.52e-27
 1.70216e+19	6.61e-08	1.99e-03	7.02e-01	2.96e-01	3.26e-06	0.00e+00	0.00e+00	8.07e-09	2.76e-08	3.04e-08	1.58e-03	4.13e-04	3.39e-27
 1.74026e+19	7.24e-08	2.10e-03	7.10e-01	2.88e-01	3.00e-06	0.00e+00	0.00e+00	8.85e-09	3.03e-08	3.33e-08	1.67e-03	4.35e-04	4.41e-27
 1.77455e+19	7.85e-08	2.20e-03	7.18e-01	2.80e-01	2.80e-06	0.00e+00	0.00e+00	9.59e-09	3.28e-08	3.61e-08	1.74e-03	4.55e-04	5.55e-27
 1.80542e+19	8.44e-08	2.29e-03	7.24e-01	2.74e-01	2.63e-06	0.00e+00	0.00e+00	1.03e-08	3.52e-08	3.88e-08	1.82e-03	4.74e-04	6.81e-27
 1.83319e+19	9.00e-08	2.38e-03	7.30e-01	2.68e-01	2.49e-06	0.00e+00	0.00e+00	1.10e-08	3.76e-08	4.14e-08	1.88e-03	4.91e-04	8.17e-27
 1.85819e+19	9.52e-08	2.45e-03	7.35e-01	2.63e-01	2.37e-06	0.00e+00	0.00e+00	1.16e-08	3.97e-08	4.38e-08	1.95e-03	5.07e-04	9.60e-27
 1.88069e+19	1.00e-07	2.52e-03	7.39e-01	2.59e-01	2.27e-06	0.00e+00	0.00e+00	1.22e-08	4.18e-08	4.61e-08	2.00e-03	5.21e-04	1.11e-26
 1.90176e+19	1.05e-07	2.59e-03	7.43e-01	2.55e-01	2.18e-06	0.00e+00	0.00e+00	1.28e-08	4.38e-08	4.83e-08	2.05e-03	5.34e-04	1.26e-26
 1.92259e+19	1.10e-07	2.65e-03	7.47e-01	2.51e-01	2.10e-06	0.00e+00	0.00e+00	1.34e-08	4.58e-08	5.05e-08	2.11e-03	5.48e-04	1.44e-26
 1.94342e+19	1.15e-07	2.72e-03	7.50e-01	2.47e-01	2.03e-06	0.00e+00	0.00e+00	1.40e-08	4.79e-08	5.28e-08	2.16e-03	5.62e-04	1.63e-26
 1.96426e+19	1.20e-07	2.79e-03	7.54e-01	2.43e-01	1.95e-06	0.00e+00	0.00e+00	1.46e-08	5.01e-08	5.52e-08	2.21e-03	5.76e-04	1.85e-26
 1.98509e+19	1.25e-07	2.86e-03	7.58e-01	2.39e-01	1.88e-06	0.00e+00	0.00e+00	1.53e-08	5.23e-08	5.77e-08	2.27e-03	5.90e-04	2.10e-26
 2.00592e+19	1.31e-07	2.93e-03	7.61e-01	2.36e-01	1.82e-06	0.00e+00	0.00e+00	1.60e-08	5.46e-08	6.03e-08	2.33e-03	6.04e-04	2.38e-26
 2.02675e+19	1.37e-07	3.00e-03	7.65e-01	2.32e-01	1.75e-06	0.00e+00	0.00e+00	1.67e-08	5.70e-08	6.30e-08	2.38e-03	6.19e-04	2.69e-26
 2.04758e+19	1.43e-07	3.07e-03	7.68e-01	2.29e-01	1.69e-06	0.00e+00	0.00e+00	1.74e-08	5.95e-08	6.58e-08	2.44e-03	6.34e-04	3.04e-26
 2.06841e+19	1.49e-07	3.15e-03	7.72e-01	2.25e-01	1.64e-06	0.00e+00	0.00e+00	1.82e-08	6.21e-08	6.86e-08	2.50e-03	6.49e-04	3.43e-26
 2.08100e+19	1.53e-07	3.19e-03	7.74e-01	2.23e-01	1.60e-06	0.00e+00	0.00e+00	1.86e-08	6.37e-08	7.05e-08	2.53e-03	6.58e-04	3.70e-26
