#depth	O	O+	O+2	O+3	O+4	O+5	O+6	O+7	O+8	O[1]	O[2]	O[3]
 1.24912e+15	5.44e-11	6.48e-05	6.66e-01	3.33e-01	2.93e-04	1.69e-07	0.00e+00	0.00e+00	0.00e+00	5.40e-11	1.71e-13	2.00e-13
 7.49472e+15	5.50e-11	6.53e-05	6.68e-01	3.31e-01	2.90e-04	1.67e-07	0.00e+00	0.00e+00	0.00e+00	5.46e-11	1.73e-13	2.02e-13
 3.24771e+16	5.73e-11	6.70e-05	6.75e-01	3.25e-01	2.79e-04	1.60e-07	0.00e+00	0.00e+00	0.00e+00	5.70e-11	1.80e-13	2.09e-13
 1.27819e+17	6.72e-11	7.38e-05	7.00e-01	3.00e-01	2.39e-04	1.34e-07	0.00e+00	0.00e+00	0.00e+00	6.67e-11	2.06e-13	2.40e-13
 2.81546e+17	8.71e-11	8.60e-05	7.37e-01	2.63e-01	1.85e-04	0.00e+00	0.00e+00	0.00e+00	0.00e+00	8.66e-11	2.48e-13	2.89e-13
 4.37866e+17	1.11e-10	9.93e-05	7.71e-01	2.29e-01	1.42e-04	0.00e+00	0.00e+00	0.00e+00	0.00e+00	1.11e-10	3.00e-13	3.50e-13
 6.00439e+17	1.41e-10	1.14e-04	8.04e-01	1.96e-01	1.07e-04	0.00e+00	0.00e+00	0.00e+00	0.00e+00	1.40e-10	3.62e-13	4.24e-13
 7.73071e+17	1.79e-10	1.31e-04	8.36e-01	1.64e-01	7.88e-05	0.00e+00	0.00e+00	0.00e+00	0.00e+00	1.78e-10	4.36e-13	5.11e-13
 9.52608e+17	2.25e-10	1.49e-04	8.65e-01	1.34e-01	5.66e-05	0.00e+00	0.00e+00	0.00e+00	0.00e+00	2.24e-10	5.23e-13	6.13e-13
 1.13933e+18	2.82e-10	1.69e-04	8.92e-01	1.08e-01	3.96e-05	0.00e+00	0.00e+00	0.00e+00	0.00e+00	2.81e-10	6.25e-13	7.33e-13
 1.33351e+18	3.51e-10	1.91e-04	9.16e-01	8.42e-02	2.69e-05	0.00e+00	0.00e+00	0.00e+00	0.00e+00	3.50e-10	7.43e-13	8.73e-13
 1.53547e+18	4.35e-10	2.14e-04	9.36e-01	6.42e-02	1.78e-05	0.00e+00	0.00e+00	0.00e+00	0.00e+00	4.33e-10	8.80e-13	1.03e-12
 1.74550e+18	5.35e-10	2.39e-04	9.52e-01	4.77e-02	1.14e-05	0.00e+00	0.00e+00	0.00e+00	0.00e+00	5.33e-10	1.04e-12	1.22e-12
 1.96394e+18	6.55e-10	2.66e-04	9.65e-01	3.46e-02	7.12e-06	0.00e+00	0.00e+00	0.00e+00	0.00e+00	6.52e-10	1.22e-12	1.44e-12
 2.19111e+18	8.01e-10	2.95e-04	9.75e-01	2.45e-02	4.32e-06	0.00e+00	0.00e+00	0.00e+00	0.00e+00	7.98e-10	1.44e-12	1.69e-12
 2.42736e+18	9.67e-10	3.24e-04	9.83e-01	1.70e-02	2.59e-06	0.00e+00	0.00e+00	0.00e+00	0.00e+00	9.63e-10	1.67e-12	1.96e-12
 2.67307e+18	1.18e-09	3.58e-04	9.88e-01	1.16e-02	1.51e-06	0.00e+00	0.00e+00	0.00e+00	0.00e+00	1.17e-09	1.96e-12	2.31e-12
 2.92861e+18	1.42e-09	3.92e-04	9.92e-01	7.76e-03	8.77e-07	0.00e+00	0.00e+00	0.00e+00	0.00e+00	1.41e-09	2.28e-12	2.69e-12
 3.18008e+18	1.70e-09	4.29e-04	9.94e-01	5.26e-03	5.23e-07	0.00e+00	0.00e+00	0.00e+00	0.00e+00	1.69e-09	2.65e-12	3.12e-12
 3.41705e+18	2.00e-09	4.64e-04	9.96e-01	3.67e-03	3.29e-07	0.00e+00	0.00e+00	0.00e+00	0.00e+00	1.99e-09	3.04e-12	3.58e-12
 3.67779e+18	2.37e-09	5.04e-04	9.97e-01	2.47e-03	2.03e-07	0.00e+00	0.00e+00	0.00e+00	0.00e+00	2.36e-09	3.52e-12	4.14e-12
 3.97352e+18	2.85e-09	5.51e-04	9.98e-01	1.61e-03	1.25e-07	0.00e+00	0.00e+00	0.00e+00	0.00e+00	2.84e-09	4.11e-12	4.85e-12
 4.26830e+18	3.41e-09	6.00e-04	9.98e-01	1.07e-03	0.00e+00	0.00e+00	0.00e+00	0.00e+00	0.00e+00	3.40e-09	4.80e-12	5.65e-12
 4.57488e+18	4.08e-09	6.53e-04	9.99e-01	7.12e-04	0.00e+00	0.00e+00	0.00e+00	0.00e+00	0.00e+00	4.07e-09	5.62e-12	6.62e-12
 4.90648e+18	4.91e-09	7.14e-04	9.99e-01	4.72e-04	0.00e+00	0.00e+00	0.00e+00	0.00e+00	0.00e+00	4.90e-09	6.63e-12	7.79e-12
 5.25136e+18	5.92e-09	7.80e-04	9.99e-01	3.18e-04	0.00e+00	0.00e+00	0.00e+00	0.00e+00	0.00e+00	5.90e-09	7.83e-12	9.20e-12
 5.61003e+18	7.14e-09	8.51e-04	9.99e-01	2.19e-04	0.00e+00	0.00e+00	0.00e+00	0.00e+00	0.00e+00	7.12e-09	9.28e-12	1.09e-11
 5.98304e+18	8.61e-09	9.30e-04	9.99e-01	1.55e-04	0.00e+00	0.00e+00	0.00e+00	0.00e+00	0.00e+00	8.59e-09	1.10e-11	1.29e-11
 6.37098e+18	1.04e-08	1.02e-03	9.99e-01	1.13e-04	0.00e+00	0.00e+00	0.00e+00	0.00e+00	0.00e+00	1.04e-08	1.31e-11	1.53e-11
 6.77443e+18	1.26e-08	1.11e-03	9.99e-01	8.45e-05	0.00e+00	0.00e+00	0.00e+00	0.00e+00	0.00e+00	1.25e-08	1.56e-11	1.83e-11
 7.19402e+18	1.52e-08	1.21e-03	9.99e-01	6.49e-05	0.00e+00	0.00e+00	0.00e+00	0.00e+00	0.00e+00	1.52e-08	1.87e-11	2.18e-11
 7.63040e+18	1.84e-08	1.32e-03	9.99e-01	5.09e-05	0.00e+00	0.00e+00	0.00e+00	0.00e+00	0.00e+00	1.83e-08	2.23e-11	2.61e-11
 8.08423e+18	2.23e-08	1.45e-03	9.99e-01	4.06e-05	0.00e+00	0.00e+00	0.00e+00	0.00e+00	0.00e+00	2.22e-08	2.68e-11	3.13e-11
 8.55621e+18	2.70e-08	1.58e-03	9.98e-01	3.29e-05	0.00e+00	0.00e+00	0.00e+00	0.00e+00	0.00e+00	2.70e-08	3.22e-11	3.75e-11
 9.04707e+18	3.28e-08	1.73e-03	9.98e-01	2.69e-05	0.00e+00	0.00e+00	0.00e+00	0.00e+00	0.00e+00	3.28e-08	3.88e-11	4.52e-11
 9.55757e+18	4.00e-08	1.89e-03	9.98e-01	2.22e-05	0.00e+00	0.00e+00	0.00e+00	0.00e+00	0.00e+00	3.99e-08	4.69e-11	5.46e-11
 1.00885e+19	4.87e-08	2.06e-03	9.98e-01	1.84e-05	0.00e+00	0.00e+00	0.00e+00	0.00e+00	0.00e+00	4.85e-08	5.68e-11	6.60e-11
 1.06022e+19	5.84e-08	2.24e-03	9.98e-01	1.55e-05	0.00e+00	0.00e+00	0.00e+00	0.00e+00	0.00e+00	5.83e-08	6.77e-11	7.87e-11
 1.11364e+19	7.06e-08	2.44e-03	9.98e-01	1.31e-05	0.00e+00	0.00e+00	0.00e+00	0.00e+00	0.00e+00	7.04e-08	8.16e-11	9.48e-11
 1.17146e+19	8.57e-08	2.66e-03	9.97e-01	1.10e-05	0.00e+00	0.00e+00	0.00e+00	0.00e+00	0.00e+00	8.55e-08	9.86e-11	1.14e-10
 1.22842e+19	1.03e-07	2.90e-03	9.97e-01	9.34e-06	0.00e+00	0.00e+00	0.00e+00	0.00e+00	0.00e+00	1.03e-07	1.19e-10	1.38e-10
 1.28926e+19	1.26e-07	3.16e-03	9.97e-01	7.88e-06	0.00e+00	0.00e+00	0.00e+00	0.00e+00	0.00e+00	1.26e-07	1.44e-10	1.67e-10
 1.35569e+19	1.55e-07	3.47e-03	9.97e-01	6.61e-06	0.00e+00	0.00e+00	0.00e+00	0.00e+00	0.00e+00	1.55e-07	1.77e-10	2.05e-10
 1.42424e+19	1.91e-07	3.80e-03	9.96e-01	5.56e-06	0.00e+00	0.00e+00	0.00e+00	0.00e+00	0.00e+00	1.90e-07	2.18e-10	2.52e-10
 1.49013e+19	2.32e-07	4.14e-03	9.96e-01	4.74e-06	0.00e+00	0.00e+00	0.00e+00	0.00e+00	0.00e+00	2.31e-07	2.64e-10	3.06e-10
 1.54943e+19	2.75e-07	4.46e-03	9.96e-01	4.13e-06	0.00e+00	0.00e+00	0.00e+00	0.00e+00	0.00e+00	2.74e-07	3.14e-10	3.63e-10
 1.60281e+19	3.19e-07	4.77e-03	9.95e-01	3.66e-06	0.00e+00	0.00e+00	0.00e+00	0.00e+00	0.00e+00	3.19e-07	3.65e-10	4.22e-10
 1.65084e+19	3.65e-07	5.06e-03	9.95e-01	3.29e-06	0.00e+00	0.00e+00	0.00e+00	0.00e+00	0.00e+00	3.64e-07	4.17e-10	4.82e-10
 1.69408e+19	4.10e-07	5.33e-03	9.95e-01	2.99e-06	0.00e+00	0.00e+00	0.00e+00	0.00e+00	0.00e+00	4.09e-07	4.69e-10	5.43e-10
 1.73299e+19	4.56e-07	5.58e-03	9.94e-01	2.75e-06	0.00e+00	0.00e+00	0.00e+00	0.00e+00	0.00e+00	4.55e-07	5.22e-10	6.03e-10
 1.76801e+19	5.00e-07	5.81e-03	9.94e-01	2.56e-06	0.00e+00	0.00e+00	0.00e+00	0.00e+00	0.00e+00	4.99e-07	5.73e-10	6.63e-10
 1.79952e+19	5.43e-07	6.03e-03	9.94e-01	2.40e-06	0.00e+00	0.00e+00	0.00e+00	0.00e+00	0.00e+00	5.42e-07	6.23e-10	7.20e-10
 1.82789e+19	5.85e-07	6.23e-03	9.94e-01	2.26e-06	0.00e+00	0.00e+00	0.00e+00	0.00e+00	0.00e+00	5.84e-07	6.72e-10	7.76e-10
 1.85342e+19	6.25e-07	6.41e-03	9.94e-01	2.15e-06	0.00e+00	0.00e+00	0.00e+00	0.00e+00	0.00e+00	6.23e-07	7.18e-10	8.30e-10
 1.87639e+19	6.64e-07	6.58e-03	9.93e-01	2.05e-06	0.00e+00	0.00e+00	0.00e+00	0.00e+00	0.00e+00	6.62e-07	7.64e-10	8.83e-10
 1.89769e+19	7.00e-07	6.74e-03	9.93e-01	1.97e-06	0.00e+00	0.00e+00	0.00e+00	0.00e+00	0.00e+00	6.99e-07	8.06e-10	9.32e-10
 1.91852e+19	7.39e-07	6.90e-03	9.93e-01	1.89e-06	0.00e+00	0.00e+00	0.00e+00	0.00e+00	0.00e+00	7.37e-07	8.52e-10	9.84e-10
 1.93935e+19	7.78e-07	7.06e-03	9.93e-01	1.81e-06	0.00e+00	0.00e+00	0.00e+00	0.00e+00	0.00e+00	7.76e-07	8.97e-10	1.04e-09
 1.96019e+19	8.20e-07	7.22e-03	9.93e-01	1.74e-06	0.00e+00	0.00e+00	0.00e+00	0.00e+00	0.00e+00	8.18e-07	9.47e-10	1.09e-09
 1.98102e+19	8.64e-07	7.39e-03	9.93e-01	1.67e-06	0.00e+00	0.00e+00	0.00e+00	0.00e+00	0.00e+00	8.62e-07	9.98e-10	1.15e-09
 2.00185e+19	9.10e-07	7.56e-03	9.92e-01	1.60e-06	0.00e+00	0.00e+00	0.00e+00	0.00e+00	0.00e+00	9.08e-07	1.05e-09	1.22e-09
 2.02268e+19	9.59e-07	7.73e-03	9.92e-01	1.54e-06	0.00e+00	0.00e+00	0.00e+00	0.00e+00	0.00e+00	9.56e-07	1.11e-09	1.28e-09
 2.04351e+19	1.01e-06	7.90e-03	9.92e-01	1.48e-06	0.00e+00	0.00e+00	0.00e+00	0.00e+00	0.00e+00	1.01e-06	1.17e-09	1.35e-09
 2.06435e+19	1.06e-06	8.08e-03	9.92e-01	1.43e-06	0.00e+00	0.00e+00	0.00e+00	0.00e+00	0.00e+00	1.06e-06	1.23e-09	1.42e-09
 2.07897e+19	1.10e-06	8.22e-03	9.92e-01	1.39e-06	0.00e+00	0.00e+00	0.00e+00	0.00e+00	0.00e+00	1.10e-06	1.28e-09	1.48e-09
