#depth	O	O+	O+2	O+3	O+4	O+5	O+6	O+7	O+8	O[1]	O[2]	O[3]
 1.24341e+15	5.52e-11	6.55e-05	6.68e-01	3.32e-01	2.91e-04	1.69e-07	0.00e+00	0.00e+00	0.00e+00	5.49e-11	1.74e-13	2.03e-13
 7.46046e+15	5.59e-11	6.59e-05	6.70e-01	3.30e-01	2.88e-04	1.67e-07	0.00e+00	0.00e+00	0.00e+00	5.55e-11	1.76e-13	2.05e-13
 3.23286e+16	5.82e-11	6.76e-05	6.76e-01	3.23e-01	2.76e-04	1.59e-07	0.00e+00	0.00e+00	0.00e+00	5.78e-11	1.82e-13	2.13e-13
 1.27575e+17	6.80e-11	7.43e-05	7.01e-01	2.99e-01	2.37e-04	1.33e-07	0.00e+00	0.00e+00	0.00e+00	6.75e-11	2.08e-13	2.43e-13
 2.81292e+17	8.78e-11	8.65e-05	7.37e-01	2.62e-01	1.84e-04	0.00e+00	0.00e+00	0.00e+00	0.00e+00	8.73e-11	2.50e-13	2.92e-13
 4.41158e+17	1.12e-10	9.99e-05	7.72e-01	2.28e-01	1.41e-04	0.00e+00	0.00e+00	0.00e+00	0.00e+00	1.12e-10	3.02e-13	3.54e-13
 6.07418e+17	1.43e-10	1.15e-04	8.05e-01	1.94e-01	1.06e-04	0.00e+00	0.00e+00	0.00e+00	0.00e+00	1.42e-10	3.65e-13	4.27e-13
 7.80329e+17	1.80e-10	1.31e-04	8.37e-01	1.63e-01	7.82e-05	0.00e+00	0.00e+00	0.00e+00	0.00e+00	1.79e-10	4.37e-13	5.12e-13
 9.60156e+17	2.26e-10	1.50e-04	8.66e-01	1.34e-01	5.62e-05	0.00e+00	0.00e+00	0.00e+00	0.00e+00	2.25e-10	5.23e-13	6.14e-13
 1.14718e+18	2.83e-10	1.69e-04	8.92e-01	1.07e-01	3.94e-05	0.00e+00	0.00e+00	0.00e+00	0.00e+00	2.81e-10	6.23e-13	7.31e-13
 1.34168e+18	3.51e-10	1.91e-04	9.16e-01	8.41e-02	2.69e-05	0.00e+00	0.00e+00	0.00e+00	0.00e+00	3.49e-10	7.39e-13	8.67e-13
 1.54396e+18	4.33e-10	2.14e-04	9.36e-01	6.42e-02	1.78e-05	0.00e+00	0.00e+00	0.00e+00	0.00e+00	4.31e-10	8.72e-13	1.02e-12
 1.75433e+18	5.32e-10	2.39e-04	9.52e-01	4.78e-02	1.15e-05	0.00e+00	0.00e+00	0.00e+00	0.00e+00	5.29e-10	1.03e-12	1.21e-12
 1.97312e+18	6.50e-10	2.65e-04	9.65e-01	3.48e-02	7.18e-06	0.00e+00	0.00e+00	0.00e+00	0.00e+00	6.47e-10	1.20e-12	1.42e-12
 2.20066e+18	7.93e-10	2.94e-04	9.75e-01	2.47e-02	4.38e-06	0.00e+00	0.00e+00	0.00e+00	0.00e+00	7.90e-10	1.41e-12	1.66e-12
 2.43730e+18	9.60e-10	3.23e-04	9.83e-01	1.72e-02	2.62e-06	0.00e+00	0.00e+00	0.00e+00	0.00e+00	9.57e-10	1.65e-12	1.94e-12
 2.68340e+18	1.16e-09	3.55e-04	9.88e-01	1.17e-02	1.54e-06	0.00e+00	0.00e+00	0.00e+00	0.00e+00	1.16e-09	1.92e-12	2.26e-12
 2.93935e+18	1.40e-09	3.90e-04	9.92e-01	7.90e-03	9.00e-07	0.00e+00	0.00e+00	0.00e+00	0.00e+00	1.40e-09	2.24e-12	2.64e-12
 3.18791e+18	1.67e-09	4.25e-04	9.94e-01	5.40e-03	5.43e-07	0.00e+00	0.00e+00	0.00e+00	0.00e+00	1.67e-09	2.59e-12	3.05e-12
 3.42153e+18	1.96e-09	4.60e-04	9.96e-01	3.79e-03	3.43e-07	0.00e+00	0.00e+00	0.00e+00	0.00e+00	1.96e-09	2.97e-12	3.50e-12
 3.68212e+18	2.33e-09	4.99e-04	9.97e-01	2.56e-03	2.12e-07	0.00e+00	0.00e+00	0.00e+00	0.00e+00	2.32e-09	3.43e-12	4.05e-12
 3.97802e+18	2.80e-09	5.46e-04	9.98e-01	1.67e-03	1.30e-07	0.00e+00	0.00e+00	0.00e+00	0.00e+00	2.79e-09	4.02e-12	4.73e-12
 4.27291e+18	3.35e-09	5.95e-04	9.98e-01	1.11e-03	0.00e+00	0.00e+00	0.00e+00	0.00e+00	0.00e+00	3.34e-09	4.68e-12	5.52e-12
 4.57959e+18	4.00e-09	6.48e-04	9.99e-01	7.42e-04	0.00e+00	0.00e+00	0.00e+00	0.00e+00	0.00e+00	3.99e-09	5.48e-12	6.46e-12
 4.91139e+18	4.82e-09	7.08e-04	9.99e-01	4.92e-04	0.00e+00	0.00e+00	0.00e+00	0.00e+00	0.00e+00	4.81e-09	6.46e-12	7.60e-12
 5.25646e+18	5.81e-09	7.73e-04	9.99e-01	3.32e-04	0.00e+00	0.00e+00	0.00e+00	0.00e+00	0.00e+00	5.79e-09	7.63e-12	8.97e-12
 5.61533e+18	7.00e-09	8.44e-04	9.99e-01	2.28e-04	0.00e+00	0.00e+00	0.00e+00	0.00e+00	0.00e+00	6.98e-09	9.04e-12	1.06e-11
 5.98856e+18	8.45e-09	9.22e-04	9.99e-01	1.61e-04	0.00e+00	0.00e+00	0.00e+00	0.00e+00	0.00e+00	8.42e-09	1.07e-11	1.26e-11
 6.37672e+18	1.02e-08	1.01e-03	9.99e-01	1.17e-04	0.00e+00	0.00e+00	0.00e+00	0.00e+00	0.00e+00	1.02e-08	1.27e-11	1.49e-11
 6.78040e+18	1.23e-08	1.10e-03	9.99e-01	8.75e-05	0.00e+00	0.00e+00	0.00e+00	0.00e+00	0.00e+00	1.23e-08	1.52e-11	1.78e-11
 7.20023e+18	1.49e-08	1.20e-03	9.99e-01	6.70e-05	0.00e+00	0.00e+00	0.00e+00	0.00e+00	0.00e+00	1.49e-08	1.81e-11	2.12e-11
 7.63685e+18	1.80e-08	1.31e-03	9.99e-01	5.24e-05	0.00e+00	0.00e+00	0.00e+00	0.00e+00	0.00e+00	1.80e-08	2.17e-11	2.53e-11
 8.09094e+18	2.18e-08	1.43e-03	9.99e-01	4.18e-05	0.00e+00	0.00e+00	0.00e+00	0.00e+00	0.00e+00	2.18e-08	2.60e-11	3.04e-11
 8.56319e+18	2.65e-08	1.56e-03	9.98e-01	3.38e-05	0.00e+00	0.00e+00	0.00e+00	0.00e+00	0.00e+00	2.64e-08	3.13e-11	3.64e-11
 9.05433e+18	3.22e-08	1.71e-03	9.98e-01	2.76e-05	0.00e+00	0.00e+00	0.00e+00	0.00e+00	0.00e+00	3.21e-08	3.77e-11	4.39e-11
 9.56512e+18	3.91e-08	1.87e-03	9.98e-01	2.27e-05	0.00e+00	0.00e+00	0.00e+00	0.00e+00	0.00e+00	3.90e-08	4.55e-11	5.29e-11
 1.00963e+19	4.75e-08	2.04e-03	9.98e-01	1.89e-05	0.00e+00	0.00e+00	0.00e+00	0.00e+00	0.00e+00	4.73e-08	5.48e-11	6.37e-11
 1.06149e+19	5.74e-08	2.22e-03	9.98e-01	1.59e-05	0.00e+00	0.00e+00	0.00e+00	0.00e+00	0.00e+00	5.72e-08	6.59e-11	7.66e-11
 1.10998e+19	6.80e-08	2.40e-03	9.98e-01	1.36e-05	0.00e+00	0.00e+00	0.00e+00	0.00e+00	0.00e+00	6.78e-08	7.79e-11	9.04e-11
 1.16380e+19	8.14e-08	2.60e-03	9.97e-01	1.16e-05	0.00e+00	0.00e+00	0.00e+00	0.00e+00	0.00e+00	8.12e-08	9.28e-11	1.08e-10
 1.22521e+19	9.99e-08	2.85e-03	9.97e-01	9.66e-06	0.00e+00	0.00e+00	0.00e+00	0.00e+00	0.00e+00	9.96e-08	1.14e-10	1.32e-10
 1.28618e+19	1.22e-07	3.11e-03	9.97e-01	8.17e-06	0.00e+00	0.00e+00	0.00e+00	0.00e+00	0.00e+00	1.21e-07	1.38e-10	1.60e-10
 1.34959e+19	1.48e-07	3.40e-03	9.97e-01	6.90e-06	0.00e+00	0.00e+00	0.00e+00	0.00e+00	0.00e+00	1.48e-07	1.68e-10	1.94e-10
 1.41833e+19	1.82e-07	3.72e-03	9.96e-01	5.80e-06	0.00e+00	0.00e+00	0.00e+00	0.00e+00	0.00e+00	1.82e-07	2.06e-10	2.38e-10
 1.48482e+19	2.22e-07	4.06e-03	9.96e-01	4.93e-06	0.00e+00	0.00e+00	0.00e+00	0.00e+00	0.00e+00	2.21e-07	2.50e-10	2.90e-10
 1.54465e+19	2.63e-07	4.38e-03	9.96e-01	4.29e-06	0.00e+00	0.00e+00	0.00e+00	0.00e+00	0.00e+00	2.63e-07	2.98e-10	3.44e-10
 1.59850e+19	3.07e-07	4.69e-03	9.95e-01	3.79e-06	0.00e+00	0.00e+00	0.00e+00	0.00e+00	0.00e+00	3.06e-07	3.47e-10	4.01e-10
 1.64697e+19	3.51e-07	4.97e-03	9.95e-01	3.41e-06	0.00e+00	0.00e+00	0.00e+00	0.00e+00	0.00e+00	3.50e-07	3.97e-10	4.59e-10
 1.69059e+19	3.95e-07	5.24e-03	9.95e-01	3.10e-06	0.00e+00	0.00e+00	0.00e+00	0.00e+00	0.00e+00	3.94e-07	4.47e-10	5.17e-10
 1.72985e+19	4.39e-07	5.49e-03	9.95e-01	2.85e-06	0.00e+00	0.00e+00	0.00e+00	0.00e+00	0.00e+00	4.38e-07	4.98e-10	5.75e-10
 1.76518e+19	4.83e-07	5.72e-03	9.94e-01	2.65e-06	0.00e+00	0.00e+00	0.00e+00	0.00e+00	0.00e+00	4.81e-07	5.47e-10	6.33e-10
 1.79698e+19	5.25e-07	5.94e-03	9.94e-01	2.48e-06	0.00e+00	0.00e+00	0.00e+00	0.00e+00	0.00e+00	5.23e-07	5.96e-10	6.89e-10
 1.82560e+19	5.65e-07	6.13e-03	9.94e-01	2.34e-06	0.00e+00	0.00e+00	0.00e+00	0.00e+00	0.00e+00	5.64e-07	6.43e-10	7.43e-10
 1.85136e+19	6.04e-07	6.32e-03	9.94e-01	2.22e-06	0.00e+00	0.00e+00	0.00e+00	0.00e+00	0.00e+00	6.03e-07	6.88e-10	7.95e-10
 1.87454e+19	6.42e-07	6.49e-03	9.94e-01	2.12e-06	0.00e+00	0.00e+00	0.00e+00	0.00e+00	0.00e+00	6.41e-07	7.32e-10	8.46e-10
 1.89594e+19	6.78e-07	6.65e-03	9.93e-01	2.03e-06	0.00e+00	0.00e+00	0.00e+00	0.00e+00	0.00e+00	6.76e-07	7.73e-10	8.93e-10
 1.91677e+19	7.15e-07	6.80e-03	9.93e-01	1.95e-06	0.00e+00	0.00e+00	0.00e+00	0.00e+00	0.00e+00	7.13e-07	8.16e-10	9.43e-10
 1.93760e+19	7.54e-07	6.96e-03	9.93e-01	1.87e-06	0.00e+00	0.00e+00	0.00e+00	0.00e+00	0.00e+00	7.52e-07	8.61e-10	9.94e-10
 1.95843e+19	7.94e-07	7.12e-03	9.93e-01	1.79e-06	0.00e+00	0.00e+00	0.00e+00	0.00e+00	0.00e+00	7.92e-07	9.08e-10	1.05e-09
 1.97926e+19	8.37e-07	7.29e-03	9.93e-01	1.72e-06	0.00e+00	0.00e+00	0.00e+00	0.00e+00	0.00e+00	8.35e-07	9.57e-10	1.11e-09
 2.00009e+19	8.81e-07	7.45e-03	9.93e-01	1.65e-06	0.00e+00	0.00e+00	0.00e+00	0.00e+00	0.00e+00	8.79e-07	1.01e-09	1.17e-09
 2.02093e+19	9.29e-07	7.63e-03	9.92e-01	1.59e-06	0.00e+00	0.00e+00	0.00e+00	0.00e+00	0.00e+00	9.26e-07	1.06e-09	1.23e-09
 2.04176e+19	9.77e-07	7.80e-03	9.92e-01	1.53e-06	0.00e+00	0.00e+00	0.00e+00	0.00e+00	0.00e+00	9.74e-07	1.12e-09	1.29e-09
 2.06259e+19	1.03e-06	7.97e-03	9.92e-01	1.47e-06	0.00e+00	0.00e+00	0.00e+00	0.00e+00	0.00e+00	1.03e-06	1.18e-09	1.36e-09
 2.07809e+19	1.07e-06	8.11e-03	9.92e-01	1.43e-06	0.00e+00	0.00e+00	0.00e+00	0.00e+00	0.00e+00	1.07e-06	1.23e-09	1.42e-09
