#depth	O	O+	O+2	O+3	O+4	O+5	O+6	O+7	O+8	O[1]	O[2]	O[3]
 1.24408e+15	5.52e-11	6.54e-05	6.68e-01	3.32e-01	2.91e-04	1.69e-07	0.00e+00	0.00e+00	0.00e+00	5.48e-11	1.74e-13	2.03e-13
 7.46445e+15	5.54e-11	6.56e-05	6.69e-01	3.31e-01	2.90e-04	1.68e-07	0.00e+00	0.00e+00	0.00e+00	5.50e-11	1.74e-13	2.03e-13
 3.23460e+16	5.63e-11	6.63e-05	6.73e-01	3.27e-01	2.83e-04	1.64e-07	0.00e+00	0.00e+00	0.00e+00	5.59e-11	1.76e-13	2.05e-13
 1.27603e+17	5.85e-11	6.82e-05	6.87e-01	3.13e-01	2.65e-04	1.54e-07	0.00e+00	0.00e+00	0.00e+00	5.81e-11	1.77e-13	2.06e-13
 2.81321e+17	6.56e-11	7.34e-05	7.10e-01	2.90e-01	2.31e-04	1.33e-07	0.00e+00	0.00e+00	0.00e+00	6.52e-11	1.81e-13	2.12e-13
 4.41188e+17	7.35e-11	7.88e-05	7.32e-01	2.68e-01	2.01e-04	0.00e+00	0.00e+00	0.00e+00	0.00e+00	7.30e-11	1.89e-13	2.21e-13
 6.07450e+17	8.21e-11	8.46e-05	7.54e-01	2.46e-01	1.73e-04	0.00e+00	0.00e+00	0.00e+00	0.00e+00	8.17e-11	1.97e-13	2.31e-13
 7.80362e+17	9.15e-11	9.05e-05	7.75e-01	2.25e-01	1.49e-04	0.00e+00	0.00e+00	0.00e+00	0.00e+00	9.11e-11	2.05e-13	2.40e-13
 9.60191e+17	1.02e-10	9.68e-05	7.96e-01	2.04e-01	1.27e-04	0.00e+00	0.00e+00	0.00e+00	0.00e+00	1.02e-10	2.13e-13	2.51e-13
 1.14721e+18	1.13e-10	1.03e-04	8.15e-01	1.84e-01	1.08e-04	0.00e+00	0.00e+00	0.00e+00	0.00e+00	1.13e-10	2.21e-13	2.60e-13
 1.34172e+18	1.26e-10	1.10e-04	8.34e-01	1.65e-01	9.07e-05	0.00e+00	0.00e+00	0.00e+00	0.00e+00	1.25e-10	2.29e-13	2.69e-13
 1.54400e+18	1.39e-10	1.17e-04	8.52e-01	1.48e-01	7.58e-05	0.00e+00	0.00e+00	0.00e+00	0.00e+00	1.38e-10	2.36e-13	2.79e-13
 1.75437e+18	1.54e-10	1.24e-04	8.69e-01	1.31e-01	6.29e-05	0.00e+00	0.00e+00	0.00e+00	0.00e+00	1.53e-10	2.44e-13	2.88e-13
 1.97316e+18	1.69e-10	1.31e-04	8.85e-01	1.15e-01	5.19e-05	0.00e+00	0.00e+00	0.00e+00	0.00e+00	1.69e-10	2.51e-13	2.97e-13
 2.20070e+18	1.86e-10	1.39e-04	8.99e-01	1.01e-01	4.24e-05	0.00e+00	0.00e+00	0.00e+00	0.00e+00	1.86e-10	2.59e-13	3.06e-13
 2.43734e+18	2.05e-10	1.46e-04	9.12e-01	8.78e-02	3.45e-05	0.00e+00	0.00e+00	0.00e+00	0.00e+00	2.04e-10	2.65e-13	3.14e-13
 2.68345e+18	2.25e-10	1.54e-04	9.24e-01	7.59e-02	2.79e-05	0.00e+00	0.00e+00	0.00e+00	0.00e+00	2.24e-10	2.73e-13	3.23e-13
 2.93940e+18	2.46e-10	1.62e-04	9.34e-01	6.54e-02	2.24e-05	0.00e+00	0.00e+00	0.00e+00	0.00e+00	2.45e-10	2.79e-13	3.31e-13
 3.20559e+18	2.69e-10	1.70e-04	9.44e-01	5.60e-02	1.79e-05	0.00e+00	0.00e+00	0.00e+00	0.00e+00	2.68e-10	2.86e-13	3.39e-13
 3.48243e+18	2.94e-10	1.78e-04	9.52e-01	4.77e-02	1.42e-05	0.00e+00	0.00e+00	0.00e+00	0.00e+00	2.93e-10	2.93e-13	3.47e-13
 3.77034e+18	3.21e-10	1.87e-04	9.59e-01	4.05e-02	1.12e-05	0.00e+00	0.00e+00	0.00e+00	0.00e+00	3.21e-10	3.00e-13	3.56e-13
 4.06977e+18	3.50e-10	1.96e-04	9.65e-01	3.43e-02	8.89e-06	0.00e+00	0.00e+00	0.00e+00	0.00e+00	3.50e-10	3.06e-13	3.64e-13
 4.38118e+18	3.82e-10	2.05e-04	9.71e-01	2.90e-02	6.99e-06	0.00e+00	0.00e+00	0.00e+00	0.00e+00	3.81e-10	3.13e-13	3.72e-13
 4.70504e+18	4.16e-10	2.14e-04	9.75e-01	2.44e-02	5.49e-06	0.00e+00	0.00e+00	0.00e+00	0.00e+00	4.15e-10	3.20e-13	3.80e-13
 5.04185e+18	4.54e-10	2.24e-04	9.79e-01	2.05e-02	4.30e-06	0.00e+00	0.00e+00	0.00e+00	0.00e+00	4.53e-10	3.27e-13	3.89e-13
 5.39214e+18	4.93e-10	2.34e-04	9.83e-01	1.72e-02	3.37e-06	0.00e+00	0.00e+00	0.00e+00	0.00e+00	4.93e-10	3.34e-13	3.97e-13
 5.75644e+18	5.37e-10	2.44e-04	9.85e-01	1.44e-02	2.64e-06	0.00e+00	0.00e+00	0.00e+00	0.00e+00	5.36e-10	3.41e-13	4.06e-13
 6.13531e+18	5.84e-10	2.55e-04	9.88e-01	1.21e-02	2.07e-06	0.00e+00	0.00e+00	0.00e+00	0.00e+00	5.84e-10	3.49e-13	4.15e-13
 6.52934e+18	6.37e-10	2.66e-04	9.90e-01	1.01e-02	1.63e-06	0.00e+00	0.00e+00	0.00e+00	0.00e+00	6.36e-10	3.57e-13	4.25e-13
 6.93913e+18	6.91e-10	2.77e-04	9.91e-01	8.52e-03	1.28e-06	0.00e+00	0.00e+00	0.00e+00	0.00e+00	6.91e-10	3.65e-13	4.34e-13
 7.36530e+18	7.52e-10	2.89e-04	9.93e-01	7.15e-03	1.01e-06	0.00e+00	0.00e+00	0.00e+00	0.00e+00	7.51e-10	3.73e-13	4.44e-13
 7.80853e+18	8.18e-10	3.01e-04	9.94e-01	6.01e-03	8.03e-07	0.00e+00	0.00e+00	0.00e+00	0.00e+00	8.17e-10	3.82e-13	4.55e-13
 8.26949e+18	8.91e-10	3.14e-04	9.95e-01	5.05e-03	6.38e-07	0.00e+00	0.00e+00	0.00e+00	0.00e+00	8.90e-10	3.91e-13	4.66e-13
 8.74888e+18	9.67e-10	3.27e-04	9.95e-01	4.25e-03	5.11e-07	0.00e+00	0.00e+00	0.00e+00	0.00e+00	9.66e-10	4.00e-13	4.77e-13
 9.24745e+18	1.05e-09	3.40e-04	9.96e-01	3.58e-03	4.10e-07	0.00e+00	0.00e+00	0.00e+00	0.00e+00	1.05e-09	4.10e-13	4.89e-13
 9.76596e+18	1.14e-09	3.55e-04	9.97e-01	3.03e-03	3.32e-07	0.00e+00	0.00e+00	0.00e+00	0.00e+00	1.14e-09	4.20e-13	5.01e-13
 1.03052e+19	1.24e-09	3.70e-04	9.97e-01	2.56e-03	2.70e-07	0.00e+00	0.00e+00	0.00e+00	0.00e+00	1.24e-09	4.32e-13	5.14e-13
 1.08660e+19	1.35e-09	3.85e-04	9.97e-01	2.17e-03	2.22e-07	0.00e+00	0.00e+00	0.00e+00	0.00e+00	1.35e-09	4.42e-13	5.27e-13
 1.14493e+19	1.47e-09	4.01e-04	9.98e-01	1.85e-03	1.84e-07	0.00e+00	0.00e+00	0.00e+00	0.00e+00	1.47e-09	4.54e-13	5.41e-13
 1.20559e+19	1.60e-09	4.18e-04	9.98e-01	1.57e-03	1.54e-07	0.00e+00	0.00e+00	0.00e+00	0.00e+00	1.60e-09	4.66e-13	5.55e-13
 1.26867e+19	1.74e-09	4.35e-04	9.98e-01	1.34e-03	1.30e-07	0.00e+00	0.00e+00	0.00e+00	0.00e+00	1.74e-09	4.80e-13	5.71e-13
 1.33428e+19	1.89e-09	4.53e-04	9.98e-01	1.15e-03	0.00e+00	0.00e+00	0.00e+00	0.00e+00	0.00e+00	1.89e-09	4.93e-13	5.86e-13
 1.40251e+19	2.06e-09	4.72e-04	9.99e-01	9.89e-04	0.00e+00	0.00e+00	0.00e+00	0.00e+00	0.00e+00	2.06e-09	5.07e-13	6.03e-13
 1.46959e+19	2.23e-09	4.91e-04	9.99e-01	8.60e-04	0.00e+00	0.00e+00	0.00e+00	0.00e+00	0.00e+00	2.23e-09	5.22e-13	6.20e-13
 1.53095e+19	2.41e-09	5.09e-04	9.99e-01	7.59e-04	0.00e+00	0.00e+00	0.00e+00	0.00e+00	0.00e+00	2.41e-09	5.38e-13	6.40e-13
 1.58617e+19	2.56e-09	5.24e-04	9.99e-01	6.84e-04	0.00e+00	0.00e+00	0.00e+00	0.00e+00	0.00e+00	2.56e-09	5.51e-13	6.55e-13
 1.63587e+19	2.73e-09	5.40e-04	9.99e-01	6.23e-04	0.00e+00	0.00e+00	0.00e+00	0.00e+00	0.00e+00	2.72e-09	5.67e-13	6.73e-13
 1.68060e+19	2.86e-09	5.53e-04	9.99e-01	5.76e-04	0.00e+00	0.00e+00	0.00e+00	0.00e+00	0.00e+00	2.86e-09	5.77e-13	6.86e-13
 1.72086e+19	2.99e-09	5.65e-04	9.99e-01	5.37e-04	0.00e+00	0.00e+00	0.00e+00	0.00e+00	0.00e+00	2.99e-09	5.89e-13	6.99e-13
 1.75709e+19	3.11e-09	5.76e-04	9.99e-01	5.06e-04	0.00e+00	0.00e+00	0.00e+00	0.00e+00	0.00e+00	3.11e-09	5.99e-13	7.11e-13
 1.78970e+19	3.23e-09	5.86e-04	9.99e-01	4.79e-04	0.00e+00	0.00e+00	0.00e+00	0.00e+00	0.00e+00	3.23e-09	6.08e-13	7.22e-13
 1.81905e+19	3.33e-09	5.94e-04	9.99e-01	4.57e-04	0.00e+00	0.00e+00	0.00e+00	0.00e+00	0.00e+00	3.33e-09	6.17e-13	7.32e-13
 1.84546e+19	3.42e-09	6.02e-04	9.99e-01	4.39e-04	0.00e+00	0.00e+00	0.00e+00	0.00e+00	0.00e+00	3.42e-09	6.24e-13	7.41e-13
 1.86923e+19	3.51e-09	6.10e-04	9.99e-01	4.23e-04	0.00e+00	0.00e+00	0.00e+00	0.00e+00	0.00e+00	3.51e-09	6.31e-13	7.49e-13
 1.89091e+19	3.59e-09	6.16e-04	9.99e-01	4.09e-04	0.00e+00	0.00e+00	0.00e+00	0.00e+00	0.00e+00	3.59e-09	6.37e-13	7.56e-13
 1.91174e+19	3.66e-09	6.22e-04	9.99e-01	3.97e-04	0.00e+00	0.00e+00	0.00e+00	0.00e+00	0.00e+00	3.66e-09	6.43e-13	7.62e-13
 1.93257e+19	3.74e-09	6.28e-04	9.99e-01	3.85e-04	0.00e+00	0.00e+00	0.00e+00	0.00e+00	0.00e+00	3.74e-09	6.48e-13	7.68e-13
 1.95340e+19	3.81e-09	6.34e-04	9.99e-01	3.73e-04	0.00e+00	0.00e+00	0.00e+00	0.00e+00	0.00e+00	3.81e-09	6.53e-13	7.74e-13
 1.97423e+19	3.89e-09	6.40e-04	9.99e-01	3.62e-04	0.00e+00	0.00e+00	0.00e+00	0.00e+00	0.00e+00	3.89e-09	6.58e-13	7.80e-13
 1.99507e+19	3.96e-09	6.46e-04	9.99e-01	3.52e-04	0.00e+00	0.00e+00	0.00e+00	0.00e+00	0.00e+00	3.96e-09	6.63e-13	7.86e-13
 2.01590e+19	4.04e-09	6.52e-04	9.99e-01	3.42e-04	0.00e+00	0.00e+00	0.00e+00	0.00e+00	0.00e+00	4.04e-09	6.68e-13	7.91e-13
 2.03673e+19	4.12e-09	6.58e-04	9.99e-01	3.33e-04	0.00e+00	0.00e+00	0.00e+00	0.00e+00	0.00e+00	4.11e-09	6.73e-13	7.97e-13
 2.05756e+19	4.19e-09	6.64e-04	9.99e-01	3.24e-04	0.00e+00	0.00e+00	0.00e+00	0.00e+00	0.00e+00	4.19e-09	6.78e-13	8.03e-13
 2.07558e+19	4.27e-09	6.69e-04	9.99e-01	3.16e-04	0.00e+00	0.00e+00	0.00e+00	0.00e+00	0.00e+00	4.27e-09	6.83e-13	8.09e-13
