#depth	O	O+	O+2	O+3	O+4	O+5	O+6	O+7	O+8	O[1]	O[2]	O[3]
 1.24912e+15	5.45e-11	6.49e-05	6.67e-01	3.33e-01	2.93e-04	1.69e-07	0.00e+00	0.00e+00	0.00e+00	5.41e-11	1.72e-13	2.00e-13
 7.49472e+15	5.51e-11	6.54e-05	6.68e-01	3.31e-01	2.90e-04	1.67e-07	0.00e+00	0.00e+00	0.00e+00	5.47e-11	1.74e-13	2.02e-13
 3.24771e+16	5.74e-11	6.70e-05	6.75e-01	3.25e-01	2.79e-04	1.60e-07	0.00e+00	0.00e+00	0.00e+00	5.70e-11	1.80e-13	2.09e-13
 1.27819e+17	6.73e-11	7.38e-05	7.00e-01	2.99e-01	2.38e-04	1.34e-07	0.00e+00	0.00e+00	0.00e+00	6.68e-11	2.06e-13	2.41e-13
 2.81546e+17	8.73e-11	8.61e-05	7.37e-01	2.63e-01	1.84e-04	0.00e+00	0.00e+00	0.00e+00	0.00e+00	8.67e-11	2.48e-13	2.90e-13
 4.37765e+17	1.11e-10	9.94e-05	7.71e-01	2.29e-01	1.42e-04	0.00e+00	0.00e+00	0.00e+00	0.00e+00	1.11e-10	3.00e-13	3.51e-13
 6.00233e+17	1.41e-10	1.14e-04	8.04e-01	1.95e-01	1.07e-04	0.00e+00	0.00e+00	0.00e+00	0.00e+00	1.41e-10	3.63e-13	4.25e-13
 7.72856e+17	1.79e-10	1.31e-04	8.36e-01	1.64e-01	7.87e-05	0.00e+00	0.00e+00	0.00e+00	0.00e+00	1.78e-10	4.37e-13	5.12e-13
 9.52385e+17	2.26e-10	1.49e-04	8.66e-01	1.34e-01	5.65e-05	0.00e+00	0.00e+00	0.00e+00	0.00e+00	2.25e-10	5.24e-13	6.14e-13
 1.13909e+18	2.83e-10	1.69e-04	8.92e-01	1.08e-01	3.95e-05	0.00e+00	0.00e+00	0.00e+00	0.00e+00	2.81e-10	6.26e-13	7.35e-13
 1.33327e+18	3.52e-10	1.91e-04	9.16e-01	8.41e-02	2.69e-05	0.00e+00	0.00e+00	0.00e+00	0.00e+00	3.50e-10	7.45e-13	8.74e-13
 1.53522e+18	4.35e-10	2.14e-04	9.36e-01	6.41e-02	1.77e-05	0.00e+00	0.00e+00	0.00e+00	0.00e+00	4.33e-10	8.82e-13	1.04e-12
 1.74524e+18	5.35e-10	2.39e-04	9.52e-01	4.76e-02	1.14e-05	0.00e+00	0.00e+00	0.00e+00	0.00e+00	5.33e-10	1.04e-12	1.22e-12
 1.96366e+18	6.56e-10	2.66e-04	9.65e-01	3.45e-02	7.10e-06	0.00e+00	0.00e+00	0.00e+00	0.00e+00	6.53e-10	1.22e-12	1.44e-12
 2.19082e+18	8.02e-10	2.95e-04	9.75e-01	2.44e-02	4.30e-06	0.00e+00	0.00e+00	0.00e+00	0.00e+00	7.99e-10	1.44e-12	1.69e-12
 2.42707e+18	9.71e-10	3.25e-04	9.83e-01	1.69e-02	2.57e-06	0.00e+00	0.00e+00	0.00e+00	0.00e+00	9.67e-10	1.68e-12	1.97e-12
 2.67277e+18	1.17e-09	3.57e-04	9.88e-01	1.15e-02	1.51e-06	0.00e+00	0.00e+00	0.00e+00	0.00e+00	1.17e-09	1.95e-12	2.30e-12
 2.92829e+18	1.42e-09	3.92e-04	9.92e-01	7.75e-03	8.75e-07	0.00e+00	0.00e+00	0.00e+00	0.00e+00	1.41e-09	2.28e-12	2.69e-12
 3.17621e+18	1.69e-09	4.28e-04	9.94e-01	5.29e-03	5.27e-07	0.00e+00	0.00e+00	0.00e+00	0.00e+00	1.69e-09	2.64e-12	3.11e-12
 3.40889e+18	1.99e-09	4.63e-04	9.96e-01	3.70e-03	3.33e-07	0.00e+00	0.00e+00	0.00e+00	0.00e+00	1.98e-09	3.03e-12	3.57e-12
 3.66872e+18	2.36e-09	5.02e-04	9.97e-01	2.50e-03	2.06e-07	0.00e+00	0.00e+00	0.00e+00	0.00e+00	2.35e-09	3.51e-12	4.13e-12
 3.96408e+18	2.84e-09	5.49e-04	9.98e-01	1.63e-03	1.26e-07	0.00e+00	0.00e+00	0.00e+00	0.00e+00	2.83e-09	4.10e-12	4.83e-12
 4.25848e+18	3.39e-09	5.98e-04	9.98e-01	1.08e-03	0.00e+00	0.00e+00	0.00e+00	0.00e+00	0.00e+00	3.38e-09	4.79e-12	5.63e-12
 4.56466e+18	4.06e-09	6.51e-04	9.99e-01	7.19e-04	0.00e+00	0.00e+00	0.00e+00	0.00e+00	0.00e+00	4.04e-09	5.61e-12	6.60e-12
 4.89586e+18	4.89e-09	7.12e-04	9.99e-01	4.76e-04	0.00e+00	0.00e+00	0.00e+00	0.00e+00	0.00e+00	4.87e-09	6.61e-12	7.77e-12
 5.24031e+18	5.89e-09	7.77e-04	9.99e-01	3.21e-04	0.00e+00	0.00e+00	0.00e+00	0.00e+00	0.00e+00	5.87e-09	7.81e-12	9.17e-12
 5.59854e+18	7.10e-09	8.49e-04	9.99e-01	2.21e-04	0.00e+00	0.00e+00	0.00e+00	0.00e+00	0.00e+00	7.08e-09	9.25e-12	1.09e-11
 5.97109e+18	8.56e-09	9.27e-04	9.99e-01	1.56e-04	0.00e+00	0.00e+00	0.00e+00	0.00e+00	0.00e+00	8.54e-09	1.10e-11	1.29e-11
 6.35855e+18	1.03e-08	1.01e-03	9.99e-01	1.14e-04	0.00e+00	0.00e+00	0.00e+00	0.00e+00	0.00e+00	1.03e-08	1.31e-11	1.53e-11
 6.76151e+18	1.25e-08	1.11e-03	9.99e-01	8.50e-05	0.00e+00	0.00e+00	0.00e+00	0.00e+00	0.00e+00	1.25e-08	1.56e-11	1.82e-11
 7.18058e+18	1.51e-08	1.21e-03	9.99e-01	6.52e-05	0.00e+00	0.00e+00	0.00e+00	0.00e+00	0.00e+00	1.51e-08	1.86e-11	2.18e-11
 7.61642e+18	1.83e-08	1.32e-03	9.99e-01	5.12e-05	0.00e+00	0.00e+00	0.00e+00	0.00e+00	0.00e+00	1.82e-08	2.23e-11	2.60e-11
 8.06969e+18	2.22e-08	1.44e-03	9.99e-01	4.08e-05	0.00e+00	0.00e+00	0.00e+00	0.00e+00	0.00e+00	2.21e-08	2.67e-11	3.12e-11
 8.54109e+18	2.69e-08	1.57e-03	9.98e-01	3.30e-05	0.00e+00	0.00e+00	0.00e+00	0.00e+00	0.00e+00	2.68e-08	3.22e-11	3.75e-11
 9.03135e+18	3.26e-08	1.72e-03	9.98e-01	2.70e-05	0.00e+00	0.00e+00	0.00e+00	0.00e+00	0.00e+00	3.26e-08	3.88e-11	4.52e-11
 9.54122e+18	3.97e-08	1.88e-03	9.98e-01	2.23e-05	0.00e+00	0.00e+00	0.00e+00	0.00e+00	0.00e+00	3.96e-08	4.69e-11	5.45e-11
 1.00715e+19	4.83e-08	2.06e-03	9.98e-01	1.84e-05	0.00e+00	0.00e+00	0.00e+00	0.00e+00	0.00e+00	4.82e-08	5.67e-11	6.60e-11
 1.05846e+19	5.80e-08	2.23e-03	9.98e-01	1.56e-05	0.00e+00	0.00e+00	0.00e+00	0.00e+00	0.00e+00	5.79e-08	6.77e-11	7.87e-11
 1.11181e+19	7.01e-08	2.43e-03	9.98e-01	1.31e-05	0.00e+00	0.00e+00	0.00e+00	0.00e+00	0.00e+00	6.99e-08	8.16e-11	9.48e-11
 1.16957e+19	8.51e-08	2.65e-03	9.97e-01	1.10e-05	0.00e+00	0.00e+00	0.00e+00	0.00e+00	0.00e+00	8.49e-08	9.86e-11	1.14e-10
 1.22650e+19	1.03e-07	2.89e-03	9.97e-01	9.37e-06	0.00e+00	0.00e+00	0.00e+00	0.00e+00	0.00e+00	1.03e-07	1.19e-10	1.38e-10
 1.28728e+19	1.25e-07	3.15e-03	9.97e-01	7.91e-06	0.00e+00	0.00e+00	0.00e+00	0.00e+00	0.00e+00	1.25e-07	1.44e-10	1.68e-10
 1.35363e+19	1.54e-07	3.45e-03	9.97e-01	6.64e-06	0.00e+00	0.00e+00	0.00e+00	0.00e+00	0.00e+00	1.53e-07	1.77e-10	2.05e-10
 1.42264e+19	1.89e-07	3.78e-03	9.96e-01	5.57e-06	0.00e+00	0.00e+00	0.00e+00	0.00e+00	0.00e+00	1.89e-07	2.18e-10	2.53e-10
 1.49441e+19	2.34e-07	4.15e-03	9.96e-01	4.68e-06	0.00e+00	0.00e+00	0.00e+00	0.00e+00	0.00e+00	2.33e-07	2.69e-10	3.11e-10
 1.56904e+19	2.89e-07	4.56e-03	9.95e-01	3.93e-06	0.00e+00	0.00e+00	0.00e+00	0.00e+00	0.00e+00	2.88e-07	3.32e-10	3.85e-10
 1.64667e+19	3.58e-07	5.01e-03	9.95e-01	3.30e-06	0.00e+00	0.00e+00	0.00e+00	0.00e+00	0.00e+00	3.57e-07	4.12e-10	4.77e-10
 1.72740e+19	4.44e-07	5.50e-03	9.94e-01	2.78e-06	0.00e+00	0.00e+00	0.00e+00	0.00e+00	0.00e+00	4.43e-07	5.12e-10	5.92e-10
 1.81135e+19	5.52e-07	6.06e-03	9.94e-01	2.33e-06	0.00e+00	0.00e+00	0.00e+00	0.00e+00	0.00e+00	5.51e-07	6.38e-10	7.38e-10
 1.89867e+19	6.88e-07	6.67e-03	9.93e-01	1.96e-06	0.00e+00	0.00e+00	0.00e+00	0.00e+00	0.00e+00	6.87e-07	7.96e-10	9.21e-10
 1.98948e+19	8.61e-07	7.35e-03	9.93e-01	1.64e-06	0.00e+00	0.00e+00	0.00e+00	0.00e+00	0.00e+00	8.58e-07	9.97e-10	1.15e-09
 2.08392e+19	1.08e-06	8.12e-03	9.92e-01	1.38e-06	0.00e+00	0.00e+00	0.00e+00	0.00e+00	0.00e+00	1.08e-06	1.25e-09	1.45e-09
 2.18213e+19	1.35e-06	8.97e-03	9.91e-01	1.16e-06	0.00e+00	0.00e+00	0.00e+00	0.00e+00	0.00e+00	1.35e-06	1.58e-09	1.82e-09
 2.28428e+19	1.71e-06	9.92e-03	9.90e-01	9.69e-07	0.00e+00	0.00e+00	0.00e+00	0.00e+00	0.00e+00	1.70e-06	1.99e-09	2.30e-09
 2.39051e+19	2.16e-06	1.10e-02	9.89e-01	8.12e-07	0.00e+00	0.00e+00	0.00e+00	0.00e+00	0.00e+00	2.15e-06	2.53e-09	2.92e-09
 2.50100e+19	2.74e-06	1.22e-02	9.88e-01	6.79e-07	0.00e+00	0.00e+00	0.00e+00	0.00e+00	0.00e+00	2.73e-06	3.21e-09	3.71e-09
 2.61590e+19	3.49e-06	1.36e-02	9.86e-01	5.68e-07	0.00e+00	0.00e+00	0.00e+00	0.00e+00	0.00e+00	3.48e-06	4.11e-09	4.74e-09
 2.73539e+19	4.46e-06	1.51e-02	9.85e-01	4.75e-07	0.00e+00	0.00e+00	0.00e+00	0.00e+00	0.00e+00	4.45e-06	5.25e-09	6.06e-09
 2.85967e+19	5.75e-06	1.68e-02	9.83e-01	3.96e-07	0.00e+00	0.00e+00	0.00e+00	0.00e+00	0.00e+00	5.74e-06	6.80e-09	7.84e-09
 2.98892e+19	7.45e-06	1.88e-02	9.81e-01	3.30e-07	0.00e+00	0.00e+00	0.00e+00	0.00e+00	0.00e+00	7.43e-06	8.83e-09	1.02e-08
 3.12334e+19	9.70e-06	2.11e-02	9.79e-01	2.75e-07	0.00e+00	0.00e+00	0.00e+00	0.00e+00	0.00e+00	9.68e-06	1.15e-08	1.33e-08
 3.26313e+19	1.28e-05	2.37e-02	9.76e-01	2.28e-07	0.00e+00	0.00e+00	0.00e+00	0.00e+00	0.00e+00	1.27e-05	1.52e-08	1.75e-08
 3.40852e+19	1.70e-05	2.68e-02	9.73e-01	1.89e-07	0.00e+00	0.00e+00	0.00e+00	0.00e+00	0.00e+00	1.69e-05	2.02e-08	2.33e-08
 3.55972e+19	2.28e-05	3.04e-02	9.70e-01	1.56e-07	0.00e+00	0.00e+00	0.00e+00	0.00e+00	0.00e+00	2.28e-05	2.71e-08	3.12e-08
 3.71697e+19	3.12e-05	3.48e-02	9.65e-01	1.29e-07	0.00e+00	0.00e+00	0.00e+00	0.00e+00	0.00e+00	3.11e-05	3.70e-08	4.26e-08
 3.87385e+19	4.30e-05	3.98e-02	9.60e-01	0.00e+00	0.00e+00	0.00e+00	0.00e+00	0.00e+00	0.00e+00	4.29e-05	5.08e-08	5.85e-08
 4.02096e+19	5.85e-05	4.54e-02	9.55e-01	0.00e+00	0.00e+00	0.00e+00	0.00e+00	0.00e+00	0.00e+00	5.84e-05	6.88e-08	7.92e-08
 4.13867e+19	7.54e-05	5.05e-02	9.49e-01	0.00e+00	0.00e+00	0.00e+00	0.00e+00	0.00e+00	0.00e+00	7.52e-05	8.83e-08	1.02e-07
 4.22560e+19	9.39e-05	5.55e-02	9.44e-01	0.00e+00	0.00e+00	0.00e+00	0.00e+00	0.00e+00	0.00e+00	9.37e-05	1.11e-07	1.27e-07
 4.30396e+19	1.13e-04	6.02e-02	9.40e-01	0.00e+00	0.00e+00	0.00e+00	0.00e+00	0.00e+00	0.00e+00	1.13e-04	1.33e-07	1.53e-07
 4.39305e+19	1.42e-04	6.63e-02	9.34e-01	0.00e+00	0.00e+00	0.00e+00	0.00e+00	0.00e+00	0.00e+00	1.42e-04	1.65e-07	1.90e-07
 4.49181e+19	1.84e-04	7.41e-02	9.26e-01	0.00e+00	0.00e+00	0.00e+00	0.00e+00	0.00e+00	0.00e+00	1.83e-04	2.13e-07	2.45e-07
 4.57991e+19	2.35e-04	8.24e-02	9.17e-01	0.00e+00	0.00e+00	0.00e+00	0.00e+00	0.00e+00	0.00e+00	2.34e-04	2.70e-07	3.11e-07
 4.65415e+19	2.92e-04	9.07e-02	9.09e-01	0.00e+00	0.00e+00	0.00e+00	0.00e+00	0.00e+00	0.00e+00	2.91e-04	3.35e-07	3.85e-07
 4.72230e+19	3.62e-04	9.98e-02	9.00e-01	0.00e+00	0.00e+00	0.00e+00	0.00e+00	0.00e+00	0.00e+00	3.61e-04	4.13e-07	4.75e-07
 4.78922e+19	4.54e-04	1.10e-01	8.89e-01	0.00e+00	0.00e+00	0.00e+00	0.00e+00	0.00e+00	0.00e+00	4.52e-04	5.15e-07	5.92e-07
 4.85385e+19	5.71e-04	1.22e-01	8.77e-01	0.00e+00	0.00e+00	0.00e+00	0.00e+00	0.00e+00	0.00e+00	5.70e-04	6.45e-07	7.41e-07
 4.91350e+19	7.18e-04	1.36e-01	8.64e-01	0.00e+00	0.00e+00	0.00e+00	0.00e+00	0.00e+00	0.00e+00	7.16e-04	8.07e-07	9.28e-07
 4.96395e+19	8.82e-04	1.49e-01	8.50e-01	0.00e+00	0.00e+00	0.00e+00	0.00e+00	0.00e+00	0.00e+00	8.80e-04	9.90e-07	1.14e-06
 5.00541e+19	1.05e-03	1.62e-01	8.37e-01	0.00e+00	0.00e+00	0.00e+00	0.00e+00	0.00e+00	0.00e+00	1.05e-03	1.18e-06	1.36e-06
 5.04989e+19	1.30e-03	1.78e-01	8.21e-01	0.00e+00	0.00e+00	0.00e+00	0.00e+00	0.00e+00	0.00e+00	1.30e-03	1.45e-06	1.67e-06
 5.09663e+19	1.64e-03	1.97e-01	8.01e-01	0.00e+00	0.00e+00	0.00e+00	0.00e+00	0.00e+00	0.00e+00	1.63e-03	1.82e-06	2.09e-06
 5.13501e+19	2.00e-03	2.16e-01	7.82e-01	0.00e+00	0.00e+00	0.00e+00	0.00e+00	0.00e+00	0.00e+00	1.99e-03	2.23e-06	2.56e-06
 5.16687e+19	2.39e-03	2.34e-01	7.63e-01	0.00e+00	0.00e+00	0.00e+00	0.00e+00	0.00e+00	0.00e+00	2.38e-03	2.66e-06	3.05e-06
 5.20155e+19	2.94e-03	2.57e-01	7.40e-01	0.00e+00	0.00e+00	0.00e+00	0.00e+00	0.00e+00	0.00e+00	2.94e-03	3.28e-06	3.76e-06
 5.23802e+19	3.70e-03	2.85e-01	7.11e-01	0.00e+00	0.00e+00	0.00e+00	0.00e+00	0.00e+00	0.00e+00	3.69e-03	4.12e-06	4.73e-06
 5.26796e+19	4.53e-03	3.11e-01	6.84e-01	0.00e+00	0.00e+00	0.00e+00	0.00e+00	0.00e+00	0.00e+00	4.52e-03	5.05e-06	5.79e-06
 5.29274e+19	5.42e-03	3.36e-01	6.58e-01	0.00e+00	0.00e+00	0.00e+00	0.00e+00	0.00e+00	0.00e+00	5.40e-03	6.04e-06	6.93e-06
 5.31966e+19	6.67e-03	3.68e-01	6.26e-01	0.00e+00	0.00e+00	0.00e+00	0.00e+00	0.00e+00	0.00e+00	6.65e-03	7.45e-06	8.55e-06
 5.34801e+19	8.38e-03	4.04e-01	5.88e-01	0.00e+00	0.00e+00	0.00e+00	0.00e+00	0.00e+00	0.00e+00	8.36e-03	9.38e-06	1.08e-05
 5.37136e+19	1.03e-02	4.38e-01	5.52e-01	0.00e+00	0.00e+00	0.00e+00	0.00e+00	0.00e+00	0.00e+00	1.02e-02	1.15e-05	1.32e-05
 5.39069e+19	1.23e-02	4.69e-01	5.18e-01	0.00e+00	0.00e+00	0.00e+00	0.00e+00	0.00e+00	0.00e+00	1.22e-02	1.38e-05	1.58e-05
 5.41164e+19	1.51e-02	5.07e-01	4.78e-01	0.00e+00	0.00e+00	0.00e+00	0.00e+00	0.00e+00	0.00e+00	1.51e-02	1.70e-05	1.95e-05
 5.43377e+19	1.90e-02	5.49e-01	4.32e-01	0.00e+00	0.00e+00	0.00e+00	0.00e+00	0.00e+00	0.00e+00	1.89e-02	2.14e-05	2.45e-05
 5.45211e+19	2.33e-02	5.88e-01	3.89e-01	0.00e+00	0.00e+00	0.00e+00	0.00e+00	0.00e+00	0.00e+00	2.32e-02	2.64e-05	3.03e-05
 5.46721e+19	2.79e-02	6.21e-01	3.51e-01	0.00e+00	0.00e+00	0.00e+00	0.00e+00	0.00e+00	0.00e+00	2.78e-02	3.16e-05	3.63e-05
 5.48340e+19	3.43e-02	6.57e-01	3.08e-01	0.00e+00	0.00e+00	0.00e+00	0.00e+00	0.00e+00	0.00e+00	3.42e-02	3.90e-05	4.48e-05
 5.50056e+19	4.32e-02	6.96e-01	2.61e-01	0.00e+00	0.00e+00	0.00e+00	0.00e+00	0.00e+00	0.00e+00	4.31e-02	4.94e-05	5.67e-05
 5.51469e+19	5.31e-02	7.26e-01	2.21e-01	0.00e+00	0.00e+00	0.00e+00	0.00e+00	0.00e+00	0.00e+00	5.29e-02	6.07e-05	6.97e-05
 5.52621e+19	6.36e-02	7.49e-01	1.88e-01	0.00e+00	0.00e+00	0.00e+00	0.00e+00	0.00e+00	0.00e+00	6.35e-02	7.30e-05	8.40e-05
 5.53862e+19	7.82e-02	7.69e-01	1.53e-01	0.00e+00	0.00e+00	0.00e+00	0.00e+00	0.00e+00	0.00e+00	7.81e-02	8.99e-05	1.03e-04
 5.55002e+19	9.57e-02	7.82e-01	1.22e-01	0.00e+00	0.00e+00	0.00e+00	0.00e+00	0.00e+00	0.00e+00	9.55e-02	1.10e-04	1.27e-04
 5.55712e+19	1.10e-01	7.87e-01	1.03e-01	0.00e+00	0.00e+00	0.00e+00	0.00e+00	0.00e+00	0.00e+00	1.09e-01	1.26e-04	1.45e-04
 5.56227e+19	1.21e-01	7.88e-01	9.07e-02	0.00e+00	0.00e+00	0.00e+00	0.00e+00	0.00e+00	0.00e+00	1.21e-01	1.39e-04	1.60e-04
 5.56789e+19	1.36e-01	7.87e-01	7.71e-02	0.00e+00	0.00e+00	0.00e+00	0.00e+00	0.00e+00	0.00e+00	1.36e-01	1.57e-04	1.80e-04
 5.57410e+19	1.55e-01	7.81e-01	6.35e-02	0.00e+00	0.00e+00	0.00e+00	0.00e+00	0.00e+00	0.00e+00	1.55e-01	1.78e-04	2.05e-04
 5.57960e+19	1.76e-01	7.72e-01	5.24e-02	0.00e+00	0.00e+00	0.00e+00	0.00e+00	0.00e+00	0.00e+00	1.75e-01	2.01e-04	2.31e-04
 5.58415e+19	1.95e-01	7.61e-01	4.40e-02	0.00e+00	0.00e+00	0.00e+00	0.00e+00	0.00e+00	0.00e+00	1.94e-01	2.22e-04	2.56e-04
 5.58822e+19	2.14e-01	7.49e-01	3.71e-02	0.00e+00	0.00e+00	0.00e+00	0.00e+00	0.00e+00	0.00e+00	2.14e-01	2.44e-04	2.81e-04
 5.59218e+19	2.36e-01	7.33e-01	3.09e-02	0.00e+00	0.00e+00	0.00e+00	0.00e+00	0.00e+00	0.00e+00	2.35e-01	2.66e-04	3.07e-04
 5.59605e+19	2.59e-01	7.15e-01	2.55e-02	0.00e+00	0.00e+00	0.00e+00	0.00e+00	0.00e+00	0.00e+00	2.59e-01	2.91e-04	3.35e-04
 5.59969e+19	2.84e-01	6.95e-01	2.10e-02	0.00e+00	0.00e+00	0.00e+00	0.00e+00	0.00e+00	0.00e+00	2.83e-01	3.16e-04	3.64e-04
 5.60305e+19	3.09e-01	6.74e-01	1.73e-02	0.00e+00	0.00e+00	0.00e+00	0.00e+00	0.00e+00	0.00e+00	3.08e-01	3.41e-04	3.93e-04
 5.60619e+19	3.34e-01	6.51e-01	1.42e-02	0.00e+00	0.00e+00	0.00e+00	0.00e+00	0.00e+00	0.00e+00	3.34e-01	3.65e-04	4.21e-04
 5.60920e+19	3.61e-01	6.28e-01	1.16e-02	0.00e+00	0.00e+00	0.00e+00	0.00e+00	0.00e+00	0.00e+00	3.60e-01	3.90e-04	4.49e-04
 5.61210e+19	3.88e-01	6.02e-01	9.43e-03	0.00e+00	0.00e+00	0.00e+00	0.00e+00	0.00e+00	0.00e+00	3.87e-01	4.14e-04	4.77e-04
 5.61488e+19	4.16e-01	5.76e-01	7.63e-03	0.00e+00	0.00e+00	0.00e+00	0.00e+00	0.00e+00	0.00e+00	4.15e-01	4.37e-04	5.04e-04
 5.61754e+19	4.45e-01	5.49e-01	6.14e-03	0.00e+00	0.00e+00	0.00e+00	0.00e+00	0.00e+00	0.00e+00	4.44e-01	4.59e-04	5.29e-04
 5.62010e+19	4.73e-01	5.22e-01	4.92e-03	0.00e+00	0.00e+00	0.00e+00	0.00e+00	0.00e+00	0.00e+00	4.72e-01	4.80e-04	5.53e-04
 5.62252e+19	5.01e-01	4.95e-01	3.95e-03	0.00e+00	0.00e+00	0.00e+00	0.00e+00	0.00e+00	0.00e+00	5.00e-01	4.98e-04	5.75e-04
 5.62471e+19	5.27e-01	4.69e-01	3.20e-03	0.00e+00	0.00e+00	0.00e+00	0.00e+00	0.00e+00	0.00e+00	5.26e-01	5.14e-04	5.93e-04
 5.62665e+19	5.51e-01	4.46e-01	2.63e-03	0.00e+00	0.00e+00	0.00e+00	0.00e+00	0.00e+00	0.00e+00	5.50e-01	5.27e-04	6.07e-04
 5.62844e+19	5.73e-01	4.25e-01	2.19e-03	0.00e+00	0.00e+00	0.00e+00	0.00e+00	0.00e+00	0.00e+00	5.72e-01	5.37e-04	6.19e-04
 5.63013e+19	5.94e-01	4.05e-01	1.82e-03	0.00e+00	0.00e+00	0.00e+00	0.00e+00	0.00e+00	0.00e+00	5.92e-01	5.46e-04	6.29e-04
 5.63145e+19	6.09e-01	3.89e-01	1.58e-03	0.00e+00	0.00e+00	0.00e+00	0.00e+00	0.00e+00	0.00e+00	6.08e-01	5.52e-04	6.36e-04
 5.63236e+19	6.20e-01	3.79e-01	1.43e-03	0.00e+00	0.00e+00	0.00e+00	0.00e+00	0.00e+00	0.00e+00	6.19e-01	5.55e-04	6.39e-04
 5.63323e+19	6.31e-01	3.68e-01	1.29e-03	0.00e+00	0.00e+00	0.00e+00	0.00e+00	0.00e+00	0.00e+00	6.29e-01	5.58e-04	6.43e-04
 5.63422e+19	6.43e-01	3.56e-01	1.14e-03	0.00e+00	0.00e+00	0.00e+00	0.00e+00	0.00e+00	0.00e+00	6.42e-01	5.62e-04	6.47e-04
 5.63527e+19	6.56e-01	3.43e-01	1.01e-03	0.00e+00	0.00e+00	0.00e+00	0.00e+00	0.00e+00	0.00e+00	6.54e-01	5.64e-04	6.50e-04
 5.63625e+19	6.68e-01	3.31e-01	8.90e-04	0.00e+00	0.00e+00	0.00e+00	0.00e+00	0.00e+00	0.00e+00	6.67e-01	5.67e-04	6.53e-04
 5.63718e+19	6.79e-01	3.20e-01	7.92e-04	0.00e+00	0.00e+00	0.00e+00	0.00e+00	0.00e+00	0.00e+00	6.78e-01	5.68e-04	6.54e-04
 5.63809e+19	6.90e-01	3.09e-01	7.03e-04	0.00e+00	0.00e+00	0.00e+00	0.00e+00	0.00e+00	0.00e+00	6.89e-01	5.69e-04	6.54e-04
 5.63902e+19	7.01e-01	2.98e-01	6.21e-04	0.00e+00	0.00e+00	0.00e+00	0.00e+00	0.00e+00	0.00e+00	7.00e-01	5.70e-04	6.56e-04
 5.63993e+19	7.12e-01	2.87e-01	5.49e-04	0.00e+00	0.00e+00	0.00e+00	0.00e+00	0.00e+00	0.00e+00	7.11e-01	5.70e-04	6.55e-04
 5.64083e+19	7.23e-01	2.77e-01	4.85e-04	0.00e+00	0.00e+00	0.00e+00	0.00e+00	0.00e+00	0.00e+00	7.22e-01	5.69e-04	6.54e-04
 5.64171e+19	7.33e-01	2.66e-01	4.28e-04	0.00e+00	0.00e+00	0.00e+00	0.00e+00	0.00e+00	0.00e+00	7.32e-01	5.68e-04	6.52e-04
 5.64258e+19	7.43e-01	2.56e-01	3.78e-04	0.00e+00	0.00e+00	0.00e+00	0.00e+00	0.00e+00	0.00e+00	7.42e-01	5.66e-04	6.50e-04
 5.64345e+19	7.53e-01	2.46e-01	3.33e-04	0.00e+00	0.00e+00	0.00e+00	0.00e+00	0.00e+00	0.00e+00	7.52e-01	5.63e-04	6.47e-04
 5.64430e+19	7.63e-01	2.37e-01	2.93e-04	0.00e+00	0.00e+00	0.00e+00	0.00e+00	0.00e+00	0.00e+00	7.62e-01	5.60e-04	6.44e-04
 5.64514e+19	7.72e-01	2.28e-01	2.58e-04	0.00e+00	0.00e+00	0.00e+00	0.00e+00	0.00e+00	0.00e+00	7.71e-01	5.57e-04	6.40e-04
 5.64597e+19	7.81e-01	2.19e-01	2.27e-04	0.00e+00	0.00e+00	0.00e+00	0.00e+00	0.00e+00	0.00e+00	7.80e-01	5.54e-04	6.36e-04
 5.64680e+19	7.90e-01	2.10e-01	1.99e-04	0.00e+00	0.00e+00	0.00e+00	0.00e+00	0.00e+00	0.00e+00	7.89e-01	5.50e-04	6.31e-04
 5.64761e+19	7.98e-01	2.01e-01	1.75e-04	0.00e+00	0.00e+00	0.00e+00	0.00e+00	0.00e+00	0.00e+00	7.97e-01	5.46e-04	6.27e-04
 5.64842e+19	8.07e-01	1.93e-01	1.54e-04	0.00e+00	0.00e+00	0.00e+00	0.00e+00	0.00e+00	0.00e+00	8.05e-01	5.42e-04	6.22e-04
 5.64922e+19	8.15e-01	1.85e-01	1.35e-04	0.00e+00	0.00e+00	0.00e+00	0.00e+00	0.00e+00	0.00e+00	8.13e-01	5.38e-04	6.16e-04
 5.65001e+19	8.22e-01	1.78e-01	1.18e-04	0.00e+00	0.00e+00	0.00e+00	0.00e+00	0.00e+00	0.00e+00	8.21e-01	5.33e-04	6.11e-04
 5.65079e+19	8.30e-01	1.70e-01	1.03e-04	0.00e+00	0.00e+00	0.00e+00	0.00e+00	0.00e+00	0.00e+00	8.29e-01	5.29e-04	6.05e-04
 5.65157e+19	8.37e-01	1.63e-01	9.04e-05	0.00e+00	0.00e+00	0.00e+00	0.00e+00	0.00e+00	0.00e+00	8.36e-01	5.24e-04	5.99e-04
 5.65234e+19	8.44e-01	1.56e-01	7.91e-05	0.00e+00	0.00e+00	0.00e+00	0.00e+00	0.00e+00	0.00e+00	8.43e-01	5.19e-04	5.93e-04
 5.65310e+19	8.51e-01	1.49e-01	6.91e-05	0.00e+00	0.00e+00	0.00e+00	0.00e+00	0.00e+00	0.00e+00	8.50e-01	5.14e-04	5.87e-04
 5.65385e+19	8.57e-01	1.43e-01	6.04e-05	0.00e+00	0.00e+00	0.00e+00	0.00e+00	0.00e+00	0.00e+00	8.56e-01	5.09e-04	5.81e-04
 5.65460e+19	8.63e-01	1.37e-01	5.27e-05	0.00e+00	0.00e+00	0.00e+00	0.00e+00	0.00e+00	0.00e+00	8.62e-01	5.04e-04	5.75e-04
 5.65534e+19	8.69e-01	1.31e-01	4.60e-05	0.00e+00	0.00e+00	0.00e+00	0.00e+00	0.00e+00	0.00e+00	8.68e-01	4.99e-04	5.69e-04
 5.65606e+19	8.75e-01	1.25e-01	4.03e-05	0.00e+00	0.00e+00	0.00e+00	0.00e+00	0.00e+00	0.00e+00	8.74e-01	4.94e-04	5.63e-04
 5.65676e+19	8.80e-01	1.20e-01	3.53e-05	0.00e+00	0.00e+00	0.00e+00	0.00e+00	0.00e+00	0.00e+00	8.79e-01	4.89e-04	5.57e-04
 5.65745e+19	8.85e-01	1.14e-01	3.09e-05	0.00e+00	0.00e+00	0.00e+00	0.00e+00	0.00e+00	0.00e+00	8.84e-01	4.84e-04	5.51e-04
 5.65814e+19	8.90e-01	1.10e-01	2.71e-05	0.00e+00	0.00e+00	0.00e+00	0.00e+00	0.00e+00	0.00e+00	8.89e-01	4.79e-04	5.45e-04
 5.65881e+19	8.95e-01	1.05e-01	2.38e-05	0.00e+00	0.00e+00	0.00e+00	0.00e+00	0.00e+00	0.00e+00	8.94e-01	4.74e-04	5.39e-04
 5.65947e+19	8.99e-01	1.01e-01	2.09e-05	0.00e+00	0.00e+00	0.00e+00	0.00e+00	0.00e+00	0.00e+00	8.98e-01	4.70e-04	5.34e-04
 5.66012e+19	9.04e-01	9.63e-02	1.84e-05	0.00e+00	0.00e+00	0.00e+00	0.00e+00	0.00e+00	0.00e+00	9.03e-01	4.65e-04	5.28e-04
 5.66076e+19	9.08e-01	9.23e-02	1.62e-05	0.00e+00	0.00e+00	0.00e+00	0.00e+00	0.00e+00	0.00e+00	9.07e-01	4.61e-04	5.23e-04
 5.66139e+19	9.12e-01	8.84e-02	1.42e-05	0.00e+00	0.00e+00	0.00e+00	0.00e+00	0.00e+00	0.00e+00	9.11e-01	4.56e-04	5.18e-04
 5.66201e+19	9.15e-01	8.47e-02	1.25e-05	0.00e+00	0.00e+00	0.00e+00	0.00e+00	0.00e+00	0.00e+00	9.14e-01	4.52e-04	5.13e-04
 5.66262e+19	9.19e-01	8.12e-02	1.11e-05	0.00e+00	0.00e+00	0.00e+00	0.00e+00	0.00e+00	0.00e+00	9.18e-01	4.48e-04	5.08e-04
 5.66323e+19	9.22e-01	7.79e-02	9.76e-06	0.00e+00	0.00e+00	0.00e+00	0.00e+00	0.00e+00	0.00e+00	9.21e-01	4.44e-04	5.03e-04
 5.66382e+19	9.25e-01	7.47e-02	8.62e-06	0.00e+00	0.00e+00	0.00e+00	0.00e+00	0.00e+00	0.00e+00	9.24e-01	4.41e-04	4.99e-04
 5.66441e+19	9.28e-01	7.16e-02	7.61e-06	0.00e+00	0.00e+00	0.00e+00	0.00e+00	0.00e+00	0.00e+00	9.27e-01	4.37e-04	4.94e-04
 5.66499e+19	9.31e-01	6.87e-02	6.73e-06	0.00e+00	0.00e+00	0.00e+00	0.00e+00	0.00e+00	0.00e+00	9.30e-01	4.33e-04	4.90e-04
 5.66556e+19	9.34e-01	6.59e-02	5.95e-06	0.00e+00	0.00e+00	0.00e+00	0.00e+00	0.00e+00	0.00e+00	9.33e-01	4.30e-04	4.86e-04
 5.66613e+19	9.37e-01	6.33e-02	5.27e-06	0.00e+00	0.00e+00	0.00e+00	0.00e+00	0.00e+00	0.00e+00	9.36e-01	4.27e-04	4.82e-04
 5.66669e+19	9.39e-01	6.07e-02	4.67e-06	0.00e+00	0.00e+00	0.00e+00	0.00e+00	0.00e+00	0.00e+00	9.38e-01	4.24e-04	4.78e-04
 5.66724e+19	9.42e-01	5.83e-02	4.14e-06	0.00e+00	0.00e+00	0.00e+00	0.00e+00	0.00e+00	0.00e+00	9.41e-01	4.21e-04	4.74e-04
 5.66778e+19	9.44e-01	5.59e-02	3.67e-06	0.00e+00	0.00e+00	0.00e+00	0.00e+00	0.00e+00	0.00e+00	9.43e-01	4.18e-04	4.71e-04
 5.66832e+19	9.46e-01	5.37e-02	3.26e-06	0.00e+00	0.00e+00	0.00e+00	0.00e+00	0.00e+00	0.00e+00	9.45e-01	4.15e-04	4.67e-04
 5.66886e+19	9.48e-01	5.16e-02	2.89e-06	0.00e+00	0.00e+00	0.00e+00	0.00e+00	0.00e+00	0.00e+00	9.48e-01	4.13e-04	4.64e-04
 5.66938e+19	9.50e-01	4.95e-02	2.57e-06	0.00e+00	0.00e+00	0.00e+00	0.00e+00	0.00e+00	0.00e+00	9.50e-01	4.10e-04	4.61e-04
 5.66990e+19	9.52e-01	4.76e-02	2.28e-06	0.00e+00	0.00e+00	0.00e+00	0.00e+00	0.00e+00	0.00e+00	9.52e-01	4.08e-04	4.58e-04
 5.67042e+19	9.54e-01	4.57e-02	2.03e-06	0.00e+00	0.00e+00	0.00e+00	0.00e+00	0.00e+00	0.00e+00	9.53e-01	4.06e-04	4.56e-04
 5.67093e+19	9.56e-01	4.39e-02	1.80e-06	0.00e+00	0.00e+00	0.00e+00	0.00e+00	0.00e+00	0.00e+00	9.55e-01	4.04e-04	4.53e-04
 5.67143e+19	9.58e-01	4.22e-02	1.61e-06	0.00e+00	0.00e+00	0.00e+00	0.00e+00	0.00e+00	0.00e+00	9.57e-01	4.02e-04	4.51e-04
 5.67193e+19	9.59e-01	4.05e-02	1.43e-06	0.00e+00	0.00e+00	0.00e+00	0.00e+00	0.00e+00	0.00e+00	9.59e-01	4.00e-04	4.48e-04
 5.67242e+19	9.61e-01	3.89e-02	1.27e-06	0.00e+00	0.00e+00	0.00e+00	0.00e+00	0.00e+00	0.00e+00	9.60e-01	3.98e-04	4.46e-04
 5.67291e+19	9.63e-01	3.74e-02	1.14e-06	0.00e+00	0.00e+00	0.00e+00	0.00e+00	0.00e+00	0.00e+00	9.62e-01	3.97e-04	4.44e-04
 5.67339e+19	9.64e-01	3.60e-02	1.01e-06	0.00e+00	0.00e+00	0.00e+00	0.00e+00	0.00e+00	0.00e+00	9.63e-01	3.95e-04	4.42e-04
 5.67387e+19	9.65e-01	3.46e-02	9.04e-07	0.00e+00	0.00e+00	0.00e+00	0.00e+00	0.00e+00	0.00e+00	9.65e-01	3.94e-04	4.41e-04
 5.67434e+19	9.67e-01	3.32e-02	8.07e-07	0.00e+00	0.00e+00	0.00e+00	0.00e+00	0.00e+00	0.00e+00	9.66e-01	3.93e-04	4.39e-04
 5.67480e+19	9.68e-01	3.19e-02	7.21e-07	0.00e+00	0.00e+00	0.00e+00	0.00e+00	0.00e+00	0.00e+00	9.67e-01	3.92e-04	4.38e-04
 5.67526e+19	9.69e-01	3.07e-02	6.44e-07	0.00e+00	0.00e+00	0.00e+00	0.00e+00	0.00e+00	0.00e+00	9.68e-01	3.91e-04	4.37e-04
 5.67571e+19	9.70e-01	2.95e-02	5.76e-07	0.00e+00	0.00e+00	0.00e+00	0.00e+00	0.00e+00	0.00e+00	9.70e-01	3.90e-04	4.36e-04
 5.67615e+19	9.72e-01	2.84e-02	5.15e-07	0.00e+00	0.00e+00	0.00e+00	0.00e+00	0.00e+00	0.00e+00	9.71e-01	3.90e-04	4.35e-04
 5.67659e+19	9.73e-01	2.72e-02	4.61e-07	0.00e+00	0.00e+00	0.00e+00	0.00e+00	0.00e+00	0.00e+00	9.72e-01	3.90e-04	4.34e-04
 5.67702e+19	9.74e-01	2.62e-02	4.13e-07	0.00e+00	0.00e+00	0.00e+00	0.00e+00	0.00e+00	0.00e+00	9.73e-01	3.90e-04	4.34e-04
 5.67743e+19	9.75e-01	2.52e-02	3.71e-07	0.00e+00	0.00e+00	0.00e+00	0.00e+00	0.00e+00	0.00e+00	9.74e-01	3.90e-04	4.34e-04
 5.67784e+19	9.76e-01	2.42e-02	3.33e-07	0.00e+00	0.00e+00	0.00e+00	0.00e+00	0.00e+00	0.00e+00	9.75e-01	3.91e-04	4.35e-04
 5.67824e+19	9.77e-01	2.33e-02	2.99e-07	0.00e+00	0.00e+00	0.00e+00	0.00e+00	0.00e+00	0.00e+00	9.76e-01	3.91e-04	4.35e-04
 5.67863e+19	9.78e-01	2.23e-02	2.68e-07	0.00e+00	0.00e+00	0.00e+00	0.00e+00	0.00e+00	0.00e+00	9.77e-01	3.93e-04	4.36e-04
 5.67900e+19	9.79e-01	2.14e-02	2.41e-07	0.00e+00	0.00e+00	0.00e+00	0.00e+00	0.00e+00	0.00e+00	9.78e-01	3.94e-04	4.36e-04
 5.67935e+19	9.79e-01	2.05e-02	2.17e-07	0.00e+00	0.00e+00	0.00e+00	0.00e+00	0.00e+00	0.00e+00	9.79e-01	3.96e-04	4.38e-04
 5.67969e+19	9.80e-01	1.97e-02	1.96e-07	0.00e+00	0.00e+00	0.00e+00	0.00e+00	0.00e+00	0.00e+00	9.79e-01	3.99e-04	4.40e-04
 5.67999e+19	9.81e-01	1.88e-02	1.77e-07	0.00e+00	0.00e+00	0.00e+00	0.00e+00	0.00e+00	0.00e+00	9.80e-01	4.02e-04	4.43e-04
 5.68026e+19	9.82e-01	1.81e-02	1.62e-07	0.00e+00	0.00e+00	0.00e+00	0.00e+00	0.00e+00	0.00e+00	9.81e-01	4.07e-04	4.47e-04
 5.68047e+19	9.83e-01	1.74e-02	1.49e-07	0.00e+00	0.00e+00	0.00e+00	0.00e+00	0.00e+00	0.00e+00	9.82e-01	4.11e-04	4.50e-04
 5.68064e+19	9.83e-01	1.68e-02	1.40e-07	0.00e+00	0.00e+00	0.00e+00	0.00e+00	0.00e+00	0.00e+00	9.82e-01	4.16e-04	4.55e-04
 5.68077e+19	9.84e-01	1.63e-02	1.32e-07	0.00e+00	0.00e+00	0.00e+00	0.00e+00	0.00e+00	0.00e+00	9.83e-01	4.20e-04	4.59e-04
 5.68088e+19	9.84e-01	1.58e-02	1.25e-07	0.00e+00	0.00e+00	0.00e+00	0.00e+00	0.00e+00	0.00e+00	9.83e-01	4.25e-04	4.64e-04
 5.68098e+19	9.85e-01	1.54e-02	1.19e-07	0.00e+00	0.00e+00	0.00e+00	0.00e+00	0.00e+00	0.00e+00	9.84e-01	4.31e-04	4.69e-04
 5.68106e+19	9.85e-01	1.50e-02	1.13e-07	0.00e+00	0.00e+00	0.00e+00	0.00e+00	0.00e+00	0.00e+00	9.84e-01	4.36e-04	4.74e-04
 5.68113e+19	9.85e-01	1.45e-02	1.08e-07	0.00e+00	0.00e+00	0.00e+00	0.00e+00	0.00e+00	0.00e+00	9.85e-01	4.42e-04	4.79e-04
 5.68120e+19	9.86e-01	1.41e-02	1.03e-07	0.00e+00	0.00e+00	0.00e+00	0.00e+00	0.00e+00	0.00e+00	9.85e-01	4.48e-04	4.85e-04
 5.68125e+19	9.86e-01	1.37e-02	9.83e-08	0.00e+00	0.00e+00	0.00e+00	0.00e+00	0.00e+00	0.00e+00	9.85e-01	4.56e-04	4.92e-04
 5.68131e+19	9.87e-01	1.30e-02	9.17e-08	0.00e+00	0.00e+00	0.00e+00	0.00e+00	0.00e+00	0.00e+00	9.86e-01	4.68e-04	5.04e-04
 5.68137e+19	9.96e-01	3.76e-03	1.76e-08	0.00e+00	0.00e+00	0.00e+00	0.00e+00	0.00e+00	0.00e+00	9.95e-01	5.91e-04	5.95e-04
