#depth	O	O+	O+2	O+3	O+4	O+5	O+6	O+7	O+8	O[1]	O[2]	O[3]
 1.24912e+15	5.45e-11	6.49e-05	6.67e-01	3.33e-01	2.93e-04	1.69e-07	0.00e+00	0.00e+00	0.00e+00	5.41e-11	1.72e-13	2.00e-13
 7.49469e+15	5.49e-11	6.52e-05	6.68e-01	3.32e-01	2.91e-04	1.68e-07	0.00e+00	0.00e+00	0.00e+00	5.45e-11	1.73e-13	2.01e-13
 3.24770e+16	5.69e-11	6.67e-05	6.74e-01	3.25e-01	2.80e-04	1.61e-07	0.00e+00	0.00e+00	0.00e+00	5.66e-11	1.78e-13	2.08e-13
 1.27819e+17	6.54e-11	7.27e-05	6.98e-01	3.02e-01	2.43e-04	1.37e-07	0.00e+00	0.00e+00	0.00e+00	6.50e-11	2.00e-13	2.33e-13
 2.81546e+17	8.06e-11	8.24e-05	7.30e-01	2.70e-01	1.96e-04	0.00e+00	0.00e+00	0.00e+00	0.00e+00	8.01e-11	2.27e-13	2.65e-13
 4.41422e+17	9.90e-11	9.32e-05	7.61e-01	2.39e-01	1.56e-04	0.00e+00	0.00e+00	0.00e+00	0.00e+00	9.85e-11	2.63e-13	3.08e-13
 6.07693e+17	1.21e-10	1.05e-04	7.91e-01	2.08e-01	1.22e-04	0.00e+00	0.00e+00	0.00e+00	0.00e+00	1.21e-10	3.04e-13	3.57e-13
 7.80615e+17	1.48e-10	1.18e-04	8.20e-01	1.79e-01	9.45e-05	0.00e+00	0.00e+00	0.00e+00	0.00e+00	1.47e-10	3.51e-13	4.11e-13
 9.60453e+17	1.80e-10	1.32e-04	8.48e-01	1.52e-01	7.16e-05	0.00e+00	0.00e+00	0.00e+00	0.00e+00	1.79e-10	4.03e-13	4.73e-13
 1.14749e+18	2.18e-10	1.47e-04	8.73e-01	1.27e-01	5.32e-05	0.00e+00	0.00e+00	0.00e+00	0.00e+00	2.17e-10	4.62e-13	5.43e-13
 1.34200e+18	2.63e-10	1.64e-04	8.96e-01	1.04e-01	3.88e-05	0.00e+00	0.00e+00	0.00e+00	0.00e+00	2.62e-10	5.29e-13	6.21e-13
 1.54429e+18	3.16e-10	1.81e-04	9.17e-01	8.33e-02	2.76e-05	0.00e+00	0.00e+00	0.00e+00	0.00e+00	3.14e-10	6.03e-13	7.09e-13
 1.75468e+18	3.78e-10	2.00e-04	9.34e-01	6.56e-02	1.92e-05	0.00e+00	0.00e+00	0.00e+00	0.00e+00	3.76e-10	6.86e-13	8.08e-13
 1.97348e+18	4.51e-10	2.20e-04	9.49e-01	5.06e-02	1.31e-05	0.00e+00	0.00e+00	0.00e+00	0.00e+00	4.49e-10	7.80e-13	9.19e-13
 2.20103e+18	5.37e-10	2.41e-04	9.61e-01	3.83e-02	8.69e-06	0.00e+00	0.00e+00	0.00e+00	0.00e+00	5.35e-10	8.85e-13	1.04e-12
 2.43769e+18	6.38e-10	2.63e-04	9.71e-01	2.85e-02	5.67e-06	0.00e+00	0.00e+00	0.00e+00	0.00e+00	6.36e-10	1.00e-12	1.18e-12
 2.68381e+18	7.57e-10	2.87e-04	9.79e-01	2.09e-02	3.63e-06	0.00e+00	0.00e+00	0.00e+00	0.00e+00	7.55e-10	1.14e-12	1.35e-12
 2.93978e+18	8.97e-10	3.13e-04	9.85e-01	1.51e-02	2.30e-06	0.00e+00	0.00e+00	0.00e+00	0.00e+00	8.94e-10	1.29e-12	1.53e-12
 3.20598e+18	1.06e-09	3.41e-04	9.89e-01	1.07e-02	1.44e-06	0.00e+00	0.00e+00	0.00e+00	0.00e+00	1.06e-09	1.47e-12	1.74e-12
 3.48284e+18	1.26e-09	3.70e-04	9.92e-01	7.58e-03	8.91e-07	0.00e+00	0.00e+00	0.00e+00	0.00e+00	1.25e-09	1.67e-12	1.98e-12
 3.77076e+18	1.49e-09	4.02e-04	9.94e-01	5.29e-03	5.53e-07	0.00e+00	0.00e+00	0.00e+00	0.00e+00	1.49e-09	1.91e-12	2.25e-12
 4.07021e+18	1.76e-09	4.37e-04	9.96e-01	3.68e-03	3.45e-07	0.00e+00	0.00e+00	0.00e+00	0.00e+00	1.76e-09	2.18e-12	2.57e-12
 4.38163e+18	2.09e-09	4.74e-04	9.97e-01	2.54e-03	2.19e-07	0.00e+00	0.00e+00	0.00e+00	0.00e+00	2.08e-09	2.49e-12	2.94e-12
 4.70551e+18	2.47e-09	5.14e-04	9.98e-01	1.75e-03	1.42e-07	0.00e+00	0.00e+00	0.00e+00	0.00e+00	2.47e-09	2.86e-12	3.37e-12
 5.04234e+18	2.93e-09	5.58e-04	9.98e-01	1.21e-03	0.00e+00	0.00e+00	0.00e+00	0.00e+00	0.00e+00	2.92e-09	3.28e-12	3.88e-12
 5.39265e+18	3.47e-09	6.05e-04	9.99e-01	8.36e-04	0.00e+00	0.00e+00	0.00e+00	0.00e+00	0.00e+00	3.46e-09	3.78e-12	4.46e-12
 5.75697e+18	4.12e-09	6.56e-04	9.99e-01	5.83e-04	0.00e+00	0.00e+00	0.00e+00	0.00e+00	0.00e+00	4.11e-09	4.36e-12	5.14e-12
 6.13587e+18	4.88e-09	7.11e-04	9.99e-01	4.11e-04	0.00e+00	0.00e+00	0.00e+00	0.00e+00	0.00e+00	4.87e-09	5.05e-12	5.94e-12
 6.52991e+18	5.80e-09	7.72e-04	9.99e-01	2.94e-04	0.00e+00	0.00e+00	0.00e+00	0.00e+00	0.00e+00	5.79e-09	5.85e-12	6.89e-12
 6.93972e+18	6.89e-09	8.37e-04	9.99e-01	2.14e-04	0.00e+00	0.00e+00	0.00e+00	0.00e+00	0.00e+00	6.88e-09	6.80e-12	7.99e-12
 7.36593e+18	8.19e-09	9.08e-04	9.99e-01	1.58e-04	0.00e+00	0.00e+00	0.00e+00	0.00e+00	0.00e+00	8.18e-09	7.92e-12	9.30e-12
 7.80918e+18	9.75e-09	9.85e-04	9.99e-01	1.20e-04	0.00e+00	0.00e+00	0.00e+00	0.00e+00	0.00e+00	9.73e-09	9.24e-12	1.08e-11
 8.27016e+18	1.16e-08	1.07e-03	9.99e-01	9.24e-05	0.00e+00	0.00e+00	0.00e+00	0.00e+00	0.00e+00	1.16e-08	1.08e-11	1.27e-11
 8.74958e+18	1.39e-08	1.16e-03	9.99e-01	7.27e-05	0.00e+00	0.00e+00	0.00e+00	0.00e+00	0.00e+00	1.38e-08	1.27e-11	1.48e-11
 9.24818e+18	1.65e-08	1.26e-03	9.99e-01	5.82e-05	0.00e+00	0.00e+00	0.00e+00	0.00e+00	0.00e+00	1.65e-08	1.49e-11	1.74e-11
 9.76672e+18	1.98e-08	1.37e-03	9.99e-01	4.72e-05	0.00e+00	0.00e+00	0.00e+00	0.00e+00	0.00e+00	1.97e-08	1.75e-11	2.05e-11
 1.03060e+19	2.36e-08	1.48e-03	9.98e-01	3.88e-05	0.00e+00	0.00e+00	0.00e+00	0.00e+00	0.00e+00	2.36e-08	2.07e-11	2.41e-11
 1.08669e+19	2.83e-08	1.61e-03	9.98e-01	3.22e-05	0.00e+00	0.00e+00	0.00e+00	0.00e+00	0.00e+00	2.82e-08	2.44e-11	2.85e-11
 1.14501e+19	3.39e-08	1.75e-03	9.98e-01	2.69e-05	0.00e+00	0.00e+00	0.00e+00	0.00e+00	0.00e+00	3.38e-08	2.89e-11	3.37e-11
 1.20568e+19	4.07e-08	1.90e-03	9.98e-01	2.26e-05	0.00e+00	0.00e+00	0.00e+00	0.00e+00	0.00e+00	4.06e-08	3.43e-11	4.00e-11
 1.26876e+19	4.89e-08	2.07e-03	9.98e-01	1.91e-05	0.00e+00	0.00e+00	0.00e+00	0.00e+00	0.00e+00	4.88e-08	4.08e-11	4.75e-11
 1.33220e+19	5.85e-08	2.24e-03	9.98e-01	1.62e-05	0.00e+00	0.00e+00	0.00e+00	0.00e+00	0.00e+00	5.84e-08	4.83e-11	5.62e-11
 1.39818e+19	7.00e-08	2.43e-03	9.98e-01	1.38e-05	0.00e+00	0.00e+00	0.00e+00	0.00e+00	0.00e+00	6.99e-08	5.74e-11	6.68e-11
 1.46897e+19	8.44e-08	2.64e-03	9.97e-01	1.18e-05	0.00e+00	0.00e+00	0.00e+00	0.00e+00	0.00e+00	8.43e-08	6.86e-11	7.98e-11
 1.54259e+19	1.02e-07	2.87e-03	9.97e-01	1.00e-05	0.00e+00	0.00e+00	0.00e+00	0.00e+00	0.00e+00	1.02e-07	8.23e-11	9.56e-11
 1.61915e+19	1.23e-07	3.13e-03	9.97e-01	8.55e-06	0.00e+00	0.00e+00	0.00e+00	0.00e+00	0.00e+00	1.23e-07	9.88e-11	1.15e-10
 1.69878e+19	1.49e-07	3.41e-03	9.97e-01	7.29e-06	0.00e+00	0.00e+00	0.00e+00	0.00e+00	0.00e+00	1.49e-07	1.19e-10	1.38e-10
 1.78159e+19	1.81e-07	3.71e-03	9.96e-01	6.23e-06	0.00e+00	0.00e+00	0.00e+00	0.00e+00	0.00e+00	1.81e-07	1.43e-10	1.66e-10
 1.86772e+19	2.20e-07	4.04e-03	9.96e-01	5.32e-06	0.00e+00	0.00e+00	0.00e+00	0.00e+00	0.00e+00	2.20e-07	1.73e-10	2.01e-10
 1.95729e+19	2.68e-07	4.41e-03	9.96e-01	4.54e-06	0.00e+00	0.00e+00	0.00e+00	0.00e+00	0.00e+00	2.67e-07	2.09e-10	2.43e-10
 2.05044e+19	3.26e-07	4.81e-03	9.95e-01	3.88e-06	0.00e+00	0.00e+00	0.00e+00	0.00e+00	0.00e+00	3.26e-07	2.54e-10	2.94e-10
 2.14732e+19	3.98e-07	5.25e-03	9.95e-01	3.32e-06	0.00e+00	0.00e+00	0.00e+00	0.00e+00	0.00e+00	3.97e-07	3.08e-10	3.57e-10
 2.24808e+19	4.86e-07	5.73e-03	9.94e-01	2.83e-06	0.00e+00	0.00e+00	0.00e+00	0.00e+00	0.00e+00	4.86e-07	3.75e-10	4.35e-10
 2.35286e+19	5.95e-07	6.27e-03	9.94e-01	2.42e-06	0.00e+00	0.00e+00	0.00e+00	0.00e+00	0.00e+00	5.94e-07	4.57e-10	5.30e-10
 2.46184e+19	7.30e-07	6.85e-03	9.93e-01	2.07e-06	0.00e+00	0.00e+00	0.00e+00	0.00e+00	0.00e+00	7.29e-07	5.59e-10	6.47e-10
 2.57517e+19	8.97e-07	7.50e-03	9.92e-01	1.76e-06	0.00e+00	0.00e+00	0.00e+00	0.00e+00	0.00e+00	8.96e-07	6.84e-10	7.92e-10
 2.69304e+19	1.10e-06	8.22e-03	9.92e-01	1.51e-06	0.00e+00	0.00e+00	0.00e+00	0.00e+00	0.00e+00	1.10e-06	8.39e-10	9.71e-10
 2.81562e+19	1.36e-06	9.01e-03	9.91e-01	1.28e-06	0.00e+00	0.00e+00	0.00e+00	0.00e+00	0.00e+00	1.36e-06	1.03e-09	1.19e-09
 2.94311e+19	1.68e-06	9.88e-03	9.90e-01	1.10e-06	0.00e+00	0.00e+00	0.00e+00	0.00e+00	0.00e+00	1.68e-06	1.27e-09	1.47e-09
 3.07569e+19	2.09e-06	1.09e-02	9.89e-01	9.33e-07	0.00e+00	0.00e+00	0.00e+00	0.00e+00	0.00e+00	2.08e-06	1.57e-09	1.82e-09
 3.21358e+19	2.59e-06	1.19e-02	9.88e-01	7.95e-07	0.00e+00	0.00e+00	0.00e+00	0.00e+00	0.00e+00	2.59e-06	1.95e-09	2.25e-09
 3.35699e+19	3.23e-06	1.32e-02	9.87e-01	6.76e-07	0.00e+00	0.00e+00	0.00e+00	0.00e+00	0.00e+00	3.23e-06	2.42e-09	2.80e-09
 3.50613e+19	4.04e-06	1.45e-02	9.85e-01	5.74e-07	0.00e+00	0.00e+00	0.00e+00	0.00e+00	0.00e+00	4.03e-06	3.02e-09	3.49e-09
 3.66124e+19	5.07e-06	1.60e-02	9.84e-01	4.88e-07	0.00e+00	0.00e+00	0.00e+00	0.00e+00	0.00e+00	5.07e-06	3.78e-09	4.37e-09
 3.82255e+19	6.40e-06	1.78e-02	9.82e-01	4.13e-07	0.00e+00	0.00e+00	0.00e+00	0.00e+00	0.00e+00	6.39e-06	4.76e-09	5.50e-09
 3.99031e+19	8.12e-06	1.97e-02	9.80e-01	3.50e-07	0.00e+00	0.00e+00	0.00e+00	0.00e+00	0.00e+00	8.10e-06	6.02e-09	6.96e-09
 4.16478e+19	1.04e-05	2.19e-02	9.78e-01	2.96e-07	0.00e+00	0.00e+00	0.00e+00	0.00e+00	0.00e+00	1.03e-05	7.67e-09	8.86e-09
 4.34624e+19	1.33e-05	2.45e-02	9.76e-01	2.49e-07	0.00e+00	0.00e+00	0.00e+00	0.00e+00	0.00e+00	1.33e-05	9.85e-09	1.14e-08
 4.53495e+19	1.73e-05	2.74e-02	9.73e-01	2.10e-07	0.00e+00	0.00e+00	0.00e+00	0.00e+00	0.00e+00	1.73e-05	1.28e-08	1.47e-08
 4.73121e+19	2.27e-05	3.09e-02	9.69e-01	1.76e-07	0.00e+00	0.00e+00	0.00e+00	0.00e+00	0.00e+00	2.27e-05	1.68e-08	1.93e-08
 4.93532e+19	3.03e-05	3.50e-02	9.65e-01	1.46e-07	0.00e+00	0.00e+00	0.00e+00	0.00e+00	0.00e+00	3.02e-05	2.23e-08	2.57e-08
 5.14759e+19	4.11e-05	3.99e-02	9.60e-01	0.00e+00	0.00e+00	0.00e+00	0.00e+00	0.00e+00	0.00e+00	4.10e-05	3.02e-08	3.48e-08
 5.36350e+19	5.65e-05	4.59e-02	9.54e-01	0.00e+00	0.00e+00	0.00e+00	0.00e+00	0.00e+00	0.00e+00	5.64e-05	4.15e-08	4.79e-08
 5.53990e+19	7.38e-05	5.16e-02	9.48e-01	0.00e+00	0.00e+00	0.00e+00	0.00e+00	0.00e+00	0.00e+00	7.37e-05	5.41e-08	6.25e-08
 5.66228e+19	8.97e-05	5.61e-02	9.44e-01	0.00e+00	0.00e+00	0.00e+00	0.00e+00	0.00e+00	0.00e+00	8.95e-05	6.57e-08	7.59e-08
 5.78571e+19	1.10e-04	6.15e-02	9.38e-01	0.00e+00	0.00e+00	0.00e+00	0.00e+00	0.00e+00	0.00e+00	1.10e-04	8.09e-08	9.34e-08
 5.94618e+19	1.47e-04	6.96e-02	9.30e-01	0.00e+00	0.00e+00	0.00e+00	0.00e+00	0.00e+00	0.00e+00	1.46e-04	1.07e-07	1.24e-07
 6.10340e+19	1.96e-04	7.91e-02	9.21e-01	0.00e+00	0.00e+00	0.00e+00	0.00e+00	0.00e+00	0.00e+00	1.95e-04	1.43e-07	1.65e-07
 6.21776e+19	2.45e-04	8.74e-02	9.12e-01	0.00e+00	0.00e+00	0.00e+00	0.00e+00	0.00e+00	0.00e+00	2.45e-04	1.79e-07	2.07e-07
 6.31088e+19	2.98e-04	9.54e-02	9.04e-01	0.00e+00	0.00e+00	0.00e+00	0.00e+00	0.00e+00	0.00e+00	2.98e-04	2.18e-07	2.51e-07
 6.41504e+19	3.77e-04	1.06e-01	8.94e-01	0.00e+00	0.00e+00	0.00e+00	0.00e+00	0.00e+00	0.00e+00	3.76e-04	2.75e-07	3.17e-07
 6.52702e+19	4.90e-04	1.19e-01	8.80e-01	0.00e+00	0.00e+00	0.00e+00	0.00e+00	0.00e+00	0.00e+00	4.90e-04	3.58e-07	4.12e-07
 6.62236e+19	6.24e-04	1.33e-01	8.66e-01	0.00e+00	0.00e+00	0.00e+00	0.00e+00	0.00e+00	0.00e+00	6.23e-04	4.55e-07	5.24e-07
 6.70147e+19	7.73e-04	1.47e-01	8.52e-01	0.00e+00	0.00e+00	0.00e+00	0.00e+00	0.00e+00	0.00e+00	7.72e-04	5.63e-07	6.49e-07
 6.76929e+19	9.38e-04	1.60e-01	8.39e-01	0.00e+00	0.00e+00	0.00e+00	0.00e+00	0.00e+00	0.00e+00	9.36e-04	6.83e-07	7.87e-07
 6.82928e+19	1.12e-03	1.74e-01	8.25e-01	0.00e+00	0.00e+00	0.00e+00	0.00e+00	0.00e+00	0.00e+00	1.12e-03	8.18e-07	9.42e-07
 6.89608e+19	1.40e-03	1.92e-01	8.07e-01	0.00e+00	0.00e+00	0.00e+00	0.00e+00	0.00e+00	0.00e+00	1.39e-03	1.02e-06	1.17e-06
 6.96504e+19	1.76e-03	2.13e-01	7.85e-01	0.00e+00	0.00e+00	0.00e+00	0.00e+00	0.00e+00	0.00e+00	1.76e-03	1.28e-06	1.47e-06
 7.02030e+19	2.14e-03	2.33e-01	7.65e-01	0.00e+00	0.00e+00	0.00e+00	0.00e+00	0.00e+00	0.00e+00	2.14e-03	1.56e-06	1.79e-06
 7.06639e+19	2.55e-03	2.52e-01	7.45e-01	0.00e+00	0.00e+00	0.00e+00	0.00e+00	0.00e+00	0.00e+00	2.55e-03	1.85e-06	2.13e-06
 7.11706e+19	3.13e-03	2.76e-01	7.21e-01	0.00e+00	0.00e+00	0.00e+00	0.00e+00	0.00e+00	0.00e+00	3.12e-03	2.27e-06	2.61e-06
 7.17092e+19	3.92e-03	3.05e-01	6.92e-01	0.00e+00	0.00e+00	0.00e+00	0.00e+00	0.00e+00	0.00e+00	3.92e-03	2.84e-06	3.27e-06
 7.21602e+19	4.79e-03	3.32e-01	6.63e-01	0.00e+00	0.00e+00	0.00e+00	0.00e+00	0.00e+00	0.00e+00	4.78e-03	3.46e-06	3.98e-06
 7.25391e+19	5.73e-03	3.58e-01	6.37e-01	0.00e+00	0.00e+00	0.00e+00	0.00e+00	0.00e+00	0.00e+00	5.72e-03	4.13e-06	4.75e-06
 7.29532e+19	7.04e-03	3.90e-01	6.03e-01	0.00e+00	0.00e+00	0.00e+00	0.00e+00	0.00e+00	0.00e+00	7.03e-03	5.07e-06	5.83e-06
 7.33914e+19	8.82e-03	4.26e-01	5.65e-01	0.00e+00	0.00e+00	0.00e+00	0.00e+00	0.00e+00	0.00e+00	8.81e-03	6.34e-06	7.29e-06
 7.37571e+19	1.08e-02	4.61e-01	5.28e-01	0.00e+00	0.00e+00	0.00e+00	0.00e+00	0.00e+00	0.00e+00	1.08e-02	7.74e-06	8.90e-06
 7.40631e+19	1.29e-02	4.92e-01	4.95e-01	0.00e+00	0.00e+00	0.00e+00	0.00e+00	0.00e+00	0.00e+00	1.29e-02	9.21e-06	1.06e-05
 7.43956e+19	1.58e-02	5.29e-01	4.55e-01	0.00e+00	0.00e+00	0.00e+00	0.00e+00	0.00e+00	0.00e+00	1.58e-02	1.13e-05	1.30e-05
 7.47490e+19	1.98e-02	5.70e-01	4.10e-01	0.00e+00	0.00e+00	0.00e+00	0.00e+00	0.00e+00	0.00e+00	1.97e-02	1.40e-05	1.61e-05
 7.50465e+19	2.42e-02	6.07e-01	3.69e-01	0.00e+00	0.00e+00	0.00e+00	0.00e+00	0.00e+00	0.00e+00	2.41e-02	1.71e-05	1.97e-05
 7.52972e+19	2.89e-02	6.39e-01	3.32e-01	0.00e+00	0.00e+00	0.00e+00	0.00e+00	0.00e+00	0.00e+00	2.89e-02	2.04e-05	2.34e-05
 7.55704e+19	3.55e-02	6.74e-01	2.91e-01	0.00e+00	0.00e+00	0.00e+00	0.00e+00	0.00e+00	0.00e+00	3.54e-02	2.48e-05	2.86e-05
 7.58604e+19	4.45e-02	7.09e-01	2.47e-01	0.00e+00	0.00e+00	0.00e+00	0.00e+00	0.00e+00	0.00e+00	4.44e-02	3.09e-05	3.56e-05
 7.61033e+19	5.46e-02	7.37e-01	2.09e-01	0.00e+00	0.00e+00	0.00e+00	0.00e+00	0.00e+00	0.00e+00	5.45e-02	3.76e-05	4.33e-05
 7.63049e+19	6.53e-02	7.57e-01	1.78e-01	0.00e+00	0.00e+00	0.00e+00	0.00e+00	0.00e+00	0.00e+00	6.52e-02	4.46e-05	5.13e-05
 7.64933e+19	7.78e-02	7.73e-01	1.49e-01	0.00e+00	0.00e+00	0.00e+00	0.00e+00	0.00e+00	0.00e+00	7.77e-02	5.25e-05	6.05e-05
 7.66596e+19	9.08e-02	7.83e-01	1.26e-01	0.00e+00	0.00e+00	0.00e+00	0.00e+00	0.00e+00	0.00e+00	9.07e-02	6.07e-05	6.99e-05
 7.67931e+19	1.04e-01	7.88e-01	1.08e-01	0.00e+00	0.00e+00	0.00e+00	0.00e+00	0.00e+00	0.00e+00	1.04e-01	6.86e-05	7.91e-05
 7.69120e+19	1.17e-01	7.90e-01	9.34e-02	0.00e+00	0.00e+00	0.00e+00	0.00e+00	0.00e+00	0.00e+00	1.17e-01	7.66e-05	8.83e-05
 7.70266e+19	1.32e-01	7.88e-01	7.98e-02	0.00e+00	0.00e+00	0.00e+00	0.00e+00	0.00e+00	0.00e+00	1.32e-01	8.53e-05	9.83e-05
 7.71386e+19	1.49e-01	7.84e-01	6.76e-02	0.00e+00	0.00e+00	0.00e+00	0.00e+00	0.00e+00	0.00e+00	1.48e-01	9.46e-05	1.09e-04
 7.72448e+19	1.67e-01	7.76e-01	5.69e-02	0.00e+00	0.00e+00	0.00e+00	0.00e+00	0.00e+00	0.00e+00	1.66e-01	1.04e-04	1.21e-04
 7.73431e+19	1.86e-01	7.66e-01	4.81e-02	0.00e+00	0.00e+00	0.00e+00	0.00e+00	0.00e+00	0.00e+00	1.85e-01	1.14e-04	1.32e-04
 7.74345e+19	2.06e-01	7.54e-01	4.05e-02	0.00e+00	0.00e+00	0.00e+00	0.00e+00	0.00e+00	0.00e+00	2.05e-01	1.24e-04	1.44e-04
 7.75207e+19	2.26e-01	7.40e-01	3.42e-02	0.00e+00	0.00e+00	0.00e+00	0.00e+00	0.00e+00	0.00e+00	2.26e-01	1.34e-04	1.55e-04
 7.76038e+19	2.48e-01	7.24e-01	2.87e-02	0.00e+00	0.00e+00	0.00e+00	0.00e+00	0.00e+00	0.00e+00	2.47e-01	1.44e-04	1.66e-04
 7.76848e+19	2.71e-01	7.05e-01	2.39e-02	0.00e+00	0.00e+00	0.00e+00	0.00e+00	0.00e+00	0.00e+00	2.71e-01	1.54e-04	1.78e-04
 7.77618e+19	2.94e-01	6.86e-01	2.00e-02	0.00e+00	0.00e+00	0.00e+00	0.00e+00	0.00e+00	0.00e+00	2.94e-01	1.63e-04	1.89e-04
 7.78362e+19	3.19e-01	6.64e-01	1.66e-02	0.00e+00	0.00e+00	0.00e+00	0.00e+00	0.00e+00	0.00e+00	3.19e-01	1.73e-04	1.99e-04
 7.79086e+19	3.44e-01	6.42e-01	1.38e-02	0.00e+00	0.00e+00	0.00e+00	0.00e+00	0.00e+00	0.00e+00	3.43e-01	1.81e-04	2.09e-04
 7.79791e+19	3.70e-01	6.19e-01	1.14e-02	0.00e+00	0.00e+00	0.00e+00	0.00e+00	0.00e+00	0.00e+00	3.69e-01	1.89e-04	2.18e-04
 7.80488e+19	3.97e-01	5.94e-01	9.35e-03	0.00e+00	0.00e+00	0.00e+00	0.00e+00	0.00e+00	0.00e+00	3.96e-01	1.96e-04	2.27e-04
 7.81161e+19	4.22e-01	5.70e-01	7.69e-03	0.00e+00	0.00e+00	0.00e+00	0.00e+00	0.00e+00	0.00e+00	4.22e-01	2.03e-04	2.34e-04
 7.81832e+19	4.50e-01	5.44e-01	6.25e-03	0.00e+00	0.00e+00	0.00e+00	0.00e+00	0.00e+00	0.00e+00	4.49e-01	2.08e-04	2.41e-04
 7.82506e+19	4.78e-01	5.17e-01	5.04e-03	0.00e+00	0.00e+00	0.00e+00	0.00e+00	0.00e+00	0.00e+00	4.78e-01	2.13e-04	2.46e-04
 7.83159e+19	5.05e-01	4.91e-01	4.08e-03	0.00e+00	0.00e+00	0.00e+00	0.00e+00	0.00e+00	0.00e+00	5.05e-01	2.17e-04	2.50e-04
 7.83752e+19	5.30e-01	4.67e-01	3.34e-03	0.00e+00	0.00e+00	0.00e+00	0.00e+00	0.00e+00	0.00e+00	5.29e-01	2.19e-04	2.53e-04
 7.84284e+19	5.52e-01	4.45e-01	2.78e-03	0.00e+00	0.00e+00	0.00e+00	0.00e+00	0.00e+00	0.00e+00	5.51e-01	2.20e-04	2.54e-04
 7.84798e+19	5.74e-01	4.24e-01	2.32e-03	0.00e+00	0.00e+00	0.00e+00	0.00e+00	0.00e+00	0.00e+00	5.73e-01	2.21e-04	2.55e-04
 7.85310e+19	5.95e-01	4.03e-01	1.92e-03	0.00e+00	0.00e+00	0.00e+00	0.00e+00	0.00e+00	0.00e+00	5.94e-01	2.21e-04	2.55e-04
 7.85723e+19	6.11e-01	3.87e-01	1.66e-03	0.00e+00	0.00e+00	0.00e+00	0.00e+00	0.00e+00	0.00e+00	6.11e-01	2.20e-04	2.54e-04
 7.86001e+19	6.22e-01	3.77e-01	1.50e-03	0.00e+00	0.00e+00	0.00e+00	0.00e+00	0.00e+00	0.00e+00	6.21e-01	2.20e-04	2.54e-04
 7.86262e+19	6.32e-01	3.67e-01	1.36e-03	0.00e+00	0.00e+00	0.00e+00	0.00e+00	0.00e+00	0.00e+00	6.31e-01	2.19e-04	2.53e-04
 7.86565e+19	6.44e-01	3.55e-01	1.21e-03	0.00e+00	0.00e+00	0.00e+00	0.00e+00	0.00e+00	0.00e+00	6.44e-01	2.18e-04	2.52e-04
 7.86890e+19	6.57e-01	3.42e-01	1.06e-03	0.00e+00	0.00e+00	0.00e+00	0.00e+00	0.00e+00	0.00e+00	6.56e-01	2.17e-04	2.50e-04
 7.87201e+19	6.68e-01	3.31e-01	9.43e-04	0.00e+00	0.00e+00	0.00e+00	0.00e+00	0.00e+00	0.00e+00	6.68e-01	2.15e-04	2.48e-04
 7.87498e+19	6.80e-01	3.19e-01	8.36e-04	0.00e+00	0.00e+00	0.00e+00	0.00e+00	0.00e+00	0.00e+00	6.80e-01	2.14e-04	2.47e-04
 7.87792e+19	6.91e-01	3.08e-01	7.43e-04	0.00e+00	0.00e+00	0.00e+00	0.00e+00	0.00e+00	0.00e+00	6.90e-01	2.12e-04	2.45e-04
 7.88088e+19	7.02e-01	2.97e-01	6.57e-04	0.00e+00	0.00e+00	0.00e+00	0.00e+00	0.00e+00	0.00e+00	7.02e-01	2.10e-04	2.42e-04
 7.88384e+19	7.13e-01	2.87e-01	5.81e-04	0.00e+00	0.00e+00	0.00e+00	0.00e+00	0.00e+00	0.00e+00	7.12e-01	2.08e-04	2.40e-04
 7.88677e+19	7.23e-01	2.76e-01	5.13e-04	0.00e+00	0.00e+00	0.00e+00	0.00e+00	0.00e+00	0.00e+00	7.23e-01	2.06e-04	2.37e-04
 7.88968e+19	7.33e-01	2.66e-01	4.54e-04	0.00e+00	0.00e+00	0.00e+00	0.00e+00	0.00e+00	0.00e+00	7.33e-01	2.03e-04	2.34e-04
 7.89261e+19	7.44e-01	2.56e-01	4.00e-04	0.00e+00	0.00e+00	0.00e+00	0.00e+00	0.00e+00	0.00e+00	7.43e-01	2.01e-04	2.31e-04
 7.89550e+19	7.53e-01	2.46e-01	3.53e-04	0.00e+00	0.00e+00	0.00e+00	0.00e+00	0.00e+00	0.00e+00	7.53e-01	1.98e-04	2.28e-04
 7.89837e+19	7.63e-01	2.37e-01	3.11e-04	0.00e+00	0.00e+00	0.00e+00	0.00e+00	0.00e+00	0.00e+00	7.62e-01	1.95e-04	2.25e-04
 7.90125e+19	7.72e-01	2.28e-01	2.73e-04	0.00e+00	0.00e+00	0.00e+00	0.00e+00	0.00e+00	0.00e+00	7.71e-01	1.92e-04	2.21e-04
 7.90414e+19	7.81e-01	2.19e-01	2.40e-04	0.00e+00	0.00e+00	0.00e+00	0.00e+00	0.00e+00	0.00e+00	7.81e-01	1.89e-04	2.18e-04
 7.90700e+19	7.90e-01	2.10e-01	2.11e-04	0.00e+00	0.00e+00	0.00e+00	0.00e+00	0.00e+00	0.00e+00	7.89e-01	1.86e-04	2.14e-04
 7.90983e+19	7.98e-01	2.02e-01	1.85e-04	0.00e+00	0.00e+00	0.00e+00	0.00e+00	0.00e+00	0.00e+00	7.98e-01	1.83e-04	2.11e-04
 7.91267e+19	8.06e-01	1.94e-01	1.63e-04	0.00e+00	0.00e+00	0.00e+00	0.00e+00	0.00e+00	0.00e+00	8.06e-01	1.80e-04	2.07e-04
 7.91553e+19	8.14e-01	1.85e-01	1.42e-04	0.00e+00	0.00e+00	0.00e+00	0.00e+00	0.00e+00	0.00e+00	8.14e-01	1.77e-04	2.04e-04
 7.91836e+19	8.22e-01	1.78e-01	1.25e-04	0.00e+00	0.00e+00	0.00e+00	0.00e+00	0.00e+00	0.00e+00	8.22e-01	1.74e-04	2.00e-04
 7.92116e+19	8.29e-01	1.70e-01	1.09e-04	0.00e+00	0.00e+00	0.00e+00	0.00e+00	0.00e+00	0.00e+00	8.29e-01	1.71e-04	1.97e-04
 7.92397e+19	8.37e-01	1.63e-01	9.55e-05	0.00e+00	0.00e+00	0.00e+00	0.00e+00	0.00e+00	0.00e+00	8.36e-01	1.68e-04	1.93e-04
 7.92680e+19	8.44e-01	1.56e-01	8.34e-05	0.00e+00	0.00e+00	0.00e+00	0.00e+00	0.00e+00	0.00e+00	8.43e-01	1.65e-04	1.89e-04
 7.92960e+19	8.50e-01	1.50e-01	7.29e-05	0.00e+00	0.00e+00	0.00e+00	0.00e+00	0.00e+00	0.00e+00	8.50e-01	1.62e-04	1.86e-04
 7.93236e+19	8.57e-01	1.43e-01	6.37e-05	0.00e+00	0.00e+00	0.00e+00	0.00e+00	0.00e+00	0.00e+00	8.56e-01	1.59e-04	1.83e-04
 7.93509e+19	8.63e-01	1.37e-01	5.57e-05	0.00e+00	0.00e+00	0.00e+00	0.00e+00	0.00e+00	0.00e+00	8.62e-01	1.57e-04	1.79e-04
 7.93781e+19	8.69e-01	1.31e-01	4.87e-05	0.00e+00	0.00e+00	0.00e+00	0.00e+00	0.00e+00	0.00e+00	8.68e-01	1.54e-04	1.76e-04
 7.94053e+19	8.74e-01	1.26e-01	4.26e-05	0.00e+00	0.00e+00	0.00e+00	0.00e+00	0.00e+00	0.00e+00	8.74e-01	1.51e-04	1.73e-04
 7.94322e+19	8.80e-01	1.20e-01	3.72e-05	0.00e+00	0.00e+00	0.00e+00	0.00e+00	0.00e+00	0.00e+00	8.79e-01	1.48e-04	1.70e-04
 7.94588e+19	8.85e-01	1.15e-01	3.26e-05	0.00e+00	0.00e+00	0.00e+00	0.00e+00	0.00e+00	0.00e+00	8.84e-01	1.46e-04	1.67e-04
 7.94851e+19	8.90e-01	1.10e-01	2.85e-05	0.00e+00	0.00e+00	0.00e+00	0.00e+00	0.00e+00	0.00e+00	8.89e-01	1.43e-04	1.64e-04
 7.95110e+19	8.94e-01	1.06e-01	2.51e-05	0.00e+00	0.00e+00	0.00e+00	0.00e+00	0.00e+00	0.00e+00	8.94e-01	1.41e-04	1.61e-04
 7.95365e+19	8.99e-01	1.01e-01	2.20e-05	0.00e+00	0.00e+00	0.00e+00	0.00e+00	0.00e+00	0.00e+00	8.98e-01	1.39e-04	1.58e-04
 7.95620e+19	9.03e-01	9.71e-02	1.93e-05	0.00e+00	0.00e+00	0.00e+00	0.00e+00	0.00e+00	0.00e+00	9.03e-01	1.37e-04	1.55e-04
 7.95873e+19	9.07e-01	9.30e-02	1.70e-05	0.00e+00	0.00e+00	0.00e+00	0.00e+00	0.00e+00	0.00e+00	9.07e-01	1.34e-04	1.53e-04
 7.96122e+19	9.11e-01	8.92e-02	1.49e-05	0.00e+00	0.00e+00	0.00e+00	0.00e+00	0.00e+00	0.00e+00	9.11e-01	1.32e-04	1.50e-04
 7.96369e+19	9.15e-01	8.55e-02	1.31e-05	0.00e+00	0.00e+00	0.00e+00	0.00e+00	0.00e+00	0.00e+00	9.14e-01	1.30e-04	1.48e-04
 7.96613e+19	9.18e-01	8.20e-02	1.16e-05	0.00e+00	0.00e+00	0.00e+00	0.00e+00	0.00e+00	0.00e+00	9.18e-01	1.28e-04	1.46e-04
 7.96854e+19	9.21e-01	7.86e-02	1.02e-05	0.00e+00	0.00e+00	0.00e+00	0.00e+00	0.00e+00	0.00e+00	9.21e-01	1.26e-04	1.43e-04
 7.97095e+19	9.25e-01	7.55e-02	8.99e-06	0.00e+00	0.00e+00	0.00e+00	0.00e+00	0.00e+00	0.00e+00	9.24e-01	1.25e-04	1.41e-04
 7.97334e+19	9.28e-01	7.23e-02	7.93e-06	0.00e+00	0.00e+00	0.00e+00	0.00e+00	0.00e+00	0.00e+00	9.27e-01	1.23e-04	1.39e-04
 7.97571e+19	9.31e-01	6.94e-02	7.00e-06	0.00e+00	0.00e+00	0.00e+00	0.00e+00	0.00e+00	0.00e+00	9.30e-01	1.21e-04	1.37e-04
 7.97805e+19	9.33e-01	6.66e-02	6.18e-06	0.00e+00	0.00e+00	0.00e+00	0.00e+00	0.00e+00	0.00e+00	9.33e-01	1.19e-04	1.35e-04
 7.98038e+19	9.36e-01	6.40e-02	5.47e-06	0.00e+00	0.00e+00	0.00e+00	0.00e+00	0.00e+00	0.00e+00	9.36e-01	1.18e-04	1.33e-04
 7.98268e+19	9.39e-01	6.14e-02	4.84e-06	0.00e+00	0.00e+00	0.00e+00	0.00e+00	0.00e+00	0.00e+00	9.38e-01	1.16e-04	1.32e-04
 7.98497e+19	9.41e-01	5.90e-02	4.28e-06	0.00e+00	0.00e+00	0.00e+00	0.00e+00	0.00e+00	0.00e+00	9.41e-01	1.15e-04	1.30e-04
 7.98726e+19	9.43e-01	5.66e-02	3.79e-06	0.00e+00	0.00e+00	0.00e+00	0.00e+00	0.00e+00	0.00e+00	9.43e-01	1.13e-04	1.28e-04
 7.98952e+19	9.46e-01	5.44e-02	3.36e-06	0.00e+00	0.00e+00	0.00e+00	0.00e+00	0.00e+00	0.00e+00	9.45e-01	1.12e-04	1.27e-04
 7.99177e+19	9.48e-01	5.22e-02	2.98e-06	0.00e+00	0.00e+00	0.00e+00	0.00e+00	0.00e+00	0.00e+00	9.48e-01	1.11e-04	1.25e-04
 7.99400e+19	9.50e-01	5.02e-02	2.65e-06	0.00e+00	0.00e+00	0.00e+00	0.00e+00	0.00e+00	0.00e+00	9.50e-01	1.10e-04	1.24e-04
 7.99623e+19	9.52e-01	4.82e-02	2.35e-06	0.00e+00	0.00e+00	0.00e+00	0.00e+00	0.00e+00	0.00e+00	9.52e-01	1.08e-04	1.22e-04
 7.99844e+19	9.54e-01	4.64e-02	2.09e-06	0.00e+00	0.00e+00	0.00e+00	0.00e+00	0.00e+00	0.00e+00	9.53e-01	1.07e-04	1.21e-04
 8.00063e+19	9.55e-01	4.45e-02	1.85e-06	0.00e+00	0.00e+00	0.00e+00	0.00e+00	0.00e+00	0.00e+00	9.55e-01	1.06e-04	1.19e-04
 8.00282e+19	9.57e-01	4.29e-02	1.65e-06	0.00e+00	0.00e+00	0.00e+00	0.00e+00	0.00e+00	0.00e+00	9.57e-01	1.05e-04	1.18e-04
 8.00499e+19	9.59e-01	4.12e-02	1.47e-06	0.00e+00	0.00e+00	0.00e+00	0.00e+00	0.00e+00	0.00e+00	9.59e-01	1.04e-04	1.17e-04
 8.00714e+19	9.60e-01	3.96e-02	1.31e-06	0.00e+00	0.00e+00	0.00e+00	0.00e+00	0.00e+00	0.00e+00	9.60e-01	1.03e-04	1.16e-04
 8.00928e+19	9.62e-01	3.81e-02	1.16e-06	0.00e+00	0.00e+00	0.00e+00	0.00e+00	0.00e+00	0.00e+00	9.62e-01	1.02e-04	1.14e-04
 8.01143e+19	9.63e-01	3.66e-02	1.04e-06	0.00e+00	0.00e+00	0.00e+00	0.00e+00	0.00e+00	0.00e+00	9.63e-01	1.01e-04	1.13e-04
 8.01357e+19	9.65e-01	3.52e-02	9.23e-07	0.00e+00	0.00e+00	0.00e+00	0.00e+00	0.00e+00	0.00e+00	9.65e-01	1.00e-04	1.12e-04
 8.01569e+19	9.66e-01	3.39e-02	8.24e-07	0.00e+00	0.00e+00	0.00e+00	0.00e+00	0.00e+00	0.00e+00	9.66e-01	9.93e-05	1.11e-04
 8.01779e+19	9.67e-01	3.26e-02	7.35e-07	0.00e+00	0.00e+00	0.00e+00	0.00e+00	0.00e+00	0.00e+00	9.67e-01	9.85e-05	1.10e-04
 8.01988e+19	9.69e-01	3.13e-02	6.57e-07	0.00e+00	0.00e+00	0.00e+00	0.00e+00	0.00e+00	0.00e+00	9.68e-01	9.77e-05	1.09e-04
 8.02197e+19	9.70e-01	3.01e-02	5.87e-07	0.00e+00	0.00e+00	0.00e+00	0.00e+00	0.00e+00	0.00e+00	9.70e-01	9.69e-05	1.08e-04
 8.02406e+19	9.71e-01	2.90e-02	5.24e-07	0.00e+00	0.00e+00	0.00e+00	0.00e+00	0.00e+00	0.00e+00	9.71e-01	9.61e-05	1.07e-04
 8.02613e+19	9.72e-01	2.79e-02	4.69e-07	0.00e+00	0.00e+00	0.00e+00	0.00e+00	0.00e+00	0.00e+00	9.72e-01	9.54e-05	1.07e-04
 8.02818e+19	9.73e-01	2.68e-02	4.20e-07	0.00e+00	0.00e+00	0.00e+00	0.00e+00	0.00e+00	0.00e+00	9.73e-01	9.46e-05	1.06e-04
 8.03021e+19	9.74e-01	2.58e-02	3.77e-07	0.00e+00	0.00e+00	0.00e+00	0.00e+00	0.00e+00	0.00e+00	9.74e-01	9.39e-05	1.05e-04
 8.03224e+19	9.75e-01	2.48e-02	3.38e-07	0.00e+00	0.00e+00	0.00e+00	0.00e+00	0.00e+00	0.00e+00	9.75e-01	9.33e-05	1.04e-04
 8.03424e+19	9.76e-01	2.39e-02	3.04e-07	0.00e+00	0.00e+00	0.00e+00	0.00e+00	0.00e+00	0.00e+00	9.76e-01	9.26e-05	1.03e-04
 8.03622e+19	9.77e-01	2.29e-02	2.73e-07	0.00e+00	0.00e+00	0.00e+00	0.00e+00	0.00e+00	0.00e+00	9.77e-01	9.19e-05	1.02e-04
 8.03816e+19	9.78e-01	2.21e-02	2.47e-07	0.00e+00	0.00e+00	0.00e+00	0.00e+00	0.00e+00	0.00e+00	9.78e-01	9.12e-05	1.01e-04
 8.04009e+19	9.79e-01	2.12e-02	2.22e-07	0.00e+00	0.00e+00	0.00e+00	0.00e+00	0.00e+00	0.00e+00	9.79e-01	9.05e-05	1.00e-04
 8.04202e+19	9.80e-01	2.03e-02	2.01e-07	0.00e+00	0.00e+00	0.00e+00	0.00e+00	0.00e+00	0.00e+00	9.79e-01	8.98e-05	9.93e-05
 8.04391e+19	9.80e-01	1.95e-02	1.82e-07	0.00e+00	0.00e+00	0.00e+00	0.00e+00	0.00e+00	0.00e+00	9.80e-01	8.91e-05	9.83e-05
 8.04570e+19	9.81e-01	1.87e-02	1.65e-07	0.00e+00	0.00e+00	0.00e+00	0.00e+00	0.00e+00	0.00e+00	9.81e-01	8.84e-05	9.74e-05
 8.04742e+19	9.82e-01	1.79e-02	1.51e-07	0.00e+00	0.00e+00	0.00e+00	0.00e+00	0.00e+00	0.00e+00	9.82e-01	8.77e-05	9.64e-05
 8.04911e+19	9.83e-01	1.72e-02	1.38e-07	0.00e+00	0.00e+00	0.00e+00	0.00e+00	0.00e+00	0.00e+00	9.83e-01	8.70e-05	9.54e-05
 8.05069e+19	9.84e-01	1.65e-02	1.28e-07	0.00e+00	0.00e+00	0.00e+00	0.00e+00	0.00e+00	0.00e+00	9.83e-01	8.63e-05	9.44e-05
 8.05204e+19	9.84e-01	1.59e-02	1.19e-07	0.00e+00	0.00e+00	0.00e+00	0.00e+00	0.00e+00	0.00e+00	9.84e-01	8.57e-05	9.36e-05
 8.05319e+19	9.85e-01	1.54e-02	1.13e-07	0.00e+00	0.00e+00	0.00e+00	0.00e+00	0.00e+00	0.00e+00	9.84e-01	8.52e-05	9.28e-05
 8.05422e+19	9.85e-01	1.49e-02	1.07e-07	0.00e+00	0.00e+00	0.00e+00	0.00e+00	0.00e+00	0.00e+00	9.85e-01	8.47e-05	9.21e-05
 8.05517e+19	9.85e-01	1.45e-02	1.02e-07	0.00e+00	0.00e+00	0.00e+00	0.00e+00	0.00e+00	0.00e+00	9.85e-01	8.43e-05	9.15e-05
 8.05605e+19	9.86e-01	1.41e-02	9.74e-08	0.00e+00	0.00e+00	0.00e+00	0.00e+00	0.00e+00	0.00e+00	9.86e-01	8.38e-05	9.09e-05
 8.05688e+19	9.86e-01	1.37e-02	9.33e-08	0.00e+00	0.00e+00	0.00e+00	0.00e+00	0.00e+00	0.00e+00	9.86e-01	8.34e-05	9.03e-05
 8.05764e+19	9.87e-01	1.34e-02	8.97e-08	0.00e+00	0.00e+00	0.00e+00	0.00e+00	0.00e+00	0.00e+00	9.86e-01	8.30e-05	8.97e-05
 8.05835e+19	9.87e-01	1.30e-02	8.65e-08	0.00e+00	0.00e+00	0.00e+00	0.00e+00	0.00e+00	0.00e+00	9.87e-01	8.26e-05	8.91e-05
 8.05902e+19	9.87e-01	1.27e-02	8.36e-08	0.00e+00	0.00e+00	0.00e+00	0.00e+00	0.00e+00	0.00e+00	9.87e-01	8.22e-05	8.86e-05
 8.05964e+19	9.88e-01	1.24e-02	8.09e-08	0.00e+00	0.00e+00	0.00e+00	0.00e+00	0.00e+00	0.00e+00	9.87e-01	8.18e-05	8.81e-05
 8.06023e+19	9.88e-01	1.21e-02	7.84e-08	0.00e+00	0.00e+00	0.00e+00	0.00e+00	0.00e+00	0.00e+00	9.88e-01	8.14e-05	8.76e-05
 8.06077e+19	9.88e-01	1.18e-02	7.60e-08	0.00e+00	0.00e+00	0.00e+00	0.00e+00	0.00e+00	0.00e+00	9.88e-01	8.10e-05	8.71e-05
 8.06129e+19	9.88e-01	1.15e-02	7.37e-08	0.00e+00	0.00e+00	0.00e+00	0.00e+00	0.00e+00	0.00e+00	9.88e-01	8.06e-05	8.66e-05
