#depth	O	O+	O+2	O+3	O+4	O+5	O+6	O+7	O+8	O[1]	O[2]	O[3]
 1.41383e+14	2.08e-09	4.53e-04	9.10e-01	8.95e-02	1.57e-05	0.00e+00	0.00e+00	0.00e+00	0.00e+00	2.05e-09	1.23e-11	1.40e-11
 8.48296e+14	2.08e-09	4.54e-04	9.10e-01	8.92e-02	1.56e-05	0.00e+00	0.00e+00	0.00e+00	0.00e+00	2.05e-09	1.24e-11	1.40e-11
 3.67595e+15	2.09e-09	4.55e-04	9.12e-01	8.78e-02	1.53e-05	0.00e+00	0.00e+00	0.00e+00	0.00e+00	2.07e-09	1.24e-11	1.41e-11
 1.49866e+16	2.14e-09	4.61e-04	9.17e-01	8.26e-02	1.40e-05	0.00e+00	0.00e+00	0.00e+00	0.00e+00	2.11e-09	1.27e-11	1.44e-11
 3.57981e+16	2.23e-09	4.72e-04	9.24e-01	7.50e-02	1.22e-05	0.00e+00	0.00e+00	0.00e+00	0.00e+00	2.20e-09	1.32e-11	1.49e-11
 6.28530e+16	2.35e-09	4.86e-04	9.34e-01	6.60e-02	1.02e-05	0.00e+00	0.00e+00	0.00e+00	0.00e+00	2.32e-09	1.38e-11	1.57e-11
 9.80245e+16	2.50e-09	5.03e-04	9.44e-01	5.55e-02	8.01e-06	0.00e+00	0.00e+00	0.00e+00	0.00e+00	2.47e-09	1.46e-11	1.66e-11
 1.43747e+17	2.70e-09	5.26e-04	9.56e-01	4.39e-02	5.80e-06	0.00e+00	0.00e+00	0.00e+00	0.00e+00	2.66e-09	1.56e-11	1.78e-11
 2.03187e+17	2.95e-09	5.52e-04	9.67e-01	3.20e-02	3.77e-06	0.00e+00	0.00e+00	0.00e+00	0.00e+00	2.92e-09	1.69e-11	1.93e-11
 2.80459e+17	3.33e-09	5.88e-04	9.79e-01	2.07e-02	2.11e-06	0.00e+00	0.00e+00	0.00e+00	0.00e+00	3.29e-09	1.88e-11	2.15e-11
 3.72157e+17	3.77e-09	6.27e-04	9.87e-01	1.22e-02	1.05e-06	0.00e+00	0.00e+00	0.00e+00	0.00e+00	3.73e-09	2.10e-11	2.40e-11
 4.75946e+17	4.32e-09	6.71e-04	9.93e-01	6.62e-03	4.81e-07	0.00e+00	0.00e+00	0.00e+00	0.00e+00	4.27e-09	2.37e-11	2.72e-11
 6.01891e+17	5.05e-09	7.23e-04	9.96e-01	3.17e-03	1.97e-07	0.00e+00	0.00e+00	0.00e+00	0.00e+00	4.99e-09	2.73e-11	3.13e-11
 7.59819e+17	6.09e-09	7.91e-04	9.98e-01	1.30e-03	0.00e+00	0.00e+00	0.00e+00	0.00e+00	0.00e+00	6.02e-09	3.24e-11	3.73e-11
 9.38826e+17	7.47e-09	8.70e-04	9.99e-01	5.21e-04	0.00e+00	0.00e+00	0.00e+00	0.00e+00	0.00e+00	7.38e-09	3.91e-11	4.49e-11
 1.11705e+18	9.08e-09	9.53e-04	9.99e-01	2.39e-04	0.00e+00	0.00e+00	0.00e+00	0.00e+00	0.00e+00	8.98e-09	4.70e-11	5.39e-11
 1.30239e+18	1.10e-08	1.04e-03	9.99e-01	1.26e-04	0.00e+00	0.00e+00	0.00e+00	0.00e+00	0.00e+00	1.09e-08	5.63e-11	6.46e-11
 1.50310e+18	1.35e-08	1.15e-03	9.99e-01	7.50e-05	0.00e+00	0.00e+00	0.00e+00	0.00e+00	0.00e+00	1.34e-08	6.86e-11	7.87e-11
 1.70687e+18	1.65e-08	1.26e-03	9.99e-01	5.06e-05	0.00e+00	0.00e+00	0.00e+00	0.00e+00	0.00e+00	1.63e-08	8.29e-11	9.50e-11
 1.91880e+18	2.02e-08	1.38e-03	9.99e-01	3.65e-05	0.00e+00	0.00e+00	0.00e+00	0.00e+00	0.00e+00	1.99e-08	1.01e-10	1.15e-10
 2.13073e+18	2.46e-08	1.51e-03	9.98e-01	2.78e-05	0.00e+00	0.00e+00	0.00e+00	0.00e+00	0.00e+00	2.43e-08	1.22e-10	1.40e-10
 2.34381e+18	2.97e-08	1.64e-03	9.98e-01	2.18e-05	0.00e+00	0.00e+00	0.00e+00	0.00e+00	0.00e+00	2.94e-08	1.47e-10	1.68e-10
 2.57819e+18	3.63e-08	1.80e-03	9.98e-01	1.71e-05	0.00e+00	0.00e+00	0.00e+00	0.00e+00	0.00e+00	3.60e-08	1.79e-10	2.05e-10
 2.82928e+18	4.49e-08	1.98e-03	9.98e-01	1.34e-05	0.00e+00	0.00e+00	0.00e+00	0.00e+00	0.00e+00	4.44e-08	2.21e-10	2.52e-10
 3.06321e+18	5.43e-08	2.16e-03	9.98e-01	1.10e-05	0.00e+00	0.00e+00	0.00e+00	0.00e+00	0.00e+00	5.37e-08	2.66e-10	3.04e-10
 3.26896e+18	6.42e-08	2.33e-03	9.98e-01	9.22e-06	0.00e+00	0.00e+00	0.00e+00	0.00e+00	0.00e+00	6.35e-08	3.15e-10	3.59e-10
 3.49930e+18	7.67e-08	2.52e-03	9.97e-01	7.64e-06	0.00e+00	0.00e+00	0.00e+00	0.00e+00	0.00e+00	7.59e-08	3.76e-10	4.29e-10
 3.77639e+18	9.45e-08	2.77e-03	9.97e-01	6.19e-06	0.00e+00	0.00e+00	0.00e+00	0.00e+00	0.00e+00	9.35e-08	4.64e-10	5.28e-10
 4.05820e+18	1.16e-07	3.04e-03	9.97e-01	5.06e-06	0.00e+00	0.00e+00	0.00e+00	0.00e+00	0.00e+00	1.15e-07	5.71e-10	6.51e-10
 4.32105e+18	1.40e-07	3.30e-03	9.97e-01	4.24e-06	0.00e+00	0.00e+00	0.00e+00	0.00e+00	0.00e+00	1.39e-07	6.89e-10	7.84e-10
 4.61229e+18	1.73e-07	3.61e-03	9.96e-01	3.49e-06	0.00e+00	0.00e+00	0.00e+00	0.00e+00	0.00e+00	1.71e-07	8.49e-10	9.66e-10
 4.94539e+18	2.16e-07	3.98e-03	9.96e-01	2.85e-06	0.00e+00	0.00e+00	0.00e+00	0.00e+00	0.00e+00	2.14e-07	1.06e-09	1.21e-09
 5.27825e+18	2.71e-07	4.40e-03	9.96e-01	2.34e-06	0.00e+00	0.00e+00	0.00e+00	0.00e+00	0.00e+00	2.68e-07	1.34e-09	1.52e-09
 5.60123e+18	3.34e-07	4.82e-03	9.95e-01	1.95e-06	0.00e+00	0.00e+00	0.00e+00	0.00e+00	0.00e+00	3.31e-07	1.66e-09	1.88e-09
 5.95070e+18	4.17e-07	5.30e-03	9.95e-01	1.62e-06	0.00e+00	0.00e+00	0.00e+00	0.00e+00	0.00e+00	4.13e-07	2.07e-09	2.36e-09
 6.33735e+18	5.29e-07	5.87e-03	9.94e-01	1.33e-06	0.00e+00	0.00e+00	0.00e+00	0.00e+00	0.00e+00	5.23e-07	2.63e-09	2.99e-09
 6.73946e+18	6.77e-07	6.53e-03	9.93e-01	1.09e-06	0.00e+00	0.00e+00	0.00e+00	0.00e+00	0.00e+00	6.70e-07	3.39e-09	3.85e-09
 7.15765e+18	8.69e-07	7.26e-03	9.93e-01	8.97e-07	0.00e+00	0.00e+00	0.00e+00	0.00e+00	0.00e+00	8.59e-07	4.37e-09	4.96e-09
 7.59257e+18	1.12e-06	8.08e-03	9.92e-01	7.40e-07	0.00e+00	0.00e+00	0.00e+00	0.00e+00	0.00e+00	1.11e-06	5.65e-09	6.41e-09
 8.04488e+18	1.45e-06	9.00e-03	9.91e-01	6.12e-07	0.00e+00	0.00e+00	0.00e+00	0.00e+00	0.00e+00	1.43e-06	7.32e-09	8.30e-09
 8.51529e+18	1.88e-06	1.01e-02	9.90e-01	5.07e-07	0.00e+00	0.00e+00	0.00e+00	0.00e+00	0.00e+00	1.86e-06	9.57e-09	1.08e-08
 9.00452e+18	2.49e-06	1.13e-02	9.89e-01	4.19e-07	0.00e+00	0.00e+00	0.00e+00	0.00e+00	0.00e+00	2.46e-06	1.27e-08	1.44e-08
 9.51331e+18	3.30e-06	1.27e-02	9.87e-01	3.47e-07	0.00e+00	0.00e+00	0.00e+00	0.00e+00	0.00e+00	3.26e-06	1.68e-08	1.91e-08
 1.00425e+19	4.43e-06	1.43e-02	9.86e-01	2.87e-07	0.00e+00	0.00e+00	0.00e+00	0.00e+00	0.00e+00	4.38e-06	2.27e-08	2.57e-08
 1.05928e+19	6.00e-06	1.62e-02	9.84e-01	2.39e-07	0.00e+00	0.00e+00	0.00e+00	0.00e+00	0.00e+00	5.94e-06	3.08e-08	3.49e-08
 1.11526e+19	8.20e-06	1.83e-02	9.82e-01	1.99e-07	0.00e+00	0.00e+00	0.00e+00	0.00e+00	0.00e+00	8.11e-06	4.21e-08	4.76e-08
 1.16976e+19	1.12e-05	2.07e-02	9.79e-01	1.68e-07	0.00e+00	0.00e+00	0.00e+00	0.00e+00	0.00e+00	1.11e-05	5.73e-08	6.48e-08
 1.22129e+19	1.51e-05	2.33e-02	9.77e-01	1.43e-07	0.00e+00	0.00e+00	0.00e+00	0.00e+00	0.00e+00	1.50e-05	7.73e-08	8.74e-08
 1.26998e+19	2.03e-05	2.62e-02	9.74e-01	0.00e+00	0.00e+00	0.00e+00	0.00e+00	0.00e+00	0.00e+00	2.01e-05	1.03e-07	1.17e-07
 1.31639e+19	2.78e-05	2.97e-02	9.70e-01	0.00e+00	0.00e+00	0.00e+00	0.00e+00	0.00e+00	0.00e+00	2.75e-05	1.42e-07	1.60e-07
 1.35945e+19	3.72e-05	3.33e-02	9.67e-01	0.00e+00	0.00e+00	0.00e+00	0.00e+00	0.00e+00	0.00e+00	3.68e-05	1.89e-07	2.13e-07
 1.39908e+19	4.93e-05	3.72e-02	9.63e-01	0.00e+00	0.00e+00	0.00e+00	0.00e+00	0.00e+00	0.00e+00	4.87e-05	2.49e-07	2.81e-07
 1.43715e+19	6.58e-05	4.18e-02	9.58e-01	0.00e+00	0.00e+00	0.00e+00	0.00e+00	0.00e+00	0.00e+00	6.51e-05	3.30e-07	3.72e-07
 1.47380e+19	8.87e-05	4.72e-02	9.53e-01	0.00e+00	0.00e+00	0.00e+00	0.00e+00	0.00e+00	0.00e+00	8.77e-05	4.42e-07	4.99e-07
 1.50408e+19	1.15e-04	5.27e-02	9.47e-01	0.00e+00	0.00e+00	0.00e+00	0.00e+00	0.00e+00	0.00e+00	1.14e-04	5.73e-07	6.45e-07
 1.52638e+19	1.42e-04	5.75e-02	9.42e-01	0.00e+00	0.00e+00	0.00e+00	0.00e+00	0.00e+00	0.00e+00	1.41e-04	7.03e-07	7.93e-07
 1.54907e+19	1.80e-04	6.36e-02	9.36e-01	0.00e+00	0.00e+00	0.00e+00	0.00e+00	0.00e+00	0.00e+00	1.78e-04	8.84e-07	9.96e-07
 1.57332e+19	2.34e-04	7.12e-02	9.29e-01	0.00e+00	0.00e+00	0.00e+00	0.00e+00	0.00e+00	0.00e+00	2.31e-04	1.14e-06	1.29e-06
 1.59358e+19	2.96e-04	7.90e-02	9.21e-01	0.00e+00	0.00e+00	0.00e+00	0.00e+00	0.00e+00	0.00e+00	2.93e-04	1.44e-06	1.62e-06
 1.61002e+19	3.64e-04	8.68e-02	9.13e-01	0.00e+00	0.00e+00	0.00e+00	0.00e+00	0.00e+00	0.00e+00	3.61e-04	1.77e-06	2.00e-06
 1.62507e+19	4.47e-04	9.52e-02	9.04e-01	0.00e+00	0.00e+00	0.00e+00	0.00e+00	0.00e+00	0.00e+00	4.42e-04	2.17e-06	2.44e-06
 1.63986e+19	5.54e-04	1.05e-01	8.94e-01	0.00e+00	0.00e+00	0.00e+00	0.00e+00	0.00e+00	0.00e+00	5.48e-04	2.68e-06	3.02e-06
 1.65409e+19	6.91e-04	1.16e-01	8.83e-01	0.00e+00	0.00e+00	0.00e+00	0.00e+00	0.00e+00	0.00e+00	6.84e-04	3.34e-06	3.77e-06
 1.66653e+19	8.49e-04	1.28e-01	8.71e-01	0.00e+00	0.00e+00	0.00e+00	0.00e+00	0.00e+00	0.00e+00	8.40e-04	4.11e-06	4.62e-06
 1.67695e+19	1.02e-03	1.39e-01	8.60e-01	0.00e+00	0.00e+00	0.00e+00	0.00e+00	0.00e+00	0.00e+00	1.01e-03	4.93e-06	5.56e-06
 1.68661e+19	1.23e-03	1.52e-01	8.47e-01	0.00e+00	0.00e+00	0.00e+00	0.00e+00	0.00e+00	0.00e+00	1.21e-03	5.93e-06	6.67e-06
 1.69619e+19	1.49e-03	1.66e-01	8.33e-01	0.00e+00	0.00e+00	0.00e+00	0.00e+00	0.00e+00	0.00e+00	1.47e-03	7.20e-06	8.10e-06
 1.70545e+19	1.81e-03	1.82e-01	8.16e-01	0.00e+00	0.00e+00	0.00e+00	0.00e+00	0.00e+00	0.00e+00	1.79e-03	8.78e-06	9.89e-06
 1.71401e+19	2.20e-03	1.99e-01	7.98e-01	0.00e+00	0.00e+00	0.00e+00	0.00e+00	0.00e+00	0.00e+00	2.18e-03	1.07e-05	1.20e-05
 1.72189e+19	2.67e-03	2.18e-01	7.79e-01	0.00e+00	0.00e+00	0.00e+00	0.00e+00	0.00e+00	0.00e+00	2.64e-03	1.29e-05	1.46e-05
 1.72927e+19	3.23e-03	2.38e-01	7.59e-01	0.00e+00	0.00e+00	0.00e+00	0.00e+00	0.00e+00	0.00e+00	3.19e-03	1.57e-05	1.76e-05
 1.73632e+19	3.91e-03	2.60e-01	7.36e-01	0.00e+00	0.00e+00	0.00e+00	0.00e+00	0.00e+00	0.00e+00	3.87e-03	1.90e-05	2.14e-05
 1.74301e+19	4.77e-03	2.84e-01	7.11e-01	0.00e+00	0.00e+00	0.00e+00	0.00e+00	0.00e+00	0.00e+00	4.72e-03	2.32e-05	2.62e-05
 1.74920e+19	5.79e-03	3.10e-01	6.84e-01	0.00e+00	0.00e+00	0.00e+00	0.00e+00	0.00e+00	0.00e+00	5.73e-03	2.83e-05	3.18e-05
 1.75493e+19	7.00e-03	3.37e-01	6.56e-01	0.00e+00	0.00e+00	0.00e+00	0.00e+00	0.00e+00	0.00e+00	6.93e-03	3.42e-05	3.86e-05
 1.76036e+19	8.47e-03	3.66e-01	6.26e-01	0.00e+00	0.00e+00	0.00e+00	0.00e+00	0.00e+00	0.00e+00	8.38e-03	4.15e-05	4.68e-05
 1.76553e+19	1.03e-02	3.97e-01	5.93e-01	0.00e+00	0.00e+00	0.00e+00	0.00e+00	0.00e+00	0.00e+00	1.02e-02	5.05e-05	5.69e-05
 1.77041e+19	1.25e-02	4.29e-01	5.58e-01	0.00e+00	0.00e+00	0.00e+00	0.00e+00	0.00e+00	0.00e+00	1.23e-02	6.15e-05	6.92e-05
 1.77499e+19	1.51e-02	4.63e-01	5.22e-01	0.00e+00	0.00e+00	0.00e+00	0.00e+00	0.00e+00	0.00e+00	1.50e-02	7.47e-05	8.41e-05
 1.77930e+19	1.83e-02	4.98e-01	4.83e-01	0.00e+00	0.00e+00	0.00e+00	0.00e+00	0.00e+00	0.00e+00	1.81e-02	9.07e-05	1.02e-04
 1.78336e+19	2.22e-02	5.34e-01	4.44e-01	0.00e+00	0.00e+00	0.00e+00	0.00e+00	0.00e+00	0.00e+00	2.19e-02	1.10e-04	1.24e-04
 1.78720e+19	2.69e-02	5.70e-01	4.03e-01	0.00e+00	0.00e+00	0.00e+00	0.00e+00	0.00e+00	0.00e+00	2.66e-02	1.34e-04	1.51e-04
 1.79084e+19	3.26e-02	6.06e-01	3.62e-01	0.00e+00	0.00e+00	0.00e+00	0.00e+00	0.00e+00	0.00e+00	3.22e-02	1.63e-04	1.83e-04
 1.79427e+19	3.95e-02	6.40e-01	3.20e-01	0.00e+00	0.00e+00	0.00e+00	0.00e+00	0.00e+00	0.00e+00	3.91e-02	1.98e-04	2.23e-04
 1.79751e+19	4.79e-02	6.73e-01	2.79e-01	0.00e+00	0.00e+00	0.00e+00	0.00e+00	0.00e+00	0.00e+00	4.74e-02	2.41e-04	2.71e-04
 1.80055e+19	5.79e-02	7.02e-01	2.40e-01	0.00e+00	0.00e+00	0.00e+00	0.00e+00	0.00e+00	0.00e+00	5.73e-02	2.91e-04	3.28e-04
 1.80343e+19	7.02e-02	7.28e-01	2.02e-01	0.00e+00	0.00e+00	0.00e+00	0.00e+00	0.00e+00	0.00e+00	6.94e-02	3.54e-04	3.99e-04
 1.80617e+19	8.51e-02	7.49e-01	1.66e-01	0.00e+00	0.00e+00	0.00e+00	0.00e+00	0.00e+00	0.00e+00	8.42e-02	4.30e-04	4.85e-04
 1.80836e+19	1.00e-01	7.61e-01	1.39e-01	0.00e+00	0.00e+00	0.00e+00	0.00e+00	0.00e+00	0.00e+00	9.89e-02	5.06e-04	5.70e-04
 1.80987e+19	1.12e-01	7.67e-01	1.21e-01	0.00e+00	0.00e+00	0.00e+00	0.00e+00	0.00e+00	0.00e+00	1.11e-01	5.67e-04	6.40e-04
 1.81135e+19	1.27e-01	7.70e-01	1.03e-01	0.00e+00	0.00e+00	0.00e+00	0.00e+00	0.00e+00	0.00e+00	1.25e-01	6.40e-04	7.22e-04
 1.81295e+19	1.44e-01	7.70e-01	8.57e-02	0.00e+00	0.00e+00	0.00e+00	0.00e+00	0.00e+00	0.00e+00	1.43e-01	7.29e-04	8.23e-04
 1.81433e+19	1.62e-01	7.66e-01	7.18e-02	0.00e+00	0.00e+00	0.00e+00	0.00e+00	0.00e+00	0.00e+00	1.60e-01	8.18e-04	9.24e-04
 1.81547e+19	1.79e-01	7.60e-01	6.10e-02	0.00e+00	0.00e+00	0.00e+00	0.00e+00	0.00e+00	0.00e+00	1.77e-01	9.03e-04	1.02e-03
 1.81652e+19	1.97e-01	7.51e-01	5.18e-02	0.00e+00	0.00e+00	0.00e+00	0.00e+00	0.00e+00	0.00e+00	1.95e-01	9.89e-04	1.12e-03
 1.81756e+19	2.17e-01	7.40e-01	4.35e-02	0.00e+00	0.00e+00	0.00e+00	0.00e+00	0.00e+00	0.00e+00	2.15e-01	1.08e-03	1.22e-03
 1.81856e+19	2.38e-01	7.25e-01	3.62e-02	0.00e+00	0.00e+00	0.00e+00	0.00e+00	0.00e+00	0.00e+00	2.36e-01	1.19e-03	1.34e-03
 1.81950e+19	2.61e-01	7.09e-01	3.00e-02	0.00e+00	0.00e+00	0.00e+00	0.00e+00	0.00e+00	0.00e+00	2.58e-01	1.29e-03	1.46e-03
 1.82037e+19	2.84e-01	6.91e-01	2.49e-02	0.00e+00	0.00e+00	0.00e+00	0.00e+00	0.00e+00	0.00e+00	2.81e-01	1.39e-03	1.57e-03
 1.82118e+19	3.07e-01	6.72e-01	2.06e-02	0.00e+00	0.00e+00	0.00e+00	0.00e+00	0.00e+00	0.00e+00	3.04e-01	1.50e-03	1.69e-03
 1.82197e+19	3.32e-01	6.51e-01	1.69e-02	0.00e+00	0.00e+00	0.00e+00	0.00e+00	0.00e+00	0.00e+00	3.29e-01	1.60e-03	1.81e-03
 1.82272e+19	3.58e-01	6.28e-01	1.38e-02	0.00e+00	0.00e+00	0.00e+00	0.00e+00	0.00e+00	0.00e+00	3.54e-01	1.71e-03	1.93e-03
 1.82344e+19	3.85e-01	6.04e-01	1.12e-02	0.00e+00	0.00e+00	0.00e+00	0.00e+00	0.00e+00	0.00e+00	3.81e-01	1.81e-03	2.05e-03
 1.82412e+19	4.12e-01	5.79e-01	9.04e-03	0.00e+00	0.00e+00	0.00e+00	0.00e+00	0.00e+00	0.00e+00	4.08e-01	1.92e-03	2.17e-03
 1.82478e+19	4.40e-01	5.53e-01	7.26e-03	0.00e+00	0.00e+00	0.00e+00	0.00e+00	0.00e+00	0.00e+00	4.36e-01	2.02e-03	2.28e-03
 1.82542e+19	4.68e-01	5.26e-01	5.79e-03	0.00e+00	0.00e+00	0.00e+00	0.00e+00	0.00e+00	0.00e+00	4.64e-01	2.11e-03	2.39e-03
 1.82603e+19	4.96e-01	4.99e-01	4.61e-03	0.00e+00	0.00e+00	0.00e+00	0.00e+00	0.00e+00	0.00e+00	4.92e-01	2.19e-03	2.48e-03
 1.82658e+19	5.23e-01	4.73e-01	3.70e-03	0.00e+00	0.00e+00	0.00e+00	0.00e+00	0.00e+00	0.00e+00	5.18e-01	2.27e-03	2.57e-03
 1.82707e+19	5.47e-01	4.50e-01	3.01e-03	0.00e+00	0.00e+00	0.00e+00	0.00e+00	0.00e+00	0.00e+00	5.42e-01	2.33e-03	2.64e-03
 1.82752e+19	5.69e-01	4.28e-01	2.48e-03	0.00e+00	0.00e+00	0.00e+00	0.00e+00	0.00e+00	0.00e+00	5.64e-01	2.38e-03	2.69e-03
 1.82793e+19	5.91e-01	4.07e-01	2.05e-03	0.00e+00	0.00e+00	0.00e+00	0.00e+00	0.00e+00	0.00e+00	5.85e-01	2.42e-03	2.74e-03
 1.82826e+19	6.07e-01	3.92e-01	1.77e-03	0.00e+00	0.00e+00	0.00e+00	0.00e+00	0.00e+00	0.00e+00	6.01e-01	2.45e-03	2.77e-03
 1.82848e+19	6.17e-01	3.81e-01	1.60e-03	0.00e+00	0.00e+00	0.00e+00	0.00e+00	0.00e+00	0.00e+00	6.12e-01	2.46e-03	2.79e-03
 1.82869e+19	6.28e-01	3.71e-01	1.44e-03	0.00e+00	0.00e+00	0.00e+00	0.00e+00	0.00e+00	0.00e+00	6.23e-01	2.48e-03	2.81e-03
 1.82893e+19	6.41e-01	3.58e-01	1.27e-03	0.00e+00	0.00e+00	0.00e+00	0.00e+00	0.00e+00	0.00e+00	6.35e-01	2.50e-03	2.83e-03
 1.82919e+19	6.53e-01	3.46e-01	1.12e-03	0.00e+00	0.00e+00	0.00e+00	0.00e+00	0.00e+00	0.00e+00	6.48e-01	2.51e-03	2.84e-03
 1.82942e+19	6.66e-01	3.33e-01	9.83e-04	0.00e+00	0.00e+00	0.00e+00	0.00e+00	0.00e+00	0.00e+00	6.60e-01	2.52e-03	2.85e-03
 1.82965e+19	6.77e-01	3.22e-01	8.73e-04	0.00e+00	0.00e+00	0.00e+00	0.00e+00	0.00e+00	0.00e+00	6.71e-01	2.53e-03	2.86e-03
 1.82987e+19	6.88e-01	3.11e-01	7.73e-04	0.00e+00	0.00e+00	0.00e+00	0.00e+00	0.00e+00	0.00e+00	6.82e-01	2.53e-03	2.87e-03
 1.83009e+19	6.99e-01	3.00e-01	6.80e-04	0.00e+00	0.00e+00	0.00e+00	0.00e+00	0.00e+00	0.00e+00	6.94e-01	2.54e-03	2.87e-03
 1.83031e+19	7.10e-01	2.89e-01	6.00e-04	0.00e+00	0.00e+00	0.00e+00	0.00e+00	0.00e+00	0.00e+00	7.05e-01	2.54e-03	2.87e-03
 1.83052e+19	7.21e-01	2.79e-01	5.29e-04	0.00e+00	0.00e+00	0.00e+00	0.00e+00	0.00e+00	0.00e+00	7.15e-01	2.54e-03	2.87e-03
 1.83073e+19	7.31e-01	2.68e-01	4.66e-04	0.00e+00	0.00e+00	0.00e+00	0.00e+00	0.00e+00	0.00e+00	7.26e-01	2.53e-03	2.87e-03
 1.83094e+19	7.41e-01	2.58e-01	4.10e-04	0.00e+00	0.00e+00	0.00e+00	0.00e+00	0.00e+00	0.00e+00	7.36e-01	2.53e-03	2.86e-03
 1.83114e+19	7.51e-01	2.48e-01	3.60e-04	0.00e+00	0.00e+00	0.00e+00	0.00e+00	0.00e+00	0.00e+00	7.46e-01	2.52e-03	2.85e-03
 1.83134e+19	7.61e-01	2.39e-01	3.17e-04	0.00e+00	0.00e+00	0.00e+00	0.00e+00	0.00e+00	0.00e+00	7.56e-01	2.50e-03	2.83e-03
 1.83154e+19	7.70e-01	2.29e-01	2.78e-04	0.00e+00	0.00e+00	0.00e+00	0.00e+00	0.00e+00	0.00e+00	7.65e-01	2.49e-03	2.82e-03
 1.83174e+19	7.79e-01	2.20e-01	2.44e-04	0.00e+00	0.00e+00	0.00e+00	0.00e+00	0.00e+00	0.00e+00	7.74e-01	2.48e-03	2.80e-03
 1.83193e+19	7.88e-01	2.11e-01	2.14e-04	0.00e+00	0.00e+00	0.00e+00	0.00e+00	0.00e+00	0.00e+00	7.83e-01	2.46e-03	2.78e-03
 1.83212e+19	7.97e-01	2.03e-01	1.87e-04	0.00e+00	0.00e+00	0.00e+00	0.00e+00	0.00e+00	0.00e+00	7.92e-01	2.45e-03	2.76e-03
 1.83231e+19	8.05e-01	1.95e-01	1.64e-04	0.00e+00	0.00e+00	0.00e+00	0.00e+00	0.00e+00	0.00e+00	8.00e-01	2.43e-03	2.74e-03
 1.83250e+19	8.13e-01	1.87e-01	1.44e-04	0.00e+00	0.00e+00	0.00e+00	0.00e+00	0.00e+00	0.00e+00	8.08e-01	2.41e-03	2.72e-03
 1.83269e+19	8.21e-01	1.79e-01	1.26e-04	0.00e+00	0.00e+00	0.00e+00	0.00e+00	0.00e+00	0.00e+00	8.16e-01	2.39e-03	2.70e-03
 1.83287e+19	8.29e-01	1.71e-01	1.10e-04	0.00e+00	0.00e+00	0.00e+00	0.00e+00	0.00e+00	0.00e+00	8.23e-01	2.37e-03	2.68e-03
 1.83305e+19	8.36e-01	1.64e-01	9.58e-05	0.00e+00	0.00e+00	0.00e+00	0.00e+00	0.00e+00	0.00e+00	8.31e-01	2.35e-03	2.65e-03
 1.83323e+19	8.43e-01	1.57e-01	8.36e-05	0.00e+00	0.00e+00	0.00e+00	0.00e+00	0.00e+00	0.00e+00	8.38e-01	2.33e-03	2.62e-03
 1.83341e+19	8.50e-01	1.50e-01	7.29e-05	0.00e+00	0.00e+00	0.00e+00	0.00e+00	0.00e+00	0.00e+00	8.45e-01	2.30e-03	2.60e-03
 1.83359e+19	8.56e-01	1.44e-01	6.36e-05	0.00e+00	0.00e+00	0.00e+00	0.00e+00	0.00e+00	0.00e+00	8.51e-01	2.28e-03	2.57e-03
 1.83376e+19	8.62e-01	1.38e-01	5.54e-05	0.00e+00	0.00e+00	0.00e+00	0.00e+00	0.00e+00	0.00e+00	8.58e-01	2.26e-03	2.55e-03
 1.83393e+19	8.68e-01	1.32e-01	4.83e-05	0.00e+00	0.00e+00	0.00e+00	0.00e+00	0.00e+00	0.00e+00	8.64e-01	2.24e-03	2.52e-03
 1.83410e+19	8.74e-01	1.26e-01	4.22e-05	0.00e+00	0.00e+00	0.00e+00	0.00e+00	0.00e+00	0.00e+00	8.69e-01	2.21e-03	2.49e-03
 1.83427e+19	8.79e-01	1.20e-01	3.69e-05	0.00e+00	0.00e+00	0.00e+00	0.00e+00	0.00e+00	0.00e+00	8.75e-01	2.19e-03	2.47e-03
 1.83443e+19	8.85e-01	1.15e-01	3.23e-05	0.00e+00	0.00e+00	0.00e+00	0.00e+00	0.00e+00	0.00e+00	8.80e-01	2.17e-03	2.44e-03
 1.83459e+19	8.90e-01	1.10e-01	2.82e-05	0.00e+00	0.00e+00	0.00e+00	0.00e+00	0.00e+00	0.00e+00	8.85e-01	2.15e-03	2.42e-03
 1.83474e+19	8.94e-01	1.06e-01	2.48e-05	0.00e+00	0.00e+00	0.00e+00	0.00e+00	0.00e+00	0.00e+00	8.90e-01	2.13e-03	2.39e-03
 1.83490e+19	8.99e-01	1.01e-01	2.17e-05	0.00e+00	0.00e+00	0.00e+00	0.00e+00	0.00e+00	0.00e+00	8.94e-01	2.11e-03	2.37e-03
 1.83505e+19	9.03e-01	9.70e-02	1.91e-05	0.00e+00	0.00e+00	0.00e+00	0.00e+00	0.00e+00	0.00e+00	8.99e-01	2.09e-03	2.34e-03
 1.83520e+19	9.07e-01	9.29e-02	1.67e-05	0.00e+00	0.00e+00	0.00e+00	0.00e+00	0.00e+00	0.00e+00	9.03e-01	2.07e-03	2.32e-03
 1.83534e+19	9.11e-01	8.91e-02	1.47e-05	0.00e+00	0.00e+00	0.00e+00	0.00e+00	0.00e+00	0.00e+00	9.07e-01	2.05e-03	2.30e-03
 1.83549e+19	9.15e-01	8.54e-02	1.29e-05	0.00e+00	0.00e+00	0.00e+00	0.00e+00	0.00e+00	0.00e+00	9.10e-01	2.03e-03	2.28e-03
 1.83563e+19	9.18e-01	8.18e-02	1.14e-05	0.00e+00	0.00e+00	0.00e+00	0.00e+00	0.00e+00	0.00e+00	9.14e-01	2.01e-03	2.25e-03
 1.83577e+19	9.22e-01	7.85e-02	1.00e-05	0.00e+00	0.00e+00	0.00e+00	0.00e+00	0.00e+00	0.00e+00	9.17e-01	2.00e-03	2.23e-03
 1.83591e+19	9.25e-01	7.53e-02	8.85e-06	0.00e+00	0.00e+00	0.00e+00	0.00e+00	0.00e+00	0.00e+00	9.21e-01	1.98e-03	2.21e-03
 1.83604e+19	9.28e-01	7.22e-02	7.81e-06	0.00e+00	0.00e+00	0.00e+00	0.00e+00	0.00e+00	0.00e+00	9.24e-01	1.96e-03	2.19e-03
 1.83618e+19	9.31e-01	6.92e-02	6.90e-06	0.00e+00	0.00e+00	0.00e+00	0.00e+00	0.00e+00	0.00e+00	9.27e-01	1.95e-03	2.18e-03
 1.83631e+19	9.34e-01	6.64e-02	6.09e-06	0.00e+00	0.00e+00	0.00e+00	0.00e+00	0.00e+00	0.00e+00	9.29e-01	1.93e-03	2.16e-03
 1.83644e+19	9.36e-01	6.38e-02	5.39e-06	0.00e+00	0.00e+00	0.00e+00	0.00e+00	0.00e+00	0.00e+00	9.32e-01	1.92e-03	2.14e-03
 1.83657e+19	9.39e-01	6.12e-02	4.77e-06	0.00e+00	0.00e+00	0.00e+00	0.00e+00	0.00e+00	0.00e+00	9.35e-01	1.90e-03	2.12e-03
 1.83669e+19	9.41e-01	5.87e-02	4.22e-06	0.00e+00	0.00e+00	0.00e+00	0.00e+00	0.00e+00	0.00e+00	9.37e-01	1.89e-03	2.11e-03
 1.83682e+19	9.44e-01	5.64e-02	3.74e-06	0.00e+00	0.00e+00	0.00e+00	0.00e+00	0.00e+00	0.00e+00	9.40e-01	1.88e-03	2.09e-03
 1.83694e+19	9.46e-01	5.42e-02	3.31e-06	0.00e+00	0.00e+00	0.00e+00	0.00e+00	0.00e+00	0.00e+00	9.42e-01	1.87e-03	2.08e-03
 1.83707e+19	9.48e-01	5.20e-02	2.94e-06	0.00e+00	0.00e+00	0.00e+00	0.00e+00	0.00e+00	0.00e+00	9.44e-01	1.85e-03	2.06e-03
 1.83719e+19	9.50e-01	4.99e-02	2.60e-06	0.00e+00	0.00e+00	0.00e+00	0.00e+00	0.00e+00	0.00e+00	9.46e-01	1.84e-03	2.05e-03
 1.83731e+19	9.52e-01	4.80e-02	2.31e-06	0.00e+00	0.00e+00	0.00e+00	0.00e+00	0.00e+00	0.00e+00	9.48e-01	1.83e-03	2.04e-03
 1.83743e+19	9.54e-01	4.61e-02	2.05e-06	0.00e+00	0.00e+00	0.00e+00	0.00e+00	0.00e+00	0.00e+00	9.50e-01	1.82e-03	2.02e-03
 1.83754e+19	9.56e-01	4.43e-02	1.82e-06	0.00e+00	0.00e+00	0.00e+00	0.00e+00	0.00e+00	0.00e+00	9.52e-01	1.81e-03	2.01e-03
 1.83766e+19	9.57e-01	4.26e-02	1.62e-06	0.00e+00	0.00e+00	0.00e+00	0.00e+00	0.00e+00	0.00e+00	9.54e-01	1.80e-03	2.00e-03
 1.83777e+19	9.59e-01	4.09e-02	1.44e-06	0.00e+00	0.00e+00	0.00e+00	0.00e+00	0.00e+00	0.00e+00	9.55e-01	1.80e-03	1.99e-03
 1.83789e+19	9.61e-01	3.93e-02	1.28e-06	0.00e+00	0.00e+00	0.00e+00	0.00e+00	0.00e+00	0.00e+00	9.57e-01	1.79e-03	1.98e-03
 1.83800e+19	9.62e-01	3.78e-02	1.14e-06	0.00e+00	0.00e+00	0.00e+00	0.00e+00	0.00e+00	0.00e+00	9.58e-01	1.78e-03	1.97e-03
 1.83811e+19	9.64e-01	3.63e-02	1.02e-06	0.00e+00	0.00e+00	0.00e+00	0.00e+00	0.00e+00	0.00e+00	9.60e-01	1.77e-03	1.96e-03
 1.83822e+19	9.65e-01	3.49e-02	9.07e-07	0.00e+00	0.00e+00	0.00e+00	0.00e+00	0.00e+00	0.00e+00	9.61e-01	1.77e-03	1.95e-03
 1.83833e+19	9.66e-01	3.36e-02	8.09e-07	0.00e+00	0.00e+00	0.00e+00	0.00e+00	0.00e+00	0.00e+00	9.63e-01	1.76e-03	1.95e-03
 1.83844e+19	9.68e-01	3.23e-02	7.22e-07	0.00e+00	0.00e+00	0.00e+00	0.00e+00	0.00e+00	0.00e+00	9.64e-01	1.76e-03	1.94e-03
 1.83854e+19	9.69e-01	3.10e-02	6.44e-07	0.00e+00	0.00e+00	0.00e+00	0.00e+00	0.00e+00	0.00e+00	9.65e-01	1.75e-03	1.94e-03
 1.83865e+19	9.70e-01	2.98e-02	5.76e-07	0.00e+00	0.00e+00	0.00e+00	0.00e+00	0.00e+00	0.00e+00	9.66e-01	1.75e-03	1.93e-03
 1.83875e+19	9.71e-01	2.87e-02	5.14e-07	0.00e+00	0.00e+00	0.00e+00	0.00e+00	0.00e+00	0.00e+00	9.68e-01	1.75e-03	1.93e-03
 1.83885e+19	9.72e-01	2.76e-02	4.60e-07	0.00e+00	0.00e+00	0.00e+00	0.00e+00	0.00e+00	0.00e+00	9.69e-01	1.74e-03	1.92e-03
 1.83895e+19	9.74e-01	2.65e-02	4.11e-07	0.00e+00	0.00e+00	0.00e+00	0.00e+00	0.00e+00	0.00e+00	9.70e-01	1.74e-03	1.92e-03
 1.83905e+19	9.75e-01	2.55e-02	3.68e-07	0.00e+00	0.00e+00	0.00e+00	0.00e+00	0.00e+00	0.00e+00	9.71e-01	1.74e-03	1.92e-03
 1.83914e+19	9.76e-01	2.45e-02	3.30e-07	0.00e+00	0.00e+00	0.00e+00	0.00e+00	0.00e+00	0.00e+00	9.72e-01	1.74e-03	1.92e-03
 1.83924e+19	9.76e-01	2.35e-02	2.96e-07	0.00e+00	0.00e+00	0.00e+00	0.00e+00	0.00e+00	0.00e+00	9.73e-01	1.74e-03	1.92e-03
 1.83933e+19	9.77e-01	2.26e-02	2.66e-07	0.00e+00	0.00e+00	0.00e+00	0.00e+00	0.00e+00	0.00e+00	9.74e-01	1.75e-03	1.92e-03
 1.83942e+19	9.78e-01	2.18e-02	2.39e-07	0.00e+00	0.00e+00	0.00e+00	0.00e+00	0.00e+00	0.00e+00	9.75e-01	1.75e-03	1.92e-03
 1.83951e+19	9.79e-01	2.09e-02	2.14e-07	0.00e+00	0.00e+00	0.00e+00	0.00e+00	0.00e+00	0.00e+00	9.75e-01	1.75e-03	1.92e-03
 1.83959e+19	9.80e-01	2.00e-02	1.92e-07	0.00e+00	0.00e+00	0.00e+00	0.00e+00	0.00e+00	0.00e+00	9.76e-01	1.76e-03	1.93e-03
 1.83967e+19	9.81e-01	1.92e-02	1.73e-07	0.00e+00	0.00e+00	0.00e+00	0.00e+00	0.00e+00	0.00e+00	9.77e-01	1.77e-03	1.93e-03
 1.83975e+19	9.82e-01	1.84e-02	1.56e-07	0.00e+00	0.00e+00	0.00e+00	0.00e+00	0.00e+00	0.00e+00	9.78e-01	1.78e-03	1.94e-03
 1.83982e+19	9.82e-01	1.77e-02	1.42e-07	0.00e+00	0.00e+00	0.00e+00	0.00e+00	0.00e+00	0.00e+00	9.79e-01	1.79e-03	1.95e-03
 1.83988e+19	9.83e-01	1.70e-02	1.30e-07	0.00e+00	0.00e+00	0.00e+00	0.00e+00	0.00e+00	0.00e+00	9.79e-01	1.81e-03	1.97e-03
 1.83992e+19	9.84e-01	1.65e-02	1.21e-07	0.00e+00	0.00e+00	0.00e+00	0.00e+00	0.00e+00	0.00e+00	9.80e-01	1.83e-03	1.98e-03
 1.83996e+19	9.84e-01	1.60e-02	1.13e-07	0.00e+00	0.00e+00	0.00e+00	0.00e+00	0.00e+00	0.00e+00	9.80e-01	1.84e-03	1.99e-03
 1.83999e+19	9.84e-01	1.56e-02	1.07e-07	0.00e+00	0.00e+00	0.00e+00	0.00e+00	0.00e+00	0.00e+00	9.81e-01	1.86e-03	2.01e-03
 1.84002e+19	9.85e-01	1.52e-02	1.02e-07	0.00e+00	0.00e+00	0.00e+00	0.00e+00	0.00e+00	0.00e+00	9.81e-01	1.87e-03	2.02e-03
 1.84005e+19	9.85e-01	1.48e-02	9.73e-08	0.00e+00	0.00e+00	0.00e+00	0.00e+00	0.00e+00	0.00e+00	9.81e-01	1.88e-03	2.03e-03
 1.84007e+19	9.86e-01	1.44e-02	9.25e-08	0.00e+00	0.00e+00	0.00e+00	0.00e+00	0.00e+00	0.00e+00	9.82e-01	1.91e-03	2.05e-03
 1.84009e+19	9.86e-01	1.41e-02	8.85e-08	0.00e+00	0.00e+00	0.00e+00	0.00e+00	0.00e+00	0.00e+00	9.82e-01	1.92e-03	2.07e-03
 1.84011e+19	9.86e-01	1.38e-02	8.47e-08	0.00e+00	0.00e+00	0.00e+00	0.00e+00	0.00e+00	0.00e+00	9.82e-01	1.94e-03	2.09e-03
 1.84013e+19	9.87e-01	1.34e-02	8.09e-08	0.00e+00	0.00e+00	0.00e+00	0.00e+00	0.00e+00	0.00e+00	9.83e-01	1.97e-03	2.11e-03
 1.84015e+19	9.87e-01	1.30e-02	7.71e-08	0.00e+00	0.00e+00	0.00e+00	0.00e+00	0.00e+00	0.00e+00	9.83e-01	1.99e-03	2.13e-03
 1.84017e+19	9.87e-01	1.26e-02	7.30e-08	0.00e+00	0.00e+00	0.00e+00	0.00e+00	0.00e+00	0.00e+00	9.83e-01	2.02e-03	2.16e-03
 1.84018e+19	9.88e-01	1.21e-02	6.87e-08	0.00e+00	0.00e+00	0.00e+00	0.00e+00	0.00e+00	0.00e+00	9.84e-01	2.06e-03	2.19e-03
 1.84020e+19	9.89e-01	1.15e-02	6.34e-08	0.00e+00	0.00e+00	0.00e+00	0.00e+00	0.00e+00	0.00e+00	9.84e-01	2.11e-03	2.25e-03
 1.84022e+19	9.89e-01	1.06e-02	5.69e-08	0.00e+00	0.00e+00	0.00e+00	0.00e+00	0.00e+00	0.00e+00	9.85e-01	2.20e-03	2.33e-03
 1.84024e+19	9.96e-01	4.10e-03	1.61e-08	0.00e+00	0.00e+00	0.00e+00	0.00e+00	0.00e+00	0.00e+00	9.90e-01	2.96e-03	2.96e-03
