#depth	O	O+	O+2	O+3	O+4	O+5	O+6	O+7	O+8	O[1]	O[2]	O[3]
 2.62892e+14	6.87e-10	2.58e-04	8.59e-01	1.40e-01	4.07e-05	0.00e+00	0.00e+00	0.00e+00	0.00e+00	6.81e-10	3.14e-12	3.60e-12
 1.57735e+15	6.89e-10	2.58e-04	8.60e-01	1.40e-01	4.04e-05	0.00e+00	0.00e+00	0.00e+00	0.00e+00	6.82e-10	3.15e-12	3.61e-12
 6.83520e+15	6.96e-10	2.60e-04	8.62e-01	1.38e-01	3.95e-05	0.00e+00	0.00e+00	0.00e+00	0.00e+00	6.90e-10	3.18e-12	3.65e-12
 2.78666e+16	7.23e-10	2.66e-04	8.70e-01	1.29e-01	3.60e-05	0.00e+00	0.00e+00	0.00e+00	0.00e+00	7.16e-10	3.29e-12	3.77e-12
 6.65643e+16	7.74e-10	2.76e-04	8.83e-01	1.17e-01	3.08e-05	0.00e+00	0.00e+00	0.00e+00	0.00e+00	7.66e-10	3.48e-12	4.00e-12
 1.16871e+17	8.46e-10	2.91e-04	8.98e-01	1.02e-01	2.50e-05	0.00e+00	0.00e+00	0.00e+00	0.00e+00	8.38e-10	3.76e-12	4.33e-12
 1.82271e+17	9.43e-10	3.10e-04	9.16e-01	8.41e-02	1.90e-05	0.00e+00	0.00e+00	0.00e+00	0.00e+00	9.34e-10	4.13e-12	4.75e-12
 2.67290e+17	1.08e-09	3.34e-04	9.35e-01	6.47e-02	1.30e-05	0.00e+00	0.00e+00	0.00e+00	0.00e+00	1.07e-09	4.64e-12	5.35e-12
 3.77814e+17	1.27e-09	3.65e-04	9.55e-01	4.51e-02	7.78e-06	0.00e+00	0.00e+00	0.00e+00	0.00e+00	1.26e-09	5.32e-12	6.14e-12
 5.21496e+17	1.54e-09	4.04e-04	9.72e-01	2.73e-02	3.88e-06	0.00e+00	0.00e+00	0.00e+00	0.00e+00	1.52e-09	6.26e-12	7.25e-12
 6.82165e+17	1.88e-09	4.48e-04	9.84e-01	1.51e-02	1.74e-06	0.00e+00	0.00e+00	0.00e+00	0.00e+00	1.86e-09	7.42e-12	8.60e-12
 8.33225e+17	2.23e-09	4.88e-04	9.91e-01	8.51e-03	8.26e-07	0.00e+00	0.00e+00	0.00e+00	0.00e+00	2.21e-09	8.55e-12	9.93e-12
 9.97232e+17	2.68e-09	5.34e-04	9.95e-01	4.56e-03	3.73e-07	0.00e+00	0.00e+00	0.00e+00	0.00e+00	2.66e-09	1.01e-11	1.17e-11
 1.17981e+18	3.25e-09	5.87e-04	9.97e-01	2.32e-03	1.68e-07	0.00e+00	0.00e+00	0.00e+00	0.00e+00	3.23e-09	1.19e-11	1.39e-11
 1.35462e+18	3.87e-09	6.37e-04	9.98e-01	1.25e-03	0.00e+00	0.00e+00	0.00e+00	0.00e+00	0.00e+00	3.84e-09	1.39e-11	1.62e-11
 1.54234e+18	4.63e-09	6.94e-04	9.99e-01	6.76e-04	0.00e+00	0.00e+00	0.00e+00	0.00e+00	0.00e+00	4.60e-09	1.64e-11	1.91e-11
 1.75265e+18	5.65e-09	7.63e-04	9.99e-01	3.63e-04	0.00e+00	0.00e+00	0.00e+00	0.00e+00	0.00e+00	5.61e-09	1.96e-11	2.28e-11
 1.96132e+18	6.80e-09	8.32e-04	9.99e-01	2.15e-04	0.00e+00	0.00e+00	0.00e+00	0.00e+00	0.00e+00	6.75e-09	2.32e-11	2.70e-11
 2.17834e+18	8.20e-09	9.08e-04	9.99e-01	1.35e-04	0.00e+00	0.00e+00	0.00e+00	0.00e+00	0.00e+00	8.14e-09	2.77e-11	3.21e-11
 2.41409e+18	9.99e-09	9.96e-04	9.99e-01	9.03e-05	0.00e+00	0.00e+00	0.00e+00	0.00e+00	0.00e+00	9.92e-09	3.33e-11	3.86e-11
 2.65927e+18	1.22e-08	1.09e-03	9.99e-01	6.41e-05	0.00e+00	0.00e+00	0.00e+00	0.00e+00	0.00e+00	1.21e-08	4.01e-11	4.64e-11
 2.91425e+18	1.48e-08	1.20e-03	9.99e-01	4.77e-05	0.00e+00	0.00e+00	0.00e+00	0.00e+00	0.00e+00	1.47e-08	4.84e-11	5.60e-11
 3.17944e+18	1.81e-08	1.31e-03	9.99e-01	3.67e-05	0.00e+00	0.00e+00	0.00e+00	0.00e+00	0.00e+00	1.80e-08	5.86e-11	6.78e-11
 3.45523e+18	2.22e-08	1.44e-03	9.99e-01	2.88e-05	0.00e+00	0.00e+00	0.00e+00	0.00e+00	0.00e+00	2.20e-08	7.11e-11	8.21e-11
 3.74205e+18	2.71e-08	1.58e-03	9.98e-01	2.29e-05	0.00e+00	0.00e+00	0.00e+00	0.00e+00	0.00e+00	2.69e-08	8.65e-11	9.98e-11
 4.04035e+18	3.33e-08	1.73e-03	9.98e-01	1.84e-05	0.00e+00	0.00e+00	0.00e+00	0.00e+00	0.00e+00	3.30e-08	1.05e-10	1.22e-10
 4.35058e+18	4.08e-08	1.90e-03	9.98e-01	1.49e-05	0.00e+00	0.00e+00	0.00e+00	0.00e+00	0.00e+00	4.05e-08	1.29e-10	1.48e-10
 4.67321e+18	5.02e-08	2.09e-03	9.98e-01	1.21e-05	0.00e+00	0.00e+00	0.00e+00	0.00e+00	0.00e+00	4.98e-08	1.58e-10	1.82e-10
 4.97839e+18	6.07e-08	2.27e-03	9.98e-01	1.01e-05	0.00e+00	0.00e+00	0.00e+00	0.00e+00	0.00e+00	6.03e-08	1.90e-10	2.19e-10
 5.25402e+18	7.15e-08	2.45e-03	9.98e-01	8.60e-06	0.00e+00	0.00e+00	0.00e+00	0.00e+00	0.00e+00	7.11e-08	2.24e-10	2.58e-10
 5.56438e+18	8.61e-08	2.66e-03	9.97e-01	7.21e-06	0.00e+00	0.00e+00	0.00e+00	0.00e+00	0.00e+00	8.55e-08	2.69e-10	3.10e-10
 5.92890e+18	1.06e-07	2.92e-03	9.97e-01	5.94e-06	0.00e+00	0.00e+00	0.00e+00	0.00e+00	0.00e+00	1.05e-07	3.32e-10	3.81e-10
 6.29473e+18	1.30e-07	3.19e-03	9.97e-01	4.94e-06	0.00e+00	0.00e+00	0.00e+00	0.00e+00	0.00e+00	1.29e-07	4.07e-10	4.67e-10
 6.64569e+18	1.58e-07	3.47e-03	9.97e-01	4.17e-06	0.00e+00	0.00e+00	0.00e+00	0.00e+00	0.00e+00	1.57e-07	4.92e-10	5.65e-10
 7.03064e+18	1.92e-07	3.79e-03	9.96e-01	3.48e-06	0.00e+00	0.00e+00	0.00e+00	0.00e+00	0.00e+00	1.91e-07	6.01e-10	6.90e-10
 7.46048e+18	2.41e-07	4.19e-03	9.96e-01	2.87e-06	0.00e+00	0.00e+00	0.00e+00	0.00e+00	0.00e+00	2.39e-07	7.54e-10	8.64e-10
 7.89457e+18	2.98e-07	4.60e-03	9.95e-01	2.39e-06	0.00e+00	0.00e+00	0.00e+00	0.00e+00	0.00e+00	2.96e-07	9.35e-10	1.07e-09
 8.34602e+18	3.73e-07	5.07e-03	9.95e-01	1.99e-06	0.00e+00	0.00e+00	0.00e+00	0.00e+00	0.00e+00	3.71e-07	1.17e-09	1.34e-09
 8.82848e+18	4.68e-07	5.59e-03	9.94e-01	1.65e-06	0.00e+00	0.00e+00	0.00e+00	0.00e+00	0.00e+00	4.65e-07	1.47e-09	1.69e-09
 9.33023e+18	5.92e-07	6.19e-03	9.94e-01	1.36e-06	0.00e+00	0.00e+00	0.00e+00	0.00e+00	0.00e+00	5.88e-07	1.87e-09	2.14e-09
 9.85205e+18	7.47e-07	6.84e-03	9.93e-01	1.13e-06	0.00e+00	0.00e+00	0.00e+00	0.00e+00	0.00e+00	7.42e-07	2.36e-09	2.71e-09
 1.03947e+19	9.49e-07	7.58e-03	9.92e-01	9.40e-07	0.00e+00	0.00e+00	0.00e+00	0.00e+00	0.00e+00	9.42e-07	3.01e-09	3.44e-09
 1.09592e+19	1.21e-06	8.42e-03	9.92e-01	7.80e-07	0.00e+00	0.00e+00	0.00e+00	0.00e+00	0.00e+00	1.20e-06	3.85e-09	4.40e-09
 1.15461e+19	1.55e-06	9.36e-03	9.91e-01	6.48e-07	0.00e+00	0.00e+00	0.00e+00	0.00e+00	0.00e+00	1.54e-06	4.94e-09	5.66e-09
 1.21566e+19	2.00e-06	1.04e-02	9.90e-01	5.38e-07	0.00e+00	0.00e+00	0.00e+00	0.00e+00	0.00e+00	1.99e-06	6.41e-09	7.34e-09
 1.27915e+19	2.60e-06	1.16e-02	9.88e-01	4.46e-07	0.00e+00	0.00e+00	0.00e+00	0.00e+00	0.00e+00	2.58e-06	8.34e-09	9.54e-09
 1.34517e+19	3.39e-06	1.30e-02	9.87e-01	3.71e-07	0.00e+00	0.00e+00	0.00e+00	0.00e+00	0.00e+00	3.37e-06	1.09e-08	1.25e-08
 1.41384e+19	4.45e-06	1.46e-02	9.85e-01	3.08e-07	0.00e+00	0.00e+00	0.00e+00	0.00e+00	0.00e+00	4.42e-06	1.44e-08	1.64e-08
 1.48526e+19	5.92e-06	1.64e-02	9.84e-01	2.56e-07	0.00e+00	0.00e+00	0.00e+00	0.00e+00	0.00e+00	5.88e-06	1.92e-08	2.19e-08
 1.55953e+19	7.97e-06	1.86e-02	9.81e-01	2.12e-07	0.00e+00	0.00e+00	0.00e+00	0.00e+00	0.00e+00	7.91e-06	2.58e-08	2.95e-08
 1.63677e+19	1.08e-05	2.10e-02	9.79e-01	1.76e-07	0.00e+00	0.00e+00	0.00e+00	0.00e+00	0.00e+00	1.08e-05	3.50e-08	3.99e-08
 1.71463e+19	1.48e-05	2.39e-02	9.76e-01	1.46e-07	0.00e+00	0.00e+00	0.00e+00	0.00e+00	0.00e+00	1.47e-05	4.80e-08	5.47e-08
 1.78906e+19	2.02e-05	2.71e-02	9.73e-01	0.00e+00	0.00e+00	0.00e+00	0.00e+00	0.00e+00	0.00e+00	2.01e-05	6.52e-08	7.43e-08
 1.85854e+19	2.73e-05	3.05e-02	9.69e-01	0.00e+00	0.00e+00	0.00e+00	0.00e+00	0.00e+00	0.00e+00	2.71e-05	8.75e-08	9.97e-08
 1.92406e+19	3.66e-05	3.44e-02	9.66e-01	0.00e+00	0.00e+00	0.00e+00	0.00e+00	0.00e+00	0.00e+00	3.63e-05	1.17e-07	1.33e-07
 1.98674e+19	4.91e-05	3.87e-02	9.61e-01	0.00e+00	0.00e+00	0.00e+00	0.00e+00	0.00e+00	0.00e+00	4.88e-05	1.56e-07	1.78e-07
 2.04632e+19	6.97e-05	4.49e-02	9.55e-01	0.00e+00	0.00e+00	0.00e+00	0.00e+00	0.00e+00	0.00e+00	6.92e-05	2.24e-07	2.55e-07
 2.09199e+19	8.93e-05	4.97e-02	9.50e-01	0.00e+00	0.00e+00	0.00e+00	0.00e+00	0.00e+00	0.00e+00	8.87e-05	2.85e-07	3.25e-07
 2.12328e+19	1.07e-04	5.35e-02	9.46e-01	0.00e+00	0.00e+00	0.00e+00	0.00e+00	0.00e+00	0.00e+00	1.06e-04	3.40e-07	3.86e-07
 2.15670e+19	1.31e-04	5.83e-02	9.42e-01	0.00e+00	0.00e+00	0.00e+00	0.00e+00	0.00e+00	0.00e+00	1.30e-04	4.14e-07	4.72e-07
 2.20014e+19	1.74e-04	6.57e-02	9.34e-01	0.00e+00	0.00e+00	0.00e+00	0.00e+00	0.00e+00	0.00e+00	1.72e-04	5.46e-07	6.21e-07
 2.24260e+19	2.33e-04	7.46e-02	9.25e-01	0.00e+00	0.00e+00	0.00e+00	0.00e+00	0.00e+00	0.00e+00	2.31e-04	7.28e-07	8.28e-07
 2.27293e+19	2.93e-04	8.24e-02	9.17e-01	0.00e+00	0.00e+00	0.00e+00	0.00e+00	0.00e+00	0.00e+00	2.91e-04	9.10e-07	1.03e-06
 2.29664e+19	3.54e-04	8.98e-02	9.10e-01	0.00e+00	0.00e+00	0.00e+00	0.00e+00	0.00e+00	0.00e+00	3.52e-04	1.10e-06	1.25e-06
 2.32261e+19	4.45e-04	9.94e-02	9.00e-01	0.00e+00	0.00e+00	0.00e+00	0.00e+00	0.00e+00	0.00e+00	4.42e-04	1.38e-06	1.56e-06
 2.35040e+19	5.77e-04	1.12e-01	8.88e-01	0.00e+00	0.00e+00	0.00e+00	0.00e+00	0.00e+00	0.00e+00	5.73e-04	1.78e-06	2.02e-06
 2.37361e+19	7.29e-04	1.24e-01	8.75e-01	0.00e+00	0.00e+00	0.00e+00	0.00e+00	0.00e+00	0.00e+00	7.24e-04	2.24e-06	2.55e-06
 2.39141e+19	8.83e-04	1.36e-01	8.63e-01	0.00e+00	0.00e+00	0.00e+00	0.00e+00	0.00e+00	0.00e+00	8.77e-04	2.71e-06	3.08e-06
 2.40636e+19	1.05e-03	1.47e-01	8.52e-01	0.00e+00	0.00e+00	0.00e+00	0.00e+00	0.00e+00	0.00e+00	1.04e-03	3.21e-06	3.65e-06
 2.42309e+19	1.29e-03	1.62e-01	8.37e-01	0.00e+00	0.00e+00	0.00e+00	0.00e+00	0.00e+00	0.00e+00	1.28e-03	3.96e-06	4.49e-06
 2.44073e+19	1.62e-03	1.80e-01	8.18e-01	0.00e+00	0.00e+00	0.00e+00	0.00e+00	0.00e+00	0.00e+00	1.61e-03	4.98e-06	5.65e-06
 2.45526e+19	1.99e-03	1.98e-01	8.00e-01	0.00e+00	0.00e+00	0.00e+00	0.00e+00	0.00e+00	0.00e+00	1.98e-03	6.11e-06	6.94e-06
 2.46721e+19	2.38e-03	2.15e-01	7.83e-01	0.00e+00	0.00e+00	0.00e+00	0.00e+00	0.00e+00	0.00e+00	2.36e-03	7.31e-06	8.31e-06
 2.48012e+19	2.93e-03	2.37e-01	7.61e-01	0.00e+00	0.00e+00	0.00e+00	0.00e+00	0.00e+00	0.00e+00	2.91e-03	9.02e-06	1.02e-05
 2.49368e+19	3.68e-03	2.62e-01	7.34e-01	0.00e+00	0.00e+00	0.00e+00	0.00e+00	0.00e+00	0.00e+00	3.66e-03	1.13e-05	1.29e-05
 2.50487e+19	4.51e-03	2.87e-01	7.08e-01	0.00e+00	0.00e+00	0.00e+00	0.00e+00	0.00e+00	0.00e+00	4.48e-03	1.39e-05	1.58e-05
 2.51414e+19	5.42e-03	3.12e-01	6.83e-01	0.00e+00	0.00e+00	0.00e+00	0.00e+00	0.00e+00	0.00e+00	5.38e-03	1.67e-05	1.90e-05
 2.52284e+19	6.49e-03	3.37e-01	6.56e-01	0.00e+00	0.00e+00	0.00e+00	0.00e+00	0.00e+00	0.00e+00	6.45e-03	2.01e-05	2.28e-05
 2.53284e+19	8.09e-03	3.71e-01	6.21e-01	0.00e+00	0.00e+00	0.00e+00	0.00e+00	0.00e+00	0.00e+00	8.04e-03	2.51e-05	2.85e-05
 2.54307e+19	1.03e-02	4.09e-01	5.80e-01	0.00e+00	0.00e+00	0.00e+00	0.00e+00	0.00e+00	0.00e+00	1.02e-02	3.19e-05	3.63e-05
 2.55105e+19	1.26e-02	4.44e-01	5.43e-01	0.00e+00	0.00e+00	0.00e+00	0.00e+00	0.00e+00	0.00e+00	1.25e-02	3.92e-05	4.46e-05
 2.55749e+19	1.50e-02	4.75e-01	5.10e-01	0.00e+00	0.00e+00	0.00e+00	0.00e+00	0.00e+00	0.00e+00	1.49e-02	4.68e-05	5.31e-05
 2.56446e+19	1.83e-02	5.12e-01	4.70e-01	0.00e+00	0.00e+00	0.00e+00	0.00e+00	0.00e+00	0.00e+00	1.81e-02	5.73e-05	6.51e-05
 2.57197e+19	2.29e-02	5.53e-01	4.24e-01	0.00e+00	0.00e+00	0.00e+00	0.00e+00	0.00e+00	0.00e+00	2.27e-02	7.19e-05	8.17e-05
 2.57836e+19	2.81e-02	5.92e-01	3.80e-01	0.00e+00	0.00e+00	0.00e+00	0.00e+00	0.00e+00	0.00e+00	2.79e-02	8.86e-05	1.01e-04
 2.58366e+19	3.37e-02	6.25e-01	3.41e-01	0.00e+00	0.00e+00	0.00e+00	0.00e+00	0.00e+00	0.00e+00	3.35e-02	1.07e-04	1.21e-04
 2.58936e+19	4.16e-02	6.62e-01	2.96e-01	0.00e+00	0.00e+00	0.00e+00	0.00e+00	0.00e+00	0.00e+00	4.13e-02	1.32e-04	1.50e-04
 2.59532e+19	5.24e-02	6.99e-01	2.48e-01	0.00e+00	0.00e+00	0.00e+00	0.00e+00	0.00e+00	0.00e+00	5.21e-02	1.67e-04	1.90e-04
 2.60017e+19	6.42e-02	7.27e-01	2.08e-01	0.00e+00	0.00e+00	0.00e+00	0.00e+00	0.00e+00	0.00e+00	6.38e-02	2.05e-04	2.34e-04
 2.60417e+19	7.67e-02	7.48e-01	1.75e-01	0.00e+00	0.00e+00	0.00e+00	0.00e+00	0.00e+00	0.00e+00	7.62e-02	2.46e-04	2.80e-04
 2.60744e+19	8.91e-02	7.61e-01	1.50e-01	0.00e+00	0.00e+00	0.00e+00	0.00e+00	0.00e+00	0.00e+00	8.85e-02	2.86e-04	3.25e-04
 2.61001e+19	1.01e-01	7.69e-01	1.30e-01	0.00e+00	0.00e+00	0.00e+00	0.00e+00	0.00e+00	0.00e+00	1.00e-01	3.25e-04	3.70e-04
 2.61234e+19	1.14e-01	7.74e-01	1.12e-01	0.00e+00	0.00e+00	0.00e+00	0.00e+00	0.00e+00	0.00e+00	1.13e-01	3.65e-04	4.15e-04
 2.61497e+19	1.31e-01	7.76e-01	9.30e-02	0.00e+00	0.00e+00	0.00e+00	0.00e+00	0.00e+00	0.00e+00	1.30e-01	4.20e-04	4.79e-04
 2.61762e+19	1.51e-01	7.73e-01	7.56e-02	0.00e+00	0.00e+00	0.00e+00	0.00e+00	0.00e+00	0.00e+00	1.50e-01	4.85e-04	5.52e-04
 2.61961e+19	1.69e-01	7.67e-01	6.34e-02	0.00e+00	0.00e+00	0.00e+00	0.00e+00	0.00e+00	0.00e+00	1.68e-01	5.42e-04	6.18e-04
 2.62120e+19	1.86e-01	7.60e-01	5.43e-02	0.00e+00	0.00e+00	0.00e+00	0.00e+00	0.00e+00	0.00e+00	1.84e-01	5.94e-04	6.77e-04
 2.62293e+19	2.06e-01	7.49e-01	4.51e-02	0.00e+00	0.00e+00	0.00e+00	0.00e+00	0.00e+00	0.00e+00	2.05e-01	6.58e-04	7.50e-04
 2.62476e+19	2.31e-01	7.33e-01	3.64e-02	0.00e+00	0.00e+00	0.00e+00	0.00e+00	0.00e+00	0.00e+00	2.29e-01	7.33e-04	8.36e-04
 2.62629e+19	2.54e-01	7.16e-01	3.00e-02	0.00e+00	0.00e+00	0.00e+00	0.00e+00	0.00e+00	0.00e+00	2.53e-01	8.03e-04	9.16e-04
 2.62756e+19	2.76e-01	6.99e-01	2.51e-02	0.00e+00	0.00e+00	0.00e+00	0.00e+00	0.00e+00	0.00e+00	2.74e-01	8.66e-04	9.87e-04
 2.62893e+19	3.02e-01	6.78e-01	2.04e-02	0.00e+00	0.00e+00	0.00e+00	0.00e+00	0.00e+00	0.00e+00	3.00e-01	9.41e-04	1.07e-03
 2.63037e+19	3.32e-01	6.52e-01	1.61e-02	0.00e+00	0.00e+00	0.00e+00	0.00e+00	0.00e+00	0.00e+00	3.30e-01	1.02e-03	1.17e-03
 2.63156e+19	3.59e-01	6.28e-01	1.30e-02	0.00e+00	0.00e+00	0.00e+00	0.00e+00	0.00e+00	0.00e+00	3.57e-01	1.09e-03	1.25e-03
 2.63256e+19	3.84e-01	6.05e-01	1.08e-02	0.00e+00	0.00e+00	0.00e+00	0.00e+00	0.00e+00	0.00e+00	3.81e-01	1.16e-03	1.32e-03
 2.63365e+19	4.13e-01	5.78e-01	8.58e-03	0.00e+00	0.00e+00	0.00e+00	0.00e+00	0.00e+00	0.00e+00	4.10e-01	1.23e-03	1.40e-03
 2.63481e+19	4.46e-01	5.48e-01	6.65e-03	0.00e+00	0.00e+00	0.00e+00	0.00e+00	0.00e+00	0.00e+00	4.43e-01	1.30e-03	1.49e-03
 2.63581e+19	4.75e-01	5.19e-01	5.27e-03	0.00e+00	0.00e+00	0.00e+00	0.00e+00	0.00e+00	0.00e+00	4.72e-01	1.37e-03	1.56e-03
 2.63665e+19	5.01e-01	4.94e-01	4.26e-03	0.00e+00	0.00e+00	0.00e+00	0.00e+00	0.00e+00	0.00e+00	4.98e-01	1.42e-03	1.62e-03
 2.63742e+19	5.26e-01	4.70e-01	3.48e-03	0.00e+00	0.00e+00	0.00e+00	0.00e+00	0.00e+00	0.00e+00	5.23e-01	1.46e-03	1.67e-03
 2.63816e+19	5.50e-01	4.47e-01	2.84e-03	0.00e+00	0.00e+00	0.00e+00	0.00e+00	0.00e+00	0.00e+00	5.47e-01	1.50e-03	1.71e-03
 2.63884e+19	5.73e-01	4.25e-01	2.32e-03	0.00e+00	0.00e+00	0.00e+00	0.00e+00	0.00e+00	0.00e+00	5.70e-01	1.53e-03	1.75e-03
 2.63947e+19	5.94e-01	4.04e-01	1.92e-03	0.00e+00	0.00e+00	0.00e+00	0.00e+00	0.00e+00	0.00e+00	5.91e-01	1.56e-03	1.78e-03
 2.63995e+19	6.10e-01	3.88e-01	1.66e-03	0.00e+00	0.00e+00	0.00e+00	0.00e+00	0.00e+00	0.00e+00	6.07e-01	1.58e-03	1.80e-03
 2.64028e+19	6.20e-01	3.78e-01	1.51e-03	0.00e+00	0.00e+00	0.00e+00	0.00e+00	0.00e+00	0.00e+00	6.17e-01	1.59e-03	1.81e-03
 2.64060e+19	6.31e-01	3.68e-01	1.36e-03	0.00e+00	0.00e+00	0.00e+00	0.00e+00	0.00e+00	0.00e+00	6.28e-01	1.60e-03	1.82e-03
 2.64096e+19	6.44e-01	3.55e-01	1.20e-03	0.00e+00	0.00e+00	0.00e+00	0.00e+00	0.00e+00	0.00e+00	6.40e-01	1.61e-03	1.84e-03
 2.64134e+19	6.57e-01	3.42e-01	1.05e-03	0.00e+00	0.00e+00	0.00e+00	0.00e+00	0.00e+00	0.00e+00	6.53e-01	1.62e-03	1.85e-03
 2.64169e+19	6.68e-01	3.31e-01	9.30e-04	0.00e+00	0.00e+00	0.00e+00	0.00e+00	0.00e+00	0.00e+00	6.65e-01	1.63e-03	1.86e-03
 2.64203e+19	6.80e-01	3.19e-01	8.22e-04	0.00e+00	0.00e+00	0.00e+00	0.00e+00	0.00e+00	0.00e+00	6.76e-01	1.63e-03	1.86e-03
 2.64236e+19	6.91e-01	3.08e-01	7.30e-04	0.00e+00	0.00e+00	0.00e+00	0.00e+00	0.00e+00	0.00e+00	6.87e-01	1.64e-03	1.87e-03
 2.64269e+19	7.02e-01	2.97e-01	6.42e-04	0.00e+00	0.00e+00	0.00e+00	0.00e+00	0.00e+00	0.00e+00	6.99e-01	1.64e-03	1.87e-03
 2.64302e+19	7.13e-01	2.86e-01	5.67e-04	0.00e+00	0.00e+00	0.00e+00	0.00e+00	0.00e+00	0.00e+00	7.09e-01	1.64e-03	1.87e-03
 2.64334e+19	7.24e-01	2.76e-01	4.99e-04	0.00e+00	0.00e+00	0.00e+00	0.00e+00	0.00e+00	0.00e+00	7.20e-01	1.64e-03	1.87e-03
 2.64365e+19	7.34e-01	2.66e-01	4.41e-04	0.00e+00	0.00e+00	0.00e+00	0.00e+00	0.00e+00	0.00e+00	7.30e-01	1.64e-03	1.87e-03
 2.64396e+19	7.44e-01	2.55e-01	3.87e-04	0.00e+00	0.00e+00	0.00e+00	0.00e+00	0.00e+00	0.00e+00	7.41e-01	1.64e-03	1.86e-03
 2.64427e+19	7.54e-01	2.46e-01	3.41e-04	0.00e+00	0.00e+00	0.00e+00	0.00e+00	0.00e+00	0.00e+00	7.50e-01	1.63e-03	1.86e-03
 2.64457e+19	7.63e-01	2.36e-01	3.00e-04	0.00e+00	0.00e+00	0.00e+00	0.00e+00	0.00e+00	0.00e+00	7.60e-01	1.62e-03	1.85e-03
 2.64487e+19	7.73e-01	2.27e-01	2.63e-04	0.00e+00	0.00e+00	0.00e+00	0.00e+00	0.00e+00	0.00e+00	7.69e-01	1.62e-03	1.84e-03
 2.64516e+19	7.82e-01	2.18e-01	2.31e-04	0.00e+00	0.00e+00	0.00e+00	0.00e+00	0.00e+00	0.00e+00	7.78e-01	1.61e-03	1.83e-03
 2.64545e+19	7.91e-01	2.09e-01	2.03e-04	0.00e+00	0.00e+00	0.00e+00	0.00e+00	0.00e+00	0.00e+00	7.87e-01	1.60e-03	1.82e-03
 2.64574e+19	7.99e-01	2.01e-01	1.78e-04	0.00e+00	0.00e+00	0.00e+00	0.00e+00	0.00e+00	0.00e+00	7.96e-01	1.59e-03	1.81e-03
 2.64603e+19	8.07e-01	1.92e-01	1.56e-04	0.00e+00	0.00e+00	0.00e+00	0.00e+00	0.00e+00	0.00e+00	8.04e-01	1.58e-03	1.79e-03
 2.64631e+19	8.15e-01	1.85e-01	1.36e-04	0.00e+00	0.00e+00	0.00e+00	0.00e+00	0.00e+00	0.00e+00	8.12e-01	1.56e-03	1.78e-03
 2.64658e+19	8.23e-01	1.77e-01	1.19e-04	0.00e+00	0.00e+00	0.00e+00	0.00e+00	0.00e+00	0.00e+00	8.20e-01	1.55e-03	1.76e-03
 2.64686e+19	8.31e-01	1.69e-01	1.04e-04	0.00e+00	0.00e+00	0.00e+00	0.00e+00	0.00e+00	0.00e+00	8.27e-01	1.54e-03	1.75e-03
 2.64713e+19	8.38e-01	1.62e-01	9.11e-05	0.00e+00	0.00e+00	0.00e+00	0.00e+00	0.00e+00	0.00e+00	8.34e-01	1.53e-03	1.73e-03
 2.64740e+19	8.45e-01	1.55e-01	7.96e-05	0.00e+00	0.00e+00	0.00e+00	0.00e+00	0.00e+00	0.00e+00	8.41e-01	1.51e-03	1.72e-03
 2.64767e+19	8.51e-01	1.49e-01	6.94e-05	0.00e+00	0.00e+00	0.00e+00	0.00e+00	0.00e+00	0.00e+00	8.48e-01	1.50e-03	1.70e-03
 2.64793e+19	8.58e-01	1.42e-01	6.06e-05	0.00e+00	0.00e+00	0.00e+00	0.00e+00	0.00e+00	0.00e+00	8.55e-01	1.49e-03	1.68e-03
 2.64819e+19	8.64e-01	1.36e-01	5.28e-05	0.00e+00	0.00e+00	0.00e+00	0.00e+00	0.00e+00	0.00e+00	8.61e-01	1.47e-03	1.67e-03
 2.64844e+19	8.70e-01	1.30e-01	4.61e-05	0.00e+00	0.00e+00	0.00e+00	0.00e+00	0.00e+00	0.00e+00	8.67e-01	1.46e-03	1.65e-03
 2.64869e+19	8.76e-01	1.24e-01	4.03e-05	0.00e+00	0.00e+00	0.00e+00	0.00e+00	0.00e+00	0.00e+00	8.72e-01	1.44e-03	1.64e-03
 2.64894e+19	8.81e-01	1.19e-01	3.52e-05	0.00e+00	0.00e+00	0.00e+00	0.00e+00	0.00e+00	0.00e+00	8.78e-01	1.43e-03	1.62e-03
 2.64918e+19	8.86e-01	1.14e-01	3.09e-05	0.00e+00	0.00e+00	0.00e+00	0.00e+00	0.00e+00	0.00e+00	8.83e-01	1.42e-03	1.60e-03
 2.64942e+19	8.91e-01	1.09e-01	2.70e-05	0.00e+00	0.00e+00	0.00e+00	0.00e+00	0.00e+00	0.00e+00	8.88e-01	1.40e-03	1.59e-03
 2.64965e+19	8.95e-01	1.04e-01	2.37e-05	0.00e+00	0.00e+00	0.00e+00	0.00e+00	0.00e+00	0.00e+00	8.93e-01	1.39e-03	1.57e-03
 2.64988e+19	9.00e-01	1.00e-01	2.08e-05	0.00e+00	0.00e+00	0.00e+00	0.00e+00	0.00e+00	0.00e+00	8.97e-01	1.38e-03	1.56e-03
 2.65010e+19	9.04e-01	9.59e-02	1.83e-05	0.00e+00	0.00e+00	0.00e+00	0.00e+00	0.00e+00	0.00e+00	9.01e-01	1.37e-03	1.54e-03
 2.65032e+19	9.08e-01	9.19e-02	1.61e-05	0.00e+00	0.00e+00	0.00e+00	0.00e+00	0.00e+00	0.00e+00	9.05e-01	1.35e-03	1.53e-03
 2.65054e+19	9.12e-01	8.80e-02	1.41e-05	0.00e+00	0.00e+00	0.00e+00	0.00e+00	0.00e+00	0.00e+00	9.09e-01	1.34e-03	1.51e-03
 2.65075e+19	9.16e-01	8.44e-02	1.24e-05	0.00e+00	0.00e+00	0.00e+00	0.00e+00	0.00e+00	0.00e+00	9.13e-01	1.33e-03	1.50e-03
 2.65096e+19	9.19e-01	8.09e-02	1.10e-05	0.00e+00	0.00e+00	0.00e+00	0.00e+00	0.00e+00	0.00e+00	9.16e-01	1.32e-03	1.49e-03
 2.65117e+19	9.22e-01	7.76e-02	9.66e-06	0.00e+00	0.00e+00	0.00e+00	0.00e+00	0.00e+00	0.00e+00	9.20e-01	1.31e-03	1.47e-03
 2.65137e+19	9.26e-01	7.44e-02	8.52e-06	0.00e+00	0.00e+00	0.00e+00	0.00e+00	0.00e+00	0.00e+00	9.23e-01	1.30e-03	1.46e-03
 2.65157e+19	9.29e-01	7.13e-02	7.52e-06	0.00e+00	0.00e+00	0.00e+00	0.00e+00	0.00e+00	0.00e+00	9.26e-01	1.29e-03	1.45e-03
 2.65177e+19	9.32e-01	6.84e-02	6.65e-06	0.00e+00	0.00e+00	0.00e+00	0.00e+00	0.00e+00	0.00e+00	9.29e-01	1.28e-03	1.44e-03
 2.65197e+19	9.34e-01	6.57e-02	5.88e-06	0.00e+00	0.00e+00	0.00e+00	0.00e+00	0.00e+00	0.00e+00	9.32e-01	1.27e-03	1.43e-03
 2.65216e+19	9.37e-01	6.30e-02	5.20e-06	0.00e+00	0.00e+00	0.00e+00	0.00e+00	0.00e+00	0.00e+00	9.34e-01	1.26e-03	1.42e-03
 2.65235e+19	9.40e-01	6.05e-02	4.60e-06	0.00e+00	0.00e+00	0.00e+00	0.00e+00	0.00e+00	0.00e+00	9.37e-01	1.25e-03	1.41e-03
 2.65254e+19	9.42e-01	5.81e-02	4.07e-06	0.00e+00	0.00e+00	0.00e+00	0.00e+00	0.00e+00	0.00e+00	9.39e-01	1.25e-03	1.40e-03
 2.65273e+19	9.44e-01	5.57e-02	3.61e-06	0.00e+00	0.00e+00	0.00e+00	0.00e+00	0.00e+00	0.00e+00	9.42e-01	1.24e-03	1.39e-03
 2.65291e+19	9.46e-01	5.35e-02	3.20e-06	0.00e+00	0.00e+00	0.00e+00	0.00e+00	0.00e+00	0.00e+00	9.44e-01	1.23e-03	1.38e-03
 2.65309e+19	9.49e-01	5.14e-02	2.84e-06	0.00e+00	0.00e+00	0.00e+00	0.00e+00	0.00e+00	0.00e+00	9.46e-01	1.22e-03	1.37e-03
 2.65327e+19	9.51e-01	4.94e-02	2.52e-06	0.00e+00	0.00e+00	0.00e+00	0.00e+00	0.00e+00	0.00e+00	9.48e-01	1.22e-03	1.36e-03
 2.65345e+19	9.53e-01	4.74e-02	2.24e-06	0.00e+00	0.00e+00	0.00e+00	0.00e+00	0.00e+00	0.00e+00	9.50e-01	1.21e-03	1.35e-03
 2.65363e+19	9.54e-01	4.56e-02	1.99e-06	0.00e+00	0.00e+00	0.00e+00	0.00e+00	0.00e+00	0.00e+00	9.52e-01	1.20e-03	1.34e-03
 2.65380e+19	9.56e-01	4.38e-02	1.77e-06	0.00e+00	0.00e+00	0.00e+00	0.00e+00	0.00e+00	0.00e+00	9.54e-01	1.20e-03	1.34e-03
 2.65397e+19	9.58e-01	4.21e-02	1.57e-06	0.00e+00	0.00e+00	0.00e+00	0.00e+00	0.00e+00	0.00e+00	9.55e-01	1.19e-03	1.33e-03
 2.65414e+19	9.60e-01	4.04e-02	1.40e-06	0.00e+00	0.00e+00	0.00e+00	0.00e+00	0.00e+00	0.00e+00	9.57e-01	1.19e-03	1.32e-03
 2.65431e+19	9.61e-01	3.88e-02	1.25e-06	0.00e+00	0.00e+00	0.00e+00	0.00e+00	0.00e+00	0.00e+00	9.59e-01	1.18e-03	1.32e-03
 2.65447e+19	9.63e-01	3.73e-02	1.11e-06	0.00e+00	0.00e+00	0.00e+00	0.00e+00	0.00e+00	0.00e+00	9.60e-01	1.18e-03	1.31e-03
 2.65464e+19	9.64e-01	3.59e-02	9.88e-07	0.00e+00	0.00e+00	0.00e+00	0.00e+00	0.00e+00	0.00e+00	9.62e-01	1.18e-03	1.31e-03
 2.65480e+19	9.66e-01	3.45e-02	8.81e-07	0.00e+00	0.00e+00	0.00e+00	0.00e+00	0.00e+00	0.00e+00	9.63e-01	1.17e-03	1.30e-03
 2.65496e+19	9.67e-01	3.32e-02	7.86e-07	0.00e+00	0.00e+00	0.00e+00	0.00e+00	0.00e+00	0.00e+00	9.64e-01	1.17e-03	1.30e-03
 2.65512e+19	9.68e-01	3.19e-02	7.02e-07	0.00e+00	0.00e+00	0.00e+00	0.00e+00	0.00e+00	0.00e+00	9.66e-01	1.17e-03	1.30e-03
 2.65527e+19	9.69e-01	3.06e-02	6.27e-07	0.00e+00	0.00e+00	0.00e+00	0.00e+00	0.00e+00	0.00e+00	9.67e-01	1.17e-03	1.29e-03
 2.65542e+19	9.71e-01	2.95e-02	5.60e-07	0.00e+00	0.00e+00	0.00e+00	0.00e+00	0.00e+00	0.00e+00	9.68e-01	1.16e-03	1.29e-03
 2.65557e+19	9.72e-01	2.83e-02	5.00e-07	0.00e+00	0.00e+00	0.00e+00	0.00e+00	0.00e+00	0.00e+00	9.69e-01	1.16e-03	1.29e-03
 2.65572e+19	9.73e-01	2.72e-02	4.47e-07	0.00e+00	0.00e+00	0.00e+00	0.00e+00	0.00e+00	0.00e+00	9.70e-01	1.16e-03	1.29e-03
 2.65587e+19	9.74e-01	2.62e-02	4.00e-07	0.00e+00	0.00e+00	0.00e+00	0.00e+00	0.00e+00	0.00e+00	9.71e-01	1.16e-03	1.29e-03
 2.65601e+19	9.75e-01	2.51e-02	3.58e-07	0.00e+00	0.00e+00	0.00e+00	0.00e+00	0.00e+00	0.00e+00	9.72e-01	1.16e-03	1.29e-03
 2.65615e+19	9.76e-01	2.42e-02	3.21e-07	0.00e+00	0.00e+00	0.00e+00	0.00e+00	0.00e+00	0.00e+00	9.73e-01	1.17e-03	1.29e-03
 2.65629e+19	9.77e-01	2.33e-02	2.88e-07	0.00e+00	0.00e+00	0.00e+00	0.00e+00	0.00e+00	0.00e+00	9.74e-01	1.17e-03	1.29e-03
 2.65642e+19	9.78e-01	2.24e-02	2.59e-07	0.00e+00	0.00e+00	0.00e+00	0.00e+00	0.00e+00	0.00e+00	9.75e-01	1.17e-03	1.29e-03
 2.65655e+19	9.79e-01	2.14e-02	2.32e-07	0.00e+00	0.00e+00	0.00e+00	0.00e+00	0.00e+00	0.00e+00	9.76e-01	1.18e-03	1.30e-03
 2.65668e+19	9.79e-01	2.06e-02	2.09e-07	0.00e+00	0.00e+00	0.00e+00	0.00e+00	0.00e+00	0.00e+00	9.77e-01	1.18e-03	1.30e-03
 2.65680e+19	9.80e-01	1.97e-02	1.87e-07	0.00e+00	0.00e+00	0.00e+00	0.00e+00	0.00e+00	0.00e+00	9.78e-01	1.19e-03	1.31e-03
 2.65691e+19	9.81e-01	1.89e-02	1.69e-07	0.00e+00	0.00e+00	0.00e+00	0.00e+00	0.00e+00	0.00e+00	9.79e-01	1.20e-03	1.31e-03
 2.65702e+19	9.82e-01	1.81e-02	1.52e-07	0.00e+00	0.00e+00	0.00e+00	0.00e+00	0.00e+00	0.00e+00	9.79e-01	1.21e-03	1.32e-03
 2.65711e+19	9.83e-01	1.74e-02	1.39e-07	0.00e+00	0.00e+00	0.00e+00	0.00e+00	0.00e+00	0.00e+00	9.80e-01	1.22e-03	1.33e-03
 2.65718e+19	9.83e-01	1.68e-02	1.28e-07	0.00e+00	0.00e+00	0.00e+00	0.00e+00	0.00e+00	0.00e+00	9.81e-01	1.23e-03	1.34e-03
 2.65724e+19	9.84e-01	1.63e-02	1.19e-07	0.00e+00	0.00e+00	0.00e+00	0.00e+00	0.00e+00	0.00e+00	9.81e-01	1.25e-03	1.36e-03
 2.65729e+19	9.84e-01	1.58e-02	1.12e-07	0.00e+00	0.00e+00	0.00e+00	0.00e+00	0.00e+00	0.00e+00	9.82e-01	1.26e-03	1.37e-03
 2.65733e+19	9.85e-01	1.54e-02	1.07e-07	0.00e+00	0.00e+00	0.00e+00	0.00e+00	0.00e+00	0.00e+00	9.82e-01	1.27e-03	1.38e-03
 2.65736e+19	9.85e-01	1.50e-02	1.02e-07	0.00e+00	0.00e+00	0.00e+00	0.00e+00	0.00e+00	0.00e+00	9.82e-01	1.29e-03	1.40e-03
 2.65739e+19	9.85e-01	1.47e-02	9.70e-08	0.00e+00	0.00e+00	0.00e+00	0.00e+00	0.00e+00	0.00e+00	9.83e-01	1.30e-03	1.41e-03
 2.65742e+19	9.86e-01	1.43e-02	9.26e-08	0.00e+00	0.00e+00	0.00e+00	0.00e+00	0.00e+00	0.00e+00	9.83e-01	1.32e-03	1.43e-03
 2.65744e+19	9.86e-01	1.39e-02	8.79e-08	0.00e+00	0.00e+00	0.00e+00	0.00e+00	0.00e+00	0.00e+00	9.83e-01	1.34e-03	1.45e-03
 2.65747e+19	9.87e-01	1.34e-02	8.29e-08	0.00e+00	0.00e+00	0.00e+00	0.00e+00	0.00e+00	0.00e+00	9.84e-01	1.36e-03	1.47e-03
 2.65750e+19	9.87e-01	1.27e-02	7.62e-08	0.00e+00	0.00e+00	0.00e+00	0.00e+00	0.00e+00	0.00e+00	9.84e-01	1.41e-03	1.51e-03
 2.65752e+19	9.98e-01	2.48e-03	6.94e-09	0.00e+00	0.00e+00	0.00e+00	0.00e+00	0.00e+00	0.00e+00	9.94e-01	2.05e-03	1.96e-03
