#depth	O	O+	O+2	O+3	O+4	O+5	O+6	O+7	O+8	O[1]	O[2]	O[3]
 1.41318e+14	2.09e-09	4.54e-04	9.10e-01	8.94e-02	1.57e-05	0.00e+00	0.00e+00	0.00e+00	0.00e+00	2.06e-09	1.24e-11	1.41e-11
 8.47907e+14	2.09e-09	4.55e-04	9.10e-01	8.91e-02	1.56e-05	0.00e+00	0.00e+00	0.00e+00	0.00e+00	2.06e-09	1.24e-11	1.41e-11
 3.67426e+15	2.10e-09	4.56e-04	9.12e-01	8.77e-02	1.52e-05	0.00e+00	0.00e+00	0.00e+00	0.00e+00	2.08e-09	1.25e-11	1.42e-11
 1.49797e+16	2.15e-09	4.62e-04	9.17e-01	8.26e-02	1.40e-05	0.00e+00	0.00e+00	0.00e+00	0.00e+00	2.12e-09	1.28e-11	1.45e-11
 3.57817e+16	2.24e-09	4.73e-04	9.25e-01	7.50e-02	1.22e-05	0.00e+00	0.00e+00	0.00e+00	0.00e+00	2.21e-09	1.32e-11	1.50e-11
 6.28242e+16	2.35e-09	4.86e-04	9.34e-01	6.60e-02	1.02e-05	0.00e+00	0.00e+00	0.00e+00	0.00e+00	2.32e-09	1.38e-11	1.57e-11
 9.79796e+16	2.50e-09	5.04e-04	9.44e-01	5.56e-02	8.02e-06	0.00e+00	0.00e+00	0.00e+00	0.00e+00	2.47e-09	1.46e-11	1.66e-11
 1.43682e+17	2.69e-09	5.25e-04	9.55e-01	4.40e-02	5.82e-06	0.00e+00	0.00e+00	0.00e+00	0.00e+00	2.66e-09	1.56e-11	1.77e-11
 2.03094e+17	2.96e-09	5.53e-04	9.67e-01	3.21e-02	3.78e-06	0.00e+00	0.00e+00	0.00e+00	0.00e+00	2.92e-09	1.69e-11	1.93e-11
 2.80330e+17	3.30e-09	5.86e-04	9.79e-01	2.09e-02	2.13e-06	0.00e+00	0.00e+00	0.00e+00	0.00e+00	3.26e-09	1.86e-11	2.12e-11
 3.72386e+17	3.76e-09	6.26e-04	9.87e-01	1.23e-02	1.06e-06	0.00e+00	0.00e+00	0.00e+00	0.00e+00	3.72e-09	2.09e-11	2.39e-11
 4.76776e+17	4.30e-09	6.69e-04	9.93e-01	6.65e-03	4.85e-07	0.00e+00	0.00e+00	0.00e+00	0.00e+00	4.25e-09	2.35e-11	2.70e-11
 6.03326e+17	5.02e-09	7.21e-04	9.96e-01	3.18e-03	1.98e-07	0.00e+00	0.00e+00	0.00e+00	0.00e+00	4.96e-09	2.71e-11	3.11e-11
 7.61672e+17	6.06e-09	7.89e-04	9.98e-01	1.31e-03	0.00e+00	0.00e+00	0.00e+00	0.00e+00	0.00e+00	5.99e-09	3.22e-11	3.70e-11
 9.40753e+17	7.42e-09	8.68e-04	9.99e-01	5.26e-04	0.00e+00	0.00e+00	0.00e+00	0.00e+00	0.00e+00	7.34e-09	3.88e-11	4.45e-11
 1.11932e+18	9.02e-09	9.51e-04	9.99e-01	2.42e-04	0.00e+00	0.00e+00	0.00e+00	0.00e+00	0.00e+00	8.92e-09	4.65e-11	5.34e-11
 1.30502e+18	1.09e-08	1.04e-03	9.99e-01	1.28e-04	0.00e+00	0.00e+00	0.00e+00	0.00e+00	0.00e+00	1.08e-08	5.58e-11	6.40e-11
 1.50583e+18	1.34e-08	1.14e-03	9.99e-01	7.58e-05	0.00e+00	0.00e+00	0.00e+00	0.00e+00	0.00e+00	1.33e-08	6.79e-11	7.78e-11
 1.71006e+18	1.64e-08	1.25e-03	9.99e-01	5.11e-05	0.00e+00	0.00e+00	0.00e+00	0.00e+00	0.00e+00	1.62e-08	8.20e-11	9.39e-11
 1.92245e+18	2.00e-08	1.37e-03	9.99e-01	3.68e-05	0.00e+00	0.00e+00	0.00e+00	0.00e+00	0.00e+00	1.98e-08	9.95e-11	1.14e-10
 2.13465e+18	2.43e-08	1.50e-03	9.98e-01	2.81e-05	0.00e+00	0.00e+00	0.00e+00	0.00e+00	0.00e+00	2.40e-08	1.20e-10	1.37e-10
 2.34811e+18	2.94e-08	1.64e-03	9.98e-01	2.20e-05	0.00e+00	0.00e+00	0.00e+00	0.00e+00	0.00e+00	2.91e-08	1.45e-10	1.65e-10
 2.58292e+18	3.60e-08	1.79e-03	9.98e-01	1.72e-05	0.00e+00	0.00e+00	0.00e+00	0.00e+00	0.00e+00	3.56e-08	1.76e-10	2.02e-10
 2.83434e+18	4.44e-08	1.97e-03	9.98e-01	1.36e-05	0.00e+00	0.00e+00	0.00e+00	0.00e+00	0.00e+00	4.39e-08	2.17e-10	2.48e-10
 3.09633e+18	5.49e-08	2.17e-03	9.98e-01	1.08e-05	0.00e+00	0.00e+00	0.00e+00	0.00e+00	0.00e+00	5.43e-08	2.68e-10	3.05e-10
 3.34185e+18	6.67e-08	2.37e-03	9.98e-01	8.81e-06	0.00e+00	0.00e+00	0.00e+00	0.00e+00	0.00e+00	6.60e-08	3.25e-10	3.70e-10
 3.55995e+18	7.87e-08	2.55e-03	9.97e-01	7.43e-06	0.00e+00	0.00e+00	0.00e+00	0.00e+00	0.00e+00	7.79e-08	3.83e-10	4.37e-10
 3.80405e+18	9.46e-08	2.77e-03	9.97e-01	6.17e-06	0.00e+00	0.00e+00	0.00e+00	0.00e+00	0.00e+00	9.37e-08	4.61e-10	5.25e-10
 4.09517e+18	1.17e-07	3.04e-03	9.97e-01	5.01e-06	0.00e+00	0.00e+00	0.00e+00	0.00e+00	0.00e+00	1.16e-07	5.70e-10	6.49e-10
 4.39075e+18	1.45e-07	3.34e-03	9.97e-01	4.11e-06	0.00e+00	0.00e+00	0.00e+00	0.00e+00	0.00e+00	1.43e-07	7.04e-10	8.01e-10
 4.67093e+18	1.76e-07	3.64e-03	9.96e-01	3.44e-06	0.00e+00	0.00e+00	0.00e+00	0.00e+00	0.00e+00	1.74e-07	8.57e-10	9.75e-10
 4.97917e+18	2.16e-07	3.98e-03	9.96e-01	2.84e-06	0.00e+00	0.00e+00	0.00e+00	0.00e+00	0.00e+00	2.13e-07	1.05e-09	1.20e-09
 5.32695e+18	2.72e-07	4.40e-03	9.96e-01	2.32e-06	0.00e+00	0.00e+00	0.00e+00	0.00e+00	0.00e+00	2.69e-07	1.33e-09	1.51e-09
 5.67412e+18	3.40e-07	4.85e-03	9.95e-01	1.92e-06	0.00e+00	0.00e+00	0.00e+00	0.00e+00	0.00e+00	3.36e-07	1.67e-09	1.90e-09
 6.03518e+18	4.25e-07	5.34e-03	9.95e-01	1.58e-06	0.00e+00	0.00e+00	0.00e+00	0.00e+00	0.00e+00	4.21e-07	2.09e-09	2.37e-09
 6.42520e+18	5.41e-07	5.93e-03	9.94e-01	1.30e-06	0.00e+00	0.00e+00	0.00e+00	0.00e+00	0.00e+00	5.36e-07	2.67e-09	3.04e-09
 6.83083e+18	6.91e-07	6.58e-03	9.93e-01	1.07e-06	0.00e+00	0.00e+00	0.00e+00	0.00e+00	0.00e+00	6.83e-07	3.42e-09	3.88e-09
 7.25267e+18	8.82e-07	7.30e-03	9.93e-01	8.83e-07	0.00e+00	0.00e+00	0.00e+00	0.00e+00	0.00e+00	8.72e-07	4.37e-09	4.97e-09
 7.69139e+18	1.13e-06	8.12e-03	9.92e-01	7.30e-07	0.00e+00	0.00e+00	0.00e+00	0.00e+00	0.00e+00	1.12e-06	5.64e-09	6.41e-09
 8.14766e+18	1.47e-06	9.07e-03	9.91e-01	6.03e-07	0.00e+00	0.00e+00	0.00e+00	0.00e+00	0.00e+00	1.46e-06	7.36e-09	8.35e-09
 8.62218e+18	1.92e-06	1.01e-02	9.90e-01	4.99e-07	0.00e+00	0.00e+00	0.00e+00	0.00e+00	0.00e+00	1.90e-06	9.62e-09	1.09e-08
 9.11569e+18	2.52e-06	1.13e-02	9.89e-01	4.14e-07	0.00e+00	0.00e+00	0.00e+00	0.00e+00	0.00e+00	2.49e-06	1.27e-08	1.44e-08
 9.62893e+18	3.33e-06	1.27e-02	9.87e-01	3.43e-07	0.00e+00	0.00e+00	0.00e+00	0.00e+00	0.00e+00	3.30e-06	1.68e-08	1.90e-08
 1.01627e+19	4.46e-06	1.43e-02	9.86e-01	2.85e-07	0.00e+00	0.00e+00	0.00e+00	0.00e+00	0.00e+00	4.42e-06	2.26e-08	2.55e-08
 1.07178e+19	6.06e-06	1.62e-02	9.84e-01	2.36e-07	0.00e+00	0.00e+00	0.00e+00	0.00e+00	0.00e+00	6.00e-06	3.07e-08	3.47e-08
 1.12823e+19	8.26e-06	1.84e-02	9.82e-01	1.97e-07	0.00e+00	0.00e+00	0.00e+00	0.00e+00	0.00e+00	8.18e-06	4.18e-08	4.72e-08
 1.18333e+19	1.13e-05	2.08e-02	9.79e-01	1.66e-07	0.00e+00	0.00e+00	0.00e+00	0.00e+00	0.00e+00	1.11e-05	5.68e-08	6.42e-08
 1.23570e+19	1.52e-05	2.34e-02	9.77e-01	1.42e-07	0.00e+00	0.00e+00	0.00e+00	0.00e+00	0.00e+00	1.51e-05	7.68e-08	8.67e-08
 1.28515e+19	2.05e-05	2.63e-02	9.74e-01	0.00e+00	0.00e+00	0.00e+00	0.00e+00	0.00e+00	0.00e+00	2.03e-05	1.03e-07	1.16e-07
 1.33211e+19	2.75e-05	2.95e-02	9.71e-01	0.00e+00	0.00e+00	0.00e+00	0.00e+00	0.00e+00	0.00e+00	2.72e-05	1.37e-07	1.55e-07
 1.37685e+19	3.68e-05	3.31e-02	9.67e-01	0.00e+00	0.00e+00	0.00e+00	0.00e+00	0.00e+00	0.00e+00	3.65e-05	1.83e-07	2.06e-07
 1.41911e+19	5.21e-05	3.82e-02	9.62e-01	0.00e+00	0.00e+00	0.00e+00	0.00e+00	0.00e+00	0.00e+00	5.16e-05	2.63e-07	2.96e-07
 1.45618e+19	6.94e-05	4.29e-02	9.57e-01	0.00e+00	0.00e+00	0.00e+00	0.00e+00	0.00e+00	0.00e+00	6.86e-05	3.47e-07	3.91e-07
 1.48862e+19	9.05e-05	4.78e-02	9.52e-01	0.00e+00	0.00e+00	0.00e+00	0.00e+00	0.00e+00	0.00e+00	8.96e-05	4.50e-07	5.07e-07
 1.51703e+19	1.16e-04	5.30e-02	9.47e-01	0.00e+00	0.00e+00	0.00e+00	0.00e+00	0.00e+00	0.00e+00	1.15e-04	5.73e-07	6.46e-07
 1.54033e+19	1.44e-04	5.81e-02	9.42e-01	0.00e+00	0.00e+00	0.00e+00	0.00e+00	0.00e+00	0.00e+00	1.43e-04	7.10e-07	8.00e-07
 1.56139e+19	1.78e-04	6.36e-02	9.36e-01	0.00e+00	0.00e+00	0.00e+00	0.00e+00	0.00e+00	0.00e+00	1.77e-04	8.74e-07	9.85e-07
 1.58200e+19	2.23e-04	7.00e-02	9.30e-01	0.00e+00	0.00e+00	0.00e+00	0.00e+00	0.00e+00	0.00e+00	2.20e-04	1.09e-06	1.22e-06
 1.60182e+19	2.79e-04	7.73e-02	9.22e-01	0.00e+00	0.00e+00	0.00e+00	0.00e+00	0.00e+00	0.00e+00	2.77e-04	1.36e-06	1.53e-06
 1.62001e+19	3.50e-04	8.55e-02	9.14e-01	0.00e+00	0.00e+00	0.00e+00	0.00e+00	0.00e+00	0.00e+00	3.46e-04	1.69e-06	1.91e-06
 1.63640e+19	4.35e-04	9.44e-02	9.05e-01	0.00e+00	0.00e+00	0.00e+00	0.00e+00	0.00e+00	0.00e+00	4.31e-04	2.11e-06	2.37e-06
 1.65135e+19	5.39e-04	1.04e-01	8.95e-01	0.00e+00	0.00e+00	0.00e+00	0.00e+00	0.00e+00	0.00e+00	5.33e-04	2.60e-06	2.93e-06
 1.66526e+19	6.67e-04	1.15e-01	8.85e-01	0.00e+00	0.00e+00	0.00e+00	0.00e+00	0.00e+00	0.00e+00	6.60e-04	3.22e-06	3.62e-06
 1.67768e+19	8.17e-04	1.26e-01	8.73e-01	0.00e+00	0.00e+00	0.00e+00	0.00e+00	0.00e+00	0.00e+00	8.08e-04	3.93e-06	4.43e-06
 1.68842e+19	9.85e-04	1.37e-01	8.62e-01	0.00e+00	0.00e+00	0.00e+00	0.00e+00	0.00e+00	0.00e+00	9.74e-04	4.74e-06	5.34e-06
 1.69840e+19	1.19e-03	1.50e-01	8.49e-01	0.00e+00	0.00e+00	0.00e+00	0.00e+00	0.00e+00	0.00e+00	1.17e-03	5.71e-06	6.43e-06
 1.70814e+19	1.44e-03	1.64e-01	8.35e-01	0.00e+00	0.00e+00	0.00e+00	0.00e+00	0.00e+00	0.00e+00	1.42e-03	6.93e-06	7.80e-06
 1.71748e+19	1.75e-03	1.80e-01	8.19e-01	0.00e+00	0.00e+00	0.00e+00	0.00e+00	0.00e+00	0.00e+00	1.73e-03	8.45e-06	9.51e-06
 1.72615e+19	2.13e-03	1.97e-01	8.01e-01	0.00e+00	0.00e+00	0.00e+00	0.00e+00	0.00e+00	0.00e+00	2.11e-03	1.03e-05	1.16e-05
 1.73415e+19	2.58e-03	2.15e-01	7.83e-01	0.00e+00	0.00e+00	0.00e+00	0.00e+00	0.00e+00	0.00e+00	2.55e-03	1.24e-05	1.40e-05
 1.74167e+19	3.12e-03	2.34e-01	7.62e-01	0.00e+00	0.00e+00	0.00e+00	0.00e+00	0.00e+00	0.00e+00	3.09e-03	1.51e-05	1.70e-05
 1.74882e+19	3.78e-03	2.56e-01	7.40e-01	0.00e+00	0.00e+00	0.00e+00	0.00e+00	0.00e+00	0.00e+00	3.74e-03	1.83e-05	2.06e-05
 1.75560e+19	4.61e-03	2.80e-01	7.15e-01	0.00e+00	0.00e+00	0.00e+00	0.00e+00	0.00e+00	0.00e+00	4.56e-03	2.24e-05	2.52e-05
 1.76188e+19	5.59e-03	3.06e-01	6.89e-01	0.00e+00	0.00e+00	0.00e+00	0.00e+00	0.00e+00	0.00e+00	5.53e-03	2.72e-05	3.06e-05
 1.76770e+19	6.76e-03	3.32e-01	6.61e-01	0.00e+00	0.00e+00	0.00e+00	0.00e+00	0.00e+00	0.00e+00	6.69e-03	3.29e-05	3.71e-05
 1.77321e+19	8.19e-03	3.61e-01	6.31e-01	0.00e+00	0.00e+00	0.00e+00	0.00e+00	0.00e+00	0.00e+00	8.10e-03	4.00e-05	4.50e-05
 1.77845e+19	9.93e-03	3.92e-01	5.98e-01	0.00e+00	0.00e+00	0.00e+00	0.00e+00	0.00e+00	0.00e+00	9.83e-03	4.86e-05	5.47e-05
 1.78341e+19	1.20e-02	4.24e-01	5.64e-01	0.00e+00	0.00e+00	0.00e+00	0.00e+00	0.00e+00	0.00e+00	1.19e-02	5.90e-05	6.64e-05
 1.78807e+19	1.46e-02	4.58e-01	5.28e-01	0.00e+00	0.00e+00	0.00e+00	0.00e+00	0.00e+00	0.00e+00	1.44e-02	7.18e-05	8.08e-05
 1.79247e+19	1.77e-02	4.93e-01	4.89e-01	0.00e+00	0.00e+00	0.00e+00	0.00e+00	0.00e+00	0.00e+00	1.75e-02	8.74e-05	9.84e-05
 1.79658e+19	2.15e-02	5.29e-01	4.50e-01	0.00e+00	0.00e+00	0.00e+00	0.00e+00	0.00e+00	0.00e+00	2.12e-02	1.06e-04	1.20e-04
 1.80044e+19	2.60e-02	5.64e-01	4.10e-01	0.00e+00	0.00e+00	0.00e+00	0.00e+00	0.00e+00	0.00e+00	2.57e-02	1.29e-04	1.45e-04
 1.80411e+19	3.14e-02	6.00e-01	3.69e-01	0.00e+00	0.00e+00	0.00e+00	0.00e+00	0.00e+00	0.00e+00	3.11e-02	1.56e-04	1.76e-04
 1.80760e+19	3.81e-02	6.35e-01	3.27e-01	0.00e+00	0.00e+00	0.00e+00	0.00e+00	0.00e+00	0.00e+00	3.77e-02	1.90e-04	2.14e-04
 1.81090e+19	4.63e-02	6.69e-01	2.85e-01	0.00e+00	0.00e+00	0.00e+00	0.00e+00	0.00e+00	0.00e+00	4.58e-02	2.32e-04	2.61e-04
 1.81399e+19	5.60e-02	6.98e-01	2.46e-01	0.00e+00	0.00e+00	0.00e+00	0.00e+00	0.00e+00	0.00e+00	5.54e-02	2.80e-04	3.16e-04
 1.81690e+19	6.78e-02	7.25e-01	2.08e-01	0.00e+00	0.00e+00	0.00e+00	0.00e+00	0.00e+00	0.00e+00	6.71e-02	3.41e-04	3.84e-04
 1.81967e+19	8.22e-02	7.46e-01	1.72e-01	0.00e+00	0.00e+00	0.00e+00	0.00e+00	0.00e+00	0.00e+00	8.13e-02	4.14e-04	4.67e-04
 1.82191e+19	9.67e-02	7.60e-01	1.44e-01	0.00e+00	0.00e+00	0.00e+00	0.00e+00	0.00e+00	0.00e+00	9.57e-02	4.87e-04	5.49e-04
 1.82346e+19	1.09e-01	7.66e-01	1.25e-01	0.00e+00	0.00e+00	0.00e+00	0.00e+00	0.00e+00	0.00e+00	1.08e-01	5.47e-04	6.17e-04
 1.82499e+19	1.23e-01	7.70e-01	1.07e-01	0.00e+00	0.00e+00	0.00e+00	0.00e+00	0.00e+00	0.00e+00	1.22e-01	6.19e-04	6.99e-04
 1.82664e+19	1.41e-01	7.71e-01	8.87e-02	0.00e+00	0.00e+00	0.00e+00	0.00e+00	0.00e+00	0.00e+00	1.39e-01	7.07e-04	7.99e-04
 1.82805e+19	1.58e-01	7.67e-01	7.44e-02	0.00e+00	0.00e+00	0.00e+00	0.00e+00	0.00e+00	0.00e+00	1.57e-01	7.95e-04	8.98e-04
 1.82921e+19	1.75e-01	7.62e-01	6.33e-02	0.00e+00	0.00e+00	0.00e+00	0.00e+00	0.00e+00	0.00e+00	1.73e-01	8.78e-04	9.91e-04
 1.83028e+19	1.93e-01	7.54e-01	5.38e-02	0.00e+00	0.00e+00	0.00e+00	0.00e+00	0.00e+00	0.00e+00	1.91e-01	9.63e-04	1.09e-03
 1.83134e+19	2.12e-01	7.43e-01	4.52e-02	0.00e+00	0.00e+00	0.00e+00	0.00e+00	0.00e+00	0.00e+00	2.10e-01	1.06e-03	1.19e-03
 1.83236e+19	2.33e-01	7.29e-01	3.76e-02	0.00e+00	0.00e+00	0.00e+00	0.00e+00	0.00e+00	0.00e+00	2.31e-01	1.16e-03	1.31e-03
 1.83331e+19	2.56e-01	7.13e-01	3.12e-02	0.00e+00	0.00e+00	0.00e+00	0.00e+00	0.00e+00	0.00e+00	2.53e-01	1.26e-03	1.42e-03
 1.83419e+19	2.78e-01	6.96e-01	2.59e-02	0.00e+00	0.00e+00	0.00e+00	0.00e+00	0.00e+00	0.00e+00	2.75e-01	1.36e-03	1.54e-03
 1.83502e+19	3.02e-01	6.77e-01	2.15e-02	0.00e+00	0.00e+00	0.00e+00	0.00e+00	0.00e+00	0.00e+00	2.99e-01	1.47e-03	1.66e-03
 1.83582e+19	3.26e-01	6.56e-01	1.76e-02	0.00e+00	0.00e+00	0.00e+00	0.00e+00	0.00e+00	0.00e+00	3.23e-01	1.57e-03	1.78e-03
 1.83658e+19	3.52e-01	6.34e-01	1.44e-02	0.00e+00	0.00e+00	0.00e+00	0.00e+00	0.00e+00	0.00e+00	3.48e-01	1.68e-03	1.90e-03
 1.83731e+19	3.79e-01	6.10e-01	1.17e-02	0.00e+00	0.00e+00	0.00e+00	0.00e+00	0.00e+00	0.00e+00	3.75e-01	1.78e-03	2.02e-03
 1.83800e+19	4.06e-01	5.85e-01	9.48e-03	0.00e+00	0.00e+00	0.00e+00	0.00e+00	0.00e+00	0.00e+00	4.02e-01	1.89e-03	2.13e-03
 1.83867e+19	4.33e-01	5.59e-01	7.62e-03	0.00e+00	0.00e+00	0.00e+00	0.00e+00	0.00e+00	0.00e+00	4.29e-01	1.98e-03	2.25e-03
 1.83931e+19	4.62e-01	5.32e-01	6.09e-03	0.00e+00	0.00e+00	0.00e+00	0.00e+00	0.00e+00	0.00e+00	4.57e-01	2.08e-03	2.35e-03
 1.83993e+19	4.90e-01	5.05e-01	4.85e-03	0.00e+00	0.00e+00	0.00e+00	0.00e+00	0.00e+00	0.00e+00	4.85e-01	2.17e-03	2.45e-03
 1.84050e+19	5.17e-01	4.79e-01	3.88e-03	0.00e+00	0.00e+00	0.00e+00	0.00e+00	0.00e+00	0.00e+00	5.12e-01	2.24e-03	2.54e-03
 1.84101e+19	5.42e-01	4.55e-01	3.14e-03	0.00e+00	0.00e+00	0.00e+00	0.00e+00	0.00e+00	0.00e+00	5.37e-01	2.31e-03	2.61e-03
 1.84146e+19	5.65e-01	4.33e-01	2.58e-03	0.00e+00	0.00e+00	0.00e+00	0.00e+00	0.00e+00	0.00e+00	5.60e-01	2.36e-03	2.67e-03
 1.84189e+19	5.86e-01	4.12e-01	2.14e-03	0.00e+00	0.00e+00	0.00e+00	0.00e+00	0.00e+00	0.00e+00	5.81e-01	2.40e-03	2.72e-03
 1.84222e+19	6.02e-01	3.96e-01	1.84e-03	0.00e+00	0.00e+00	0.00e+00	0.00e+00	0.00e+00	0.00e+00	5.97e-01	2.43e-03	2.75e-03
 1.84244e+19	6.13e-01	3.86e-01	1.67e-03	0.00e+00	0.00e+00	0.00e+00	0.00e+00	0.00e+00	0.00e+00	6.07e-01	2.45e-03	2.77e-03
 1.84265e+19	6.23e-01	3.75e-01	1.50e-03	0.00e+00	0.00e+00	0.00e+00	0.00e+00	0.00e+00	0.00e+00	6.18e-01	2.46e-03	2.79e-03
 1.84290e+19	6.36e-01	3.63e-01	1.33e-03	0.00e+00	0.00e+00	0.00e+00	0.00e+00	0.00e+00	0.00e+00	6.31e-01	2.48e-03	2.81e-03
 1.84315e+19	6.49e-01	3.50e-01	1.17e-03	0.00e+00	0.00e+00	0.00e+00	0.00e+00	0.00e+00	0.00e+00	6.43e-01	2.49e-03	2.82e-03
 1.84339e+19	6.61e-01	3.38e-01	1.03e-03	0.00e+00	0.00e+00	0.00e+00	0.00e+00	0.00e+00	0.00e+00	6.56e-01	2.51e-03	2.84e-03
 1.84361e+19	6.72e-01	3.27e-01	9.12e-04	0.00e+00	0.00e+00	0.00e+00	0.00e+00	0.00e+00	0.00e+00	6.67e-01	2.51e-03	2.85e-03
 1.84384e+19	6.84e-01	3.16e-01	8.08e-04	0.00e+00	0.00e+00	0.00e+00	0.00e+00	0.00e+00	0.00e+00	6.78e-01	2.52e-03	2.85e-03
 1.84406e+19	6.95e-01	3.04e-01	7.11e-04	0.00e+00	0.00e+00	0.00e+00	0.00e+00	0.00e+00	0.00e+00	6.90e-01	2.53e-03	2.86e-03
 1.84428e+19	7.06e-01	2.93e-01	6.28e-04	0.00e+00	0.00e+00	0.00e+00	0.00e+00	0.00e+00	0.00e+00	7.01e-01	2.53e-03	2.86e-03
 1.84449e+19	7.17e-01	2.83e-01	5.54e-04	0.00e+00	0.00e+00	0.00e+00	0.00e+00	0.00e+00	0.00e+00	7.12e-01	2.53e-03	2.86e-03
 1.84471e+19	7.27e-01	2.72e-01	4.88e-04	0.00e+00	0.00e+00	0.00e+00	0.00e+00	0.00e+00	0.00e+00	7.22e-01	2.52e-03	2.86e-03
 1.84492e+19	7.38e-01	2.62e-01	4.29e-04	0.00e+00	0.00e+00	0.00e+00	0.00e+00	0.00e+00	0.00e+00	7.32e-01	2.52e-03	2.85e-03
 1.84512e+19	7.48e-01	2.52e-01	3.77e-04	0.00e+00	0.00e+00	0.00e+00	0.00e+00	0.00e+00	0.00e+00	7.42e-01	2.51e-03	2.84e-03
 1.84532e+19	7.57e-01	2.42e-01	3.32e-04	0.00e+00	0.00e+00	0.00e+00	0.00e+00	0.00e+00	0.00e+00	7.52e-01	2.50e-03	2.83e-03
 1.84553e+19	7.67e-01	2.33e-01	2.91e-04	0.00e+00	0.00e+00	0.00e+00	0.00e+00	0.00e+00	0.00e+00	7.62e-01	2.49e-03	2.81e-03
 1.84572e+19	7.76e-01	2.24e-01	2.56e-04	0.00e+00	0.00e+00	0.00e+00	0.00e+00	0.00e+00	0.00e+00	7.71e-01	2.47e-03	2.80e-03
 1.84592e+19	7.85e-01	2.15e-01	2.24e-04	0.00e+00	0.00e+00	0.00e+00	0.00e+00	0.00e+00	0.00e+00	7.80e-01	2.46e-03	2.78e-03
 1.84611e+19	7.94e-01	2.06e-01	1.97e-04	0.00e+00	0.00e+00	0.00e+00	0.00e+00	0.00e+00	0.00e+00	7.89e-01	2.44e-03	2.76e-03
 1.84631e+19	8.02e-01	1.98e-01	1.72e-04	0.00e+00	0.00e+00	0.00e+00	0.00e+00	0.00e+00	0.00e+00	7.97e-01	2.42e-03	2.74e-03
 1.84649e+19	8.10e-01	1.90e-01	1.51e-04	0.00e+00	0.00e+00	0.00e+00	0.00e+00	0.00e+00	0.00e+00	8.05e-01	2.41e-03	2.72e-03
 1.84668e+19	8.18e-01	1.82e-01	1.32e-04	0.00e+00	0.00e+00	0.00e+00	0.00e+00	0.00e+00	0.00e+00	8.13e-01	2.39e-03	2.70e-03
 1.84687e+19	8.26e-01	1.74e-01	1.15e-04	0.00e+00	0.00e+00	0.00e+00	0.00e+00	0.00e+00	0.00e+00	8.21e-01	2.37e-03	2.67e-03
 1.84705e+19	8.33e-01	1.67e-01	1.01e-04	0.00e+00	0.00e+00	0.00e+00	0.00e+00	0.00e+00	0.00e+00	8.28e-01	2.35e-03	2.65e-03
 1.84723e+19	8.40e-01	1.60e-01	8.79e-05	0.00e+00	0.00e+00	0.00e+00	0.00e+00	0.00e+00	0.00e+00	8.35e-01	2.32e-03	2.62e-03
 1.84741e+19	8.47e-01	1.53e-01	7.67e-05	0.00e+00	0.00e+00	0.00e+00	0.00e+00	0.00e+00	0.00e+00	8.42e-01	2.30e-03	2.60e-03
 1.84759e+19	8.54e-01	1.46e-01	6.68e-05	0.00e+00	0.00e+00	0.00e+00	0.00e+00	0.00e+00	0.00e+00	8.49e-01	2.28e-03	2.57e-03
 1.84777e+19	8.60e-01	1.40e-01	5.83e-05	0.00e+00	0.00e+00	0.00e+00	0.00e+00	0.00e+00	0.00e+00	8.55e-01	2.26e-03	2.54e-03
 1.84794e+19	8.66e-01	1.34e-01	5.08e-05	0.00e+00	0.00e+00	0.00e+00	0.00e+00	0.00e+00	0.00e+00	8.61e-01	2.23e-03	2.52e-03
 1.84811e+19	8.72e-01	1.28e-01	4.43e-05	0.00e+00	0.00e+00	0.00e+00	0.00e+00	0.00e+00	0.00e+00	8.67e-01	2.21e-03	2.49e-03
 1.84828e+19	8.78e-01	1.22e-01	3.87e-05	0.00e+00	0.00e+00	0.00e+00	0.00e+00	0.00e+00	0.00e+00	8.73e-01	2.19e-03	2.47e-03
 1.84844e+19	8.83e-01	1.17e-01	3.39e-05	0.00e+00	0.00e+00	0.00e+00	0.00e+00	0.00e+00	0.00e+00	8.78e-01	2.17e-03	2.44e-03
 1.84860e+19	8.88e-01	1.12e-01	2.96e-05	0.00e+00	0.00e+00	0.00e+00	0.00e+00	0.00e+00	0.00e+00	8.83e-01	2.15e-03	2.42e-03
 1.84876e+19	8.93e-01	1.07e-01	2.60e-05	0.00e+00	0.00e+00	0.00e+00	0.00e+00	0.00e+00	0.00e+00	8.88e-01	2.13e-03	2.39e-03
 1.84891e+19	8.97e-01	1.03e-01	2.28e-05	0.00e+00	0.00e+00	0.00e+00	0.00e+00	0.00e+00	0.00e+00	8.93e-01	2.11e-03	2.37e-03
 1.84906e+19	9.01e-01	9.86e-02	2.00e-05	0.00e+00	0.00e+00	0.00e+00	0.00e+00	0.00e+00	0.00e+00	8.97e-01	2.09e-03	2.34e-03
 1.84921e+19	9.06e-01	9.44e-02	1.75e-05	0.00e+00	0.00e+00	0.00e+00	0.00e+00	0.00e+00	0.00e+00	9.01e-01	2.07e-03	2.32e-03
 1.84936e+19	9.09e-01	9.05e-02	1.54e-05	0.00e+00	0.00e+00	0.00e+00	0.00e+00	0.00e+00	0.00e+00	9.05e-01	2.05e-03	2.30e-03
 1.84951e+19	9.13e-01	8.67e-02	1.36e-05	0.00e+00	0.00e+00	0.00e+00	0.00e+00	0.00e+00	0.00e+00	9.09e-01	2.03e-03	2.27e-03
 1.84965e+19	9.17e-01	8.31e-02	1.19e-05	0.00e+00	0.00e+00	0.00e+00	0.00e+00	0.00e+00	0.00e+00	9.13e-01	2.01e-03	2.25e-03
 1.84979e+19	9.20e-01	7.97e-02	1.05e-05	0.00e+00	0.00e+00	0.00e+00	0.00e+00	0.00e+00	0.00e+00	9.16e-01	1.99e-03	2.23e-03
 1.84993e+19	9.24e-01	7.64e-02	9.27e-06	0.00e+00	0.00e+00	0.00e+00	0.00e+00	0.00e+00	0.00e+00	9.19e-01	1.98e-03	2.21e-03
 1.85007e+19	9.27e-01	7.33e-02	8.17e-06	0.00e+00	0.00e+00	0.00e+00	0.00e+00	0.00e+00	0.00e+00	9.23e-01	1.96e-03	2.19e-03
 1.85020e+19	9.30e-01	7.03e-02	7.21e-06	0.00e+00	0.00e+00	0.00e+00	0.00e+00	0.00e+00	0.00e+00	9.26e-01	1.94e-03	2.17e-03
 1.85034e+19	9.33e-01	6.75e-02	6.37e-06	0.00e+00	0.00e+00	0.00e+00	0.00e+00	0.00e+00	0.00e+00	9.28e-01	1.93e-03	2.15e-03
 1.85047e+19	9.35e-01	6.48e-02	5.63e-06	0.00e+00	0.00e+00	0.00e+00	0.00e+00	0.00e+00	0.00e+00	9.31e-01	1.91e-03	2.14e-03
 1.85060e+19	9.38e-01	6.22e-02	4.98e-06	0.00e+00	0.00e+00	0.00e+00	0.00e+00	0.00e+00	0.00e+00	9.34e-01	1.90e-03	2.12e-03
 1.85073e+19	9.40e-01	5.97e-02	4.41e-06	0.00e+00	0.00e+00	0.00e+00	0.00e+00	0.00e+00	0.00e+00	9.36e-01	1.89e-03	2.10e-03
 1.85086e+19	9.43e-01	5.73e-02	3.90e-06	0.00e+00	0.00e+00	0.00e+00	0.00e+00	0.00e+00	0.00e+00	9.39e-01	1.87e-03	2.09e-03
 1.85098e+19	9.45e-01	5.50e-02	3.46e-06	0.00e+00	0.00e+00	0.00e+00	0.00e+00	0.00e+00	0.00e+00	9.41e-01	1.86e-03	2.07e-03
 1.85111e+19	9.47e-01	5.28e-02	3.06e-06	0.00e+00	0.00e+00	0.00e+00	0.00e+00	0.00e+00	0.00e+00	9.43e-01	1.85e-03	2.06e-03
 1.85123e+19	9.49e-01	5.07e-02	2.72e-06	0.00e+00	0.00e+00	0.00e+00	0.00e+00	0.00e+00	0.00e+00	9.45e-01	1.84e-03	2.04e-03
 1.85135e+19	9.51e-01	4.87e-02	2.41e-06	0.00e+00	0.00e+00	0.00e+00	0.00e+00	0.00e+00	0.00e+00	9.47e-01	1.83e-03	2.03e-03
 1.85147e+19	9.53e-01	4.68e-02	2.14e-06	0.00e+00	0.00e+00	0.00e+00	0.00e+00	0.00e+00	0.00e+00	9.49e-01	1.82e-03	2.02e-03
 1.85159e+19	9.55e-01	4.50e-02	1.90e-06	0.00e+00	0.00e+00	0.00e+00	0.00e+00	0.00e+00	0.00e+00	9.51e-01	1.81e-03	2.01e-03
 1.85171e+19	9.57e-01	4.32e-02	1.69e-06	0.00e+00	0.00e+00	0.00e+00	0.00e+00	0.00e+00	0.00e+00	9.53e-01	1.80e-03	1.99e-03
 1.85182e+19	9.58e-01	4.15e-02	1.50e-06	0.00e+00	0.00e+00	0.00e+00	0.00e+00	0.00e+00	0.00e+00	9.55e-01	1.79e-03	1.98e-03
 1.85194e+19	9.60e-01	3.99e-02	1.34e-06	0.00e+00	0.00e+00	0.00e+00	0.00e+00	0.00e+00	0.00e+00	9.56e-01	1.78e-03	1.97e-03
 1.85205e+19	9.62e-01	3.84e-02	1.19e-06	0.00e+00	0.00e+00	0.00e+00	0.00e+00	0.00e+00	0.00e+00	9.58e-01	1.77e-03	1.96e-03
 1.85216e+19	9.63e-01	3.69e-02	1.06e-06	0.00e+00	0.00e+00	0.00e+00	0.00e+00	0.00e+00	0.00e+00	9.59e-01	1.77e-03	1.95e-03
 1.85227e+19	9.65e-01	3.54e-02	9.45e-07	0.00e+00	0.00e+00	0.00e+00	0.00e+00	0.00e+00	0.00e+00	9.61e-01	1.76e-03	1.95e-03
 1.85238e+19	9.66e-01	3.41e-02	8.42e-07	0.00e+00	0.00e+00	0.00e+00	0.00e+00	0.00e+00	0.00e+00	9.62e-01	1.75e-03	1.94e-03
 1.85249e+19	9.67e-01	3.28e-02	7.51e-07	0.00e+00	0.00e+00	0.00e+00	0.00e+00	0.00e+00	0.00e+00	9.64e-01	1.75e-03	1.93e-03
 1.85260e+19	9.68e-01	3.15e-02	6.70e-07	0.00e+00	0.00e+00	0.00e+00	0.00e+00	0.00e+00	0.00e+00	9.65e-01	1.74e-03	1.93e-03
 1.85270e+19	9.70e-01	3.03e-02	5.99e-07	0.00e+00	0.00e+00	0.00e+00	0.00e+00	0.00e+00	0.00e+00	9.66e-01	1.74e-03	1.92e-03
 1.85281e+19	9.71e-01	2.91e-02	5.35e-07	0.00e+00	0.00e+00	0.00e+00	0.00e+00	0.00e+00	0.00e+00	9.67e-01	1.74e-03	1.91e-03
 1.85291e+19	9.72e-01	2.80e-02	4.78e-07	0.00e+00	0.00e+00	0.00e+00	0.00e+00	0.00e+00	0.00e+00	9.68e-01	1.73e-03	1.91e-03
 1.85301e+19	9.73e-01	2.69e-02	4.27e-07	0.00e+00	0.00e+00	0.00e+00	0.00e+00	0.00e+00	0.00e+00	9.69e-01	1.73e-03	1.91e-03
 1.85311e+19	9.74e-01	2.59e-02	3.82e-07	0.00e+00	0.00e+00	0.00e+00	0.00e+00	0.00e+00	0.00e+00	9.70e-01	1.73e-03	1.90e-03
 1.85321e+19	9.75e-01	2.49e-02	3.42e-07	0.00e+00	0.00e+00	0.00e+00	0.00e+00	0.00e+00	0.00e+00	9.71e-01	1.73e-03	1.90e-03
 1.85331e+19	9.76e-01	2.39e-02	3.06e-07	0.00e+00	0.00e+00	0.00e+00	0.00e+00	0.00e+00	0.00e+00	9.72e-01	1.73e-03	1.90e-03
 1.85340e+19	9.77e-01	2.30e-02	2.75e-07	0.00e+00	0.00e+00	0.00e+00	0.00e+00	0.00e+00	0.00e+00	9.73e-01	1.73e-03	1.90e-03
 1.85350e+19	9.78e-01	2.21e-02	2.47e-07	0.00e+00	0.00e+00	0.00e+00	0.00e+00	0.00e+00	0.00e+00	9.74e-01	1.73e-03	1.91e-03
 1.85358e+19	9.79e-01	2.13e-02	2.22e-07	0.00e+00	0.00e+00	0.00e+00	0.00e+00	0.00e+00	0.00e+00	9.75e-01	1.74e-03	1.91e-03
 1.85367e+19	9.80e-01	2.04e-02	1.99e-07	0.00e+00	0.00e+00	0.00e+00	0.00e+00	0.00e+00	0.00e+00	9.76e-01	1.74e-03	1.91e-03
 1.85376e+19	9.80e-01	1.96e-02	1.79e-07	0.00e+00	0.00e+00	0.00e+00	0.00e+00	0.00e+00	0.00e+00	9.77e-01	1.75e-03	1.91e-03
 1.85384e+19	9.81e-01	1.88e-02	1.61e-07	0.00e+00	0.00e+00	0.00e+00	0.00e+00	0.00e+00	0.00e+00	9.78e-01	1.76e-03	1.92e-03
 1.85391e+19	9.82e-01	1.80e-02	1.45e-07	0.00e+00	0.00e+00	0.00e+00	0.00e+00	0.00e+00	0.00e+00	9.78e-01	1.77e-03	1.93e-03
 1.85398e+19	9.83e-01	1.73e-02	1.32e-07	0.00e+00	0.00e+00	0.00e+00	0.00e+00	0.00e+00	0.00e+00	9.79e-01	1.78e-03	1.94e-03
 1.85404e+19	9.83e-01	1.66e-02	1.21e-07	0.00e+00	0.00e+00	0.00e+00	0.00e+00	0.00e+00	0.00e+00	9.80e-01	1.80e-03	1.95e-03
 1.85409e+19	9.84e-01	1.61e-02	1.12e-07	0.00e+00	0.00e+00	0.00e+00	0.00e+00	0.00e+00	0.00e+00	9.80e-01	1.81e-03	1.97e-03
 1.85413e+19	9.84e-01	1.56e-02	1.05e-07	0.00e+00	0.00e+00	0.00e+00	0.00e+00	0.00e+00	0.00e+00	9.81e-01	1.83e-03	1.98e-03
 1.85416e+19	9.85e-01	1.52e-02	9.94e-08	0.00e+00	0.00e+00	0.00e+00	0.00e+00	0.00e+00	0.00e+00	9.81e-01	1.85e-03	1.99e-03
 1.85419e+19	9.85e-01	1.48e-02	9.45e-08	0.00e+00	0.00e+00	0.00e+00	0.00e+00	0.00e+00	0.00e+00	9.81e-01	1.86e-03	2.01e-03
 1.85422e+19	9.86e-01	1.45e-02	9.06e-08	0.00e+00	0.00e+00	0.00e+00	0.00e+00	0.00e+00	0.00e+00	9.82e-01	1.87e-03	2.02e-03
 1.85424e+19	9.86e-01	1.41e-02	8.60e-08	0.00e+00	0.00e+00	0.00e+00	0.00e+00	0.00e+00	0.00e+00	9.82e-01	1.90e-03	2.04e-03
 1.85426e+19	9.86e-01	1.37e-02	8.21e-08	0.00e+00	0.00e+00	0.00e+00	0.00e+00	0.00e+00	0.00e+00	9.82e-01	1.92e-03	2.06e-03
 1.85428e+19	9.87e-01	1.34e-02	7.85e-08	0.00e+00	0.00e+00	0.00e+00	0.00e+00	0.00e+00	0.00e+00	9.83e-01	1.94e-03	2.08e-03
 1.85430e+19	9.87e-01	1.30e-02	7.48e-08	0.00e+00	0.00e+00	0.00e+00	0.00e+00	0.00e+00	0.00e+00	9.83e-01	1.96e-03	2.10e-03
 1.85432e+19	9.87e-01	1.26e-02	7.10e-08	0.00e+00	0.00e+00	0.00e+00	0.00e+00	0.00e+00	0.00e+00	9.83e-01	1.99e-03	2.13e-03
 1.85433e+19	9.88e-01	1.21e-02	6.68e-08	0.00e+00	0.00e+00	0.00e+00	0.00e+00	0.00e+00	0.00e+00	9.84e-01	2.03e-03	2.16e-03
 1.85435e+19	9.89e-01	1.15e-02	6.16e-08	0.00e+00	0.00e+00	0.00e+00	0.00e+00	0.00e+00	0.00e+00	9.84e-01	2.08e-03	2.22e-03
 1.85437e+19	9.90e-01	1.04e-02	5.38e-08	0.00e+00	0.00e+00	0.00e+00	0.00e+00	0.00e+00	0.00e+00	9.85e-01	2.20e-03	2.32e-03
 1.85439e+19	9.96e-01	3.68e-03	1.34e-08	0.00e+00	0.00e+00	0.00e+00	0.00e+00	0.00e+00	0.00e+00	9.91e-01	2.91e-03	2.89e-03
