#depth	C	C+	C+2	C+3	C+4	C+5	C+6	C[1]	C[2]	C[3]	C+[1]	C+[2]	CO
 1.24341e+15	1.55e-11	1.05e-05	8.86e-02	9.02e-01	9.26e-03	0.00e+00	0.00e+00	1.81e-12	5.83e-12	7.83e-12	5.76e-06	4.69e-06	1.19e-36
 7.46046e+15	1.56e-11	1.05e-05	8.89e-02	9.02e-01	9.20e-03	0.00e+00	0.00e+00	1.83e-12	5.89e-12	7.92e-12	5.81e-06	4.73e-06	1.22e-36
 3.23286e+16	1.63e-11	1.09e-05	9.02e-02	9.01e-01	8.96e-03	0.00e+00	0.00e+00	1.91e-12	6.16e-12	8.27e-12	6.00e-06	4.86e-06	1.36e-36
 1.27575e+17	1.93e-11	1.21e-05	9.51e-02	8.97e-01	8.10e-03	0.00e+00	0.00e+00	2.25e-12	7.26e-12	9.74e-12	6.73e-06	5.39e-06	2.02e-36
 2.81292e+17	2.55e-11	1.46e-05	1.04e-01	8.89e-01	6.87e-03	0.00e+00	0.00e+00	2.99e-12	9.66e-12	1.29e-11	8.30e-06	6.35e-06	3.97e-36
 4.41158e+17	3.35e-11	1.75e-05	1.13e-01	8.81e-01	5.80e-03	0.00e+00	0.00e+00	3.92e-12	1.27e-11	1.69e-11	1.01e-05	7.47e-06	7.62e-36
 6.07418e+17	4.39e-11	2.10e-05	1.23e-01	8.72e-01	4.86e-03	0.00e+00	0.00e+00	5.13e-12	1.67e-11	2.21e-11	1.22e-05	8.77e-06	1.46e-35
 7.80329e+17	5.72e-11	2.50e-05	1.33e-01	8.63e-01	4.04e-03	0.00e+00	0.00e+00	6.68e-12	2.17e-11	2.87e-11	1.47e-05	1.03e-05	2.76e-35
 9.60156e+17	7.45e-11	2.98e-05	1.45e-01	8.52e-01	3.32e-03	0.00e+00	0.00e+00	8.70e-12	2.84e-11	3.74e-11	1.78e-05	1.20e-05	5.27e-35
 1.14718e+18	9.67e-11	3.54e-05	1.56e-01	8.41e-01	2.71e-03	0.00e+00	0.00e+00	1.13e-11	3.69e-11	4.85e-11	2.14e-05	1.40e-05	9.94e-35
 1.34168e+18	1.25e-10	4.19e-05	1.69e-01	8.29e-01	2.18e-03	0.00e+00	0.00e+00	1.46e-11	4.78e-11	6.28e-11	2.56e-05	1.63e-05	1.87e-34
 1.54396e+18	1.61e-10	4.95e-05	1.82e-01	8.16e-01	1.74e-03	0.00e+00	0.00e+00	1.88e-11	6.17e-11	8.09e-11	3.05e-05	1.90e-05	3.50e-34
 1.75433e+18	2.08e-10	5.83e-05	1.96e-01	8.02e-01	1.37e-03	0.00e+00	0.00e+00	2.42e-11	7.95e-11	1.04e-10	3.63e-05	2.20e-05	6.54e-34
 1.97312e+18	2.67e-10	6.86e-05	2.11e-01	7.88e-01	1.06e-03	0.00e+00	0.00e+00	3.11e-11	1.02e-10	1.34e-10	4.31e-05	2.55e-05	1.22e-33
 2.20066e+18	3.43e-10	8.07e-05	2.26e-01	7.73e-01	8.19e-04	0.00e+00	0.00e+00	3.99e-11	1.31e-10	1.72e-10	5.12e-05	2.95e-05	2.28e-33
 2.43730e+18	4.37e-10	9.42e-05	2.42e-01	7.57e-01	6.27e-04	0.00e+00	0.00e+00	5.08e-11	1.67e-10	2.18e-10	6.02e-05	3.40e-05	4.19e-33
 2.68340e+18	5.55e-10	1.10e-04	2.59e-01	7.41e-01	4.76e-04	0.00e+00	0.00e+00	6.45e-11	2.13e-10	2.78e-10	7.08e-05	3.90e-05	7.69e-33
 2.93935e+18	7.06e-10	1.28e-04	2.76e-01	7.23e-01	3.59e-04	0.00e+00	0.00e+00	8.21e-11	2.71e-10	3.53e-10	8.31e-05	4.49e-05	1.42e-32
 3.18791e+18	8.84e-10	1.48e-04	2.93e-01	7.07e-01	2.76e-04	0.00e+00	0.00e+00	1.03e-10	3.40e-10	4.42e-10	9.65e-05	5.12e-05	2.53e-32
 3.42153e+18	1.08e-09	1.68e-04	3.09e-01	6.91e-01	2.16e-04	0.00e+00	0.00e+00	1.26e-10	4.17e-10	5.42e-10	1.10e-04	5.77e-05	4.29e-32
 3.68212e+18	1.34e-09	1.92e-04	3.26e-01	6.73e-01	1.65e-04	0.00e+00	0.00e+00	1.56e-10	5.16e-10	6.71e-10	1.27e-04	6.54e-05	7.49e-32
 3.97802e+18	1.70e-09	2.22e-04	3.46e-01	6.54e-01	1.24e-04	0.00e+00	0.00e+00	1.97e-10	6.52e-10	8.46e-10	1.48e-04	7.48e-05	1.38e-31
 4.27291e+18	2.12e-09	2.55e-04	3.65e-01	6.34e-01	9.40e-05	0.00e+00	0.00e+00	2.45e-10	8.14e-10	1.06e-09	1.70e-04	8.51e-05	2.48e-31
 4.57959e+18	2.63e-09	2.92e-04	3.85e-01	6.15e-01	7.15e-05	0.00e+00	0.00e+00	3.05e-10	1.01e-09	1.31e-09	1.96e-04	9.67e-05	4.44e-31
 4.91139e+18	3.30e-09	3.36e-04	4.06e-01	5.94e-01	5.42e-05	0.00e+00	0.00e+00	3.82e-10	1.27e-09	1.65e-09	2.26e-04	1.10e-04	8.15e-31
 5.25646e+18	4.13e-09	3.86e-04	4.27e-01	5.73e-01	4.13e-05	0.00e+00	0.00e+00	4.78e-10	1.59e-09	2.06e-09	2.60e-04	1.25e-04	1.49e-30
 5.61533e+18	5.15e-09	4.42e-04	4.48e-01	5.51e-01	3.18e-05	0.00e+00	0.00e+00	5.96e-10	1.98e-09	2.57e-09	2.99e-04	1.43e-04	2.72e-30
 5.98856e+18	6.42e-09	5.05e-04	4.70e-01	5.30e-01	2.47e-05	0.00e+00	0.00e+00	7.43e-10	2.47e-09	3.21e-09	3.43e-04	1.62e-04	4.96e-30
 6.37672e+18	7.98e-09	5.76e-04	4.91e-01	5.08e-01	1.93e-05	0.00e+00	0.00e+00	9.23e-10	3.07e-09	3.98e-09	3.93e-04	1.83e-04	9.01e-30
 6.78040e+18	9.90e-09	6.56e-04	5.13e-01	4.86e-01	1.53e-05	0.00e+00	0.00e+00	1.14e-09	3.81e-09	4.94e-09	4.48e-04	2.08e-04	1.63e-29
 7.20023e+18	1.23e-08	7.45e-04	5.35e-01	4.65e-01	1.22e-05	0.00e+00	0.00e+00	1.42e-09	4.72e-09	6.12e-09	5.10e-04	2.35e-04	2.95e-29
 7.63685e+18	1.52e-08	8.45e-04	5.56e-01	4.43e-01	9.85e-06	0.00e+00	0.00e+00	1.75e-09	5.83e-09	7.57e-09	5.80e-04	2.65e-04	5.32e-29
 8.09094e+18	1.87e-08	9.57e-04	5.78e-01	4.21e-01	8.01e-06	0.00e+00	0.00e+00	2.16e-09	7.19e-09	9.34e-09	6.58e-04	2.99e-04	9.57e-29
 8.56319e+18	2.30e-08	1.08e-03	5.99e-01	4.00e-01	6.57e-06	0.00e+00	0.00e+00	2.66e-09	8.85e-09	1.15e-08	7.44e-04	3.37e-04	1.71e-28
 9.05433e+18	2.83e-08	1.22e-03	6.19e-01	3.79e-01	5.43e-06	0.00e+00	0.00e+00	3.27e-09	1.09e-08	1.41e-08	8.41e-04	3.79e-04	3.06e-28
 9.56512e+18	3.47e-08	1.37e-03	6.40e-01	3.59e-01	4.51e-06	0.00e+00	0.00e+00	4.01e-09	1.33e-08	1.74e-08	9.48e-04	4.25e-04	5.45e-28
 1.00963e+19	4.24e-08	1.54e-03	6.59e-01	3.39e-01	3.78e-06	0.00e+00	0.00e+00	4.89e-09	1.63e-08	2.12e-08	1.07e-03	4.76e-04	9.60e-28
 1.06149e+19	5.14e-08	1.72e-03	6.78e-01	3.21e-01	3.21e-06	0.00e+00	0.00e+00	5.93e-09	1.98e-08	2.57e-08	1.19e-03	5.31e-04	1.66e-27
 1.10998e+19	6.10e-08	1.90e-03	6.94e-01	3.04e-01	2.78e-06	0.00e+00	0.00e+00	7.04e-09	2.34e-08	3.05e-08	1.31e-03	5.84e-04	2.69e-27
 1.16380e+19	7.29e-08	2.10e-03	7.10e-01	2.88e-01	2.40e-06	0.00e+00	0.00e+00	8.41e-09	2.80e-08	3.65e-08	1.45e-03	6.45e-04	4.46e-27
 1.22521e+19	8.91e-08	2.35e-03	7.28e-01	2.70e-01	2.05e-06	0.00e+00	0.00e+00	1.03e-08	3.42e-08	4.46e-08	1.63e-03	7.22e-04	7.89e-27
 1.28618e+19	1.08e-07	2.61e-03	7.44e-01	2.53e-01	1.77e-06	0.00e+00	0.00e+00	1.24e-08	4.13e-08	5.40e-08	1.81e-03	8.02e-04	1.35e-26
 1.34959e+19	1.30e-07	2.90e-03	7.60e-01	2.37e-01	1.53e-06	0.00e+00	0.00e+00	1.50e-08	4.99e-08	6.52e-08	2.01e-03	8.91e-04	2.31e-26
 1.41833e+19	1.58e-07	3.24e-03	7.76e-01	2.21e-01	1.32e-06	0.00e+00	0.00e+00	1.82e-08	6.06e-08	7.93e-08	2.24e-03	9.92e-04	4.02e-26
 1.48482e+19	1.90e-07	3.58e-03	7.90e-01	2.07e-01	1.16e-06	0.00e+00	0.00e+00	2.18e-08	7.27e-08	9.51e-08	2.48e-03	1.10e-03	6.76e-26
 1.54465e+19	2.22e-07	3.90e-03	8.01e-01	1.95e-01	1.03e-06	0.00e+00	0.00e+00	2.56e-08	8.51e-08	1.12e-07	2.71e-03	1.20e-03	1.06e-25
 1.59850e+19	2.55e-07	4.21e-03	8.11e-01	1.84e-01	9.39e-07	0.00e+00	0.00e+00	2.94e-08	9.77e-08	1.28e-07	2.92e-03	1.29e-03	1.57e-25
 1.64697e+19	2.88e-07	4.50e-03	8.20e-01	1.76e-01	8.64e-07	0.00e+00	0.00e+00	3.31e-08	1.10e-07	1.45e-07	3.12e-03	1.38e-03	2.21e-25
 1.69059e+19	3.21e-07	4.77e-03	8.27e-01	1.69e-01	8.03e-07	0.00e+00	0.00e+00	3.69e-08	1.23e-07	1.61e-07	3.30e-03	1.46e-03	2.99e-25
 1.72985e+19	3.52e-07	5.02e-03	8.33e-01	1.62e-01	7.53e-07	0.00e+00	0.00e+00	4.05e-08	1.35e-07	1.77e-07	3.47e-03	1.54e-03	3.91e-25
 1.76518e+19	3.83e-07	5.25e-03	8.38e-01	1.57e-01	7.12e-07	0.00e+00	0.00e+00	4.41e-08	1.46e-07	1.92e-07	3.63e-03	1.61e-03	4.95e-25
 1.79698e+19	4.12e-07	5.46e-03	8.42e-01	1.52e-01	6.78e-07	0.00e+00	0.00e+00	4.74e-08	1.58e-07	2.07e-07	3.78e-03	1.68e-03	6.09e-25
 1.82560e+19	4.40e-07	5.66e-03	8.46e-01	1.48e-01	6.50e-07	0.00e+00	0.00e+00	5.06e-08	1.68e-07	2.21e-07	3.91e-03	1.74e-03	7.34e-25
 1.85136e+19	4.67e-07	5.84e-03	8.50e-01	1.44e-01	6.25e-07	0.00e+00	0.00e+00	5.37e-08	1.78e-07	2.35e-07	4.04e-03	1.80e-03	8.65e-25
 1.87454e+19	4.92e-07	6.01e-03	8.53e-01	1.41e-01	6.04e-07	0.00e+00	0.00e+00	5.66e-08	1.88e-07	2.48e-07	4.15e-03	1.85e-03	1.00e-24
 1.89594e+19	5.16e-07	6.16e-03	8.55e-01	1.38e-01	5.86e-07	0.00e+00	0.00e+00	5.94e-08	1.97e-07	2.60e-07	4.26e-03	1.90e-03	1.15e-24
 1.91677e+19	5.41e-07	6.32e-03	8.58e-01	1.36e-01	5.68e-07	0.00e+00	0.00e+00	6.22e-08	2.06e-07	2.72e-07	4.36e-03	1.95e-03	1.31e-24
 1.93760e+19	5.66e-07	6.47e-03	8.60e-01	1.33e-01	5.52e-07	0.00e+00	0.00e+00	6.50e-08	2.16e-07	2.85e-07	4.47e-03	2.00e-03	1.48e-24
 1.95843e+19	5.92e-07	6.63e-03	8.63e-01	1.31e-01	5.36e-07	0.00e+00	0.00e+00	6.81e-08	2.26e-07	2.98e-07	4.58e-03	2.05e-03	1.69e-24
 1.97926e+19	6.19e-07	6.79e-03	8.65e-01	1.28e-01	5.21e-07	0.00e+00	0.00e+00	7.12e-08	2.36e-07	3.12e-07	4.69e-03	2.10e-03	1.91e-24
 2.00009e+19	6.48e-07	6.95e-03	8.67e-01	1.26e-01	5.06e-07	0.00e+00	0.00e+00	7.45e-08	2.47e-07	3.26e-07	4.80e-03	2.15e-03	2.17e-24
 2.02093e+19	6.78e-07	7.12e-03	8.70e-01	1.23e-01	4.92e-07	0.00e+00	0.00e+00	7.79e-08	2.58e-07	3.41e-07	4.91e-03	2.21e-03	2.46e-24
 2.04176e+19	7.08e-07	7.28e-03	8.72e-01	1.21e-01	4.79e-07	0.00e+00	0.00e+00	8.13e-08	2.70e-07	3.56e-07	5.03e-03	2.26e-03	2.78e-24
 2.06259e+19	7.40e-07	7.45e-03	8.74e-01	1.19e-01	4.66e-07	0.00e+00	0.00e+00	8.50e-08	2.82e-07	3.73e-07	5.14e-03	2.31e-03	3.14e-24
 2.07809e+19	7.64e-07	7.58e-03	8.75e-01	1.17e-01	4.56e-07	0.00e+00	0.00e+00	8.78e-08	2.91e-07	3.85e-07	5.23e-03	2.35e-03	3.44e-24
