#depth	C	C+	C+2	C+3	C+4	C+5	C+6	C[1]	C[2]	C[3]	C+[1]	C+[2]	CO
 1.24912e+15	1.55e-11	1.04e-05	8.86e-02	9.02e-01	9.22e-03	0.00e+00	0.00e+00	1.82e-12	5.86e-12	7.87e-12	6.02e-06	4.41e-06	1.16e-36
 7.49469e+15	1.56e-11	1.04e-05	8.86e-02	9.02e-01	9.19e-03	0.00e+00	0.00e+00	1.82e-12	5.86e-12	7.87e-12	6.03e-06	4.41e-06	1.17e-36
 3.24770e+16	1.58e-11	1.06e-05	8.91e-02	9.02e-01	9.05e-03	0.00e+00	0.00e+00	1.85e-12	5.95e-12	7.98e-12	6.11e-06	4.45e-06	1.21e-36
 1.27819e+17	1.61e-11	1.07e-05	8.99e-02	9.01e-01	8.65e-03	0.00e+00	0.00e+00	1.90e-12	6.11e-12	8.14e-12	6.27e-06	4.46e-06	1.31e-36
 2.81546e+17	1.80e-11	1.16e-05	9.31e-02	8.99e-01	7.89e-03	0.00e+00	0.00e+00	2.13e-12	6.88e-12	9.03e-12	6.92e-06	4.66e-06	1.73e-36
 4.41422e+17	2.02e-11	1.25e-05	9.64e-02	8.96e-01	7.20e-03	0.00e+00	0.00e+00	2.39e-12	7.74e-12	1.00e-11	7.59e-06	4.89e-06	2.29e-36
 6.07693e+17	2.25e-11	1.34e-05	9.98e-02	8.94e-01	6.55e-03	0.00e+00	0.00e+00	2.67e-12	8.69e-12	1.11e-11	8.32e-06	5.12e-06	3.02e-36
 7.80615e+17	2.51e-11	1.45e-05	1.03e-01	8.91e-01	5.96e-03	0.00e+00	0.00e+00	3.00e-12	9.76e-12	1.24e-11	9.12e-06	5.36e-06	3.97e-36
 9.60453e+17	2.80e-11	1.56e-05	1.07e-01	8.88e-01	5.40e-03	0.00e+00	0.00e+00	3.36e-12	1.10e-11	1.37e-11	9.99e-06	5.61e-06	5.23e-36
 1.14749e+18	3.13e-11	1.68e-05	1.11e-01	8.84e-01	4.89e-03	0.00e+00	0.00e+00	3.77e-12	1.23e-11	1.52e-11	1.09e-05	5.86e-06	6.87e-36
 1.34200e+18	3.49e-11	1.81e-05	1.15e-01	8.81e-01	4.42e-03	0.00e+00	0.00e+00	4.23e-12	1.39e-11	1.69e-11	1.20e-05	6.12e-06	9.00e-36
 1.54429e+18	3.90e-11	1.95e-05	1.19e-01	8.77e-01	3.98e-03	0.00e+00	0.00e+00	4.74e-12	1.56e-11	1.87e-11	1.31e-05	6.38e-06	1.18e-35
 1.75468e+18	4.35e-11	2.10e-05	1.23e-01	8.73e-01	3.58e-03	0.00e+00	0.00e+00	5.32e-12	1.75e-11	2.07e-11	1.43e-05	6.64e-06	1.54e-35
 1.97348e+18	4.85e-11	2.25e-05	1.27e-01	8.70e-01	3.22e-03	0.00e+00	0.00e+00	5.97e-12	1.97e-11	2.29e-11	1.56e-05	6.90e-06	2.01e-35
 2.20103e+18	5.41e-11	2.42e-05	1.32e-01	8.65e-01	2.88e-03	0.00e+00	0.00e+00	6.69e-12	2.21e-11	2.53e-11	1.71e-05	7.17e-06	2.63e-35
 2.43769e+18	6.03e-11	2.61e-05	1.36e-01	8.61e-01	2.57e-03	0.00e+00	0.00e+00	7.51e-12	2.48e-11	2.80e-11	1.86e-05	7.44e-06	3.42e-35
 2.68381e+18	6.73e-11	2.80e-05	1.41e-01	8.57e-01	2.29e-03	0.00e+00	0.00e+00	8.43e-12	2.79e-11	3.10e-11	2.03e-05	7.72e-06	4.46e-35
 2.93978e+18	7.51e-11	3.01e-05	1.46e-01	8.52e-01	2.04e-03	0.00e+00	0.00e+00	9.47e-12	3.13e-11	3.43e-11	2.21e-05	8.00e-06	5.80e-35
 3.20598e+18	8.37e-11	3.24e-05	1.50e-01	8.48e-01	1.81e-03	0.00e+00	0.00e+00	1.06e-11	3.52e-11	3.79e-11	2.41e-05	8.28e-06	7.55e-35
 3.48284e+18	9.34e-11	3.48e-05	1.56e-01	8.43e-01	1.61e-03	0.00e+00	0.00e+00	1.20e-11	3.96e-11	4.19e-11	2.62e-05	8.57e-06	9.82e-35
 3.77076e+18	1.04e-10	3.74e-05	1.61e-01	8.38e-01	1.43e-03	0.00e+00	0.00e+00	1.35e-11	4.45e-11	4.63e-11	2.85e-05	8.86e-06	1.28e-34
 4.07021e+18	1.16e-10	4.02e-05	1.66e-01	8.33e-01	1.26e-03	0.00e+00	0.00e+00	1.51e-11	5.01e-11	5.12e-11	3.10e-05	9.16e-06	1.66e-34
 4.38163e+18	1.30e-10	4.32e-05	1.72e-01	8.27e-01	1.12e-03	0.00e+00	0.00e+00	1.71e-11	5.63e-11	5.66e-11	3.37e-05	9.46e-06	2.17e-34
 4.70551e+18	1.45e-10	4.64e-05	1.77e-01	8.22e-01	9.89e-04	0.00e+00	0.00e+00	1.92e-11	6.34e-11	6.25e-11	3.67e-05	9.77e-06	2.83e-34
 5.04234e+18	1.62e-10	4.99e-05	1.83e-01	8.16e-01	8.74e-04	0.00e+00	0.00e+00	2.17e-11	7.13e-11	6.91e-11	3.98e-05	1.01e-05	3.69e-34
 5.39265e+18	1.81e-10	5.36e-05	1.89e-01	8.10e-01	7.73e-04	0.00e+00	0.00e+00	2.44e-11	8.03e-11	7.63e-11	4.32e-05	1.04e-05	4.81e-34
 5.75697e+18	2.02e-10	5.76e-05	1.95e-01	8.04e-01	6.83e-04	0.00e+00	0.00e+00	2.76e-11	9.03e-11	8.43e-11	4.69e-05	1.07e-05	6.29e-34
 6.13587e+18	2.26e-10	6.19e-05	2.02e-01	7.98e-01	6.04e-04	0.00e+00	0.00e+00	3.11e-11	1.02e-10	9.31e-11	5.09e-05	1.10e-05	8.22e-34
 6.52991e+18	2.52e-10	6.65e-05	2.08e-01	7.91e-01	5.35e-04	0.00e+00	0.00e+00	3.52e-11	1.14e-10	1.03e-10	5.51e-05	1.14e-05	1.08e-33
 6.93972e+18	2.82e-10	7.14e-05	2.15e-01	7.85e-01	4.74e-04	0.00e+00	0.00e+00	3.97e-11	1.29e-10	1.13e-10	5.97e-05	1.17e-05	1.41e-33
 7.36593e+18	3.15e-10	7.67e-05	2.22e-01	7.78e-01	4.20e-04	0.00e+00	0.00e+00	4.49e-11	1.45e-10	1.25e-10	6.46e-05	1.20e-05	1.84e-33
 7.80918e+18	3.51e-10	8.23e-05	2.29e-01	7.71e-01	3.72e-04	0.00e+00	0.00e+00	5.08e-11	1.63e-10	1.38e-10	6.99e-05	1.24e-05	2.42e-33
 8.27016e+18	3.92e-10	8.83e-05	2.36e-01	7.64e-01	3.31e-04	0.00e+00	0.00e+00	5.74e-11	1.83e-10	1.52e-10	7.56e-05	1.27e-05	3.18e-33
 8.74958e+18	4.38e-10	9.48e-05	2.43e-01	7.57e-01	2.94e-04	0.00e+00	0.00e+00	6.50e-11	2.05e-10	1.67e-10	8.17e-05	1.31e-05	4.17e-33
 9.24818e+18	4.88e-10	1.02e-04	2.51e-01	7.49e-01	2.61e-04	0.00e+00	0.00e+00	7.35e-11	2.31e-10	1.84e-10	8.82e-05	1.34e-05	5.48e-33
 9.76672e+18	5.45e-10	1.09e-04	2.58e-01	7.42e-01	2.33e-04	0.00e+00	0.00e+00	8.32e-11	2.59e-10	2.03e-10	9.52e-05	1.38e-05	7.21e-33
 1.03060e+19	6.07e-10	1.17e-04	2.66e-01	7.34e-01	2.07e-04	0.00e+00	0.00e+00	9.42e-11	2.90e-10	2.23e-10	1.03e-04	1.42e-05	9.49e-33
 1.08669e+19	6.77e-10	1.25e-04	2.74e-01	7.26e-01	1.85e-04	0.00e+00	0.00e+00	1.07e-10	3.26e-10	2.45e-10	1.11e-04	1.45e-05	1.25e-32
 1.14501e+19	7.55e-10	1.34e-04	2.82e-01	7.18e-01	1.66e-04	0.00e+00	0.00e+00	1.21e-10	3.65e-10	2.69e-10	1.19e-04	1.49e-05	1.65e-32
 1.20568e+19	8.41e-10	1.44e-04	2.90e-01	7.10e-01	1.48e-04	0.00e+00	0.00e+00	1.37e-10	4.09e-10	2.95e-10	1.29e-04	1.53e-05	2.17e-32
 1.26876e+19	9.37e-10	1.54e-04	2.98e-01	7.01e-01	1.33e-04	0.00e+00	0.00e+00	1.55e-10	4.58e-10	3.24e-10	1.38e-04	1.56e-05	2.86e-32
 1.33438e+19	1.04e-09	1.65e-04	3.07e-01	6.93e-01	1.19e-04	0.00e+00	0.00e+00	1.76e-10	5.13e-10	3.55e-10	1.49e-04	1.60e-05	3.77e-32
 1.40261e+19	1.16e-09	1.76e-04	3.15e-01	6.84e-01	1.07e-04	0.00e+00	0.00e+00	1.99e-10	5.73e-10	3.89e-10	1.60e-04	1.64e-05	4.98e-32
 1.46969e+19	1.29e-09	1.88e-04	3.24e-01	6.76e-01	9.68e-05	0.00e+00	0.00e+00	2.24e-10	6.39e-10	4.25e-10	1.71e-04	1.68e-05	6.53e-32
 1.53104e+19	1.41e-09	1.99e-04	3.31e-01	6.68e-01	8.86e-05	0.00e+00	0.00e+00	2.50e-10	7.02e-10	4.60e-10	1.82e-04	1.71e-05	8.32e-32
 1.58625e+19	1.53e-09	2.10e-04	3.38e-01	6.62e-01	8.21e-05	0.00e+00	0.00e+00	2.74e-10	7.64e-10	4.94e-10	1.92e-04	1.75e-05	1.03e-31
 1.63594e+19	1.65e-09	2.20e-04	3.44e-01	6.55e-01	7.67e-05	0.00e+00	0.00e+00	2.98e-10	8.23e-10	5.26e-10	2.02e-04	1.78e-05	1.25e-31
 1.68067e+19	1.76e-09	2.29e-04	3.50e-01	6.50e-01	7.23e-05	0.00e+00	0.00e+00	3.22e-10	8.80e-10	5.56e-10	2.11e-04	1.81e-05	1.47e-31
 1.72092e+19	1.86e-09	2.37e-04	3.55e-01	6.45e-01	6.86e-05	0.00e+00	0.00e+00	3.44e-10	9.33e-10	5.84e-10	2.19e-04	1.84e-05	1.71e-31
 1.75714e+19	1.96e-09	2.44e-04	3.59e-01	6.41e-01	6.55e-05	0.00e+00	0.00e+00	3.64e-10	9.82e-10	6.09e-10	2.26e-04	1.86e-05	1.95e-31
 1.78975e+19	2.04e-09	2.51e-04	3.63e-01	6.37e-01	6.29e-05	0.00e+00	0.00e+00	3.83e-10	1.03e-09	6.33e-10	2.32e-04	1.88e-05	2.19e-31
 1.81909e+19	2.13e-09	2.57e-04	3.66e-01	6.33e-01	6.07e-05	0.00e+00	0.00e+00	4.01e-10	1.07e-09	6.54e-10	2.38e-04	1.90e-05	2.43e-31
 1.84550e+19	2.20e-09	2.63e-04	3.70e-01	6.30e-01	5.89e-05	0.00e+00	0.00e+00	4.18e-10	1.11e-09	6.74e-10	2.44e-04	1.92e-05	2.66e-31
 1.86926e+19	2.27e-09	2.68e-04	3.72e-01	6.27e-01	5.72e-05	0.00e+00	0.00e+00	4.33e-10	1.14e-09	6.92e-10	2.49e-04	1.93e-05	2.89e-31
 1.89094e+19	2.33e-09	2.73e-04	3.75e-01	6.25e-01	5.58e-05	0.00e+00	0.00e+00	4.47e-10	1.18e-09	7.08e-10	2.53e-04	1.95e-05	3.10e-31
 1.91177e+19	2.39e-09	2.77e-04	3.77e-01	6.23e-01	5.45e-05	0.00e+00	0.00e+00	4.61e-10	1.21e-09	7.23e-10	2.57e-04	1.96e-05	3.32e-31
 1.93260e+19	2.45e-09	2.81e-04	3.79e-01	6.20e-01	5.33e-05	0.00e+00	0.00e+00	4.74e-10	1.24e-09	7.39e-10	2.62e-04	1.97e-05	3.54e-31
 1.95343e+19	2.51e-09	2.86e-04	3.81e-01	6.18e-01	5.20e-05	0.00e+00	0.00e+00	4.88e-10	1.27e-09	7.54e-10	2.66e-04	1.98e-05	3.78e-31
 1.97427e+19	2.57e-09	2.90e-04	3.84e-01	6.16e-01	5.09e-05	0.00e+00	0.00e+00	5.03e-10	1.30e-09	7.69e-10	2.70e-04	1.99e-05	4.03e-31
 1.99510e+19	2.63e-09	2.94e-04	3.86e-01	6.14e-01	4.98e-05	0.00e+00	0.00e+00	5.17e-10	1.33e-09	7.84e-10	2.74e-04	2.00e-05	4.29e-31
 2.01593e+19	2.70e-09	2.98e-04	3.88e-01	6.12e-01	4.87e-05	0.00e+00	0.00e+00	5.32e-10	1.36e-09	8.00e-10	2.78e-04	2.01e-05	4.57e-31
 2.03676e+19	2.76e-09	3.03e-04	3.90e-01	6.10e-01	4.77e-05	0.00e+00	0.00e+00	5.47e-10	1.40e-09	8.15e-10	2.83e-04	2.02e-05	4.86e-31
 2.05759e+19	2.82e-09	3.07e-04	3.92e-01	6.08e-01	4.67e-05	0.00e+00	0.00e+00	5.62e-10	1.43e-09	8.31e-10	2.87e-04	2.02e-05	5.17e-31
 2.07559e+19	2.88e-09	3.11e-04	3.94e-01	6.06e-01	4.58e-05	0.00e+00	0.00e+00	5.76e-10	1.46e-09	8.46e-10	2.91e-04	2.03e-05	5.47e-31
